moneyness,4,11,18,25,53
-0.5249890535423857,,,,133.01,
-0.5249628622751972,,,,132.98,
-0.5249622175306585,,,,133.01,
-0.524949967051887,,,,133.0,
-0.5249442445722758,,,,132.96,
-0.512245681850052,,,,126.27,
-0.5104717094607636,,,,125.6,
-0.5103129834566237,,,,125.6,
-0.5103104142284206,,,,125.61,
-0.5100939884683123,,,,125.52,
-0.5080956908479798,,,,128.67,
-0.49082345049938336,,,,,106.68
-0.48542509461746075,,,,,108.56000000000002
-0.4794871074161636,,,,,106.29
-0.4761594032966686,,,,,105.47
-0.47614943291429945,,,,,105.47
-0.4733165485169384,,,,,104.67
-0.4470648387321404,,,,113.56,
-0.44498019273062805,,,,117.37000000000002,
-0.4449682556531718,,,,117.37000000000002,
-0.44172157712956617,,,,116.48,
-0.4416751142385059,,,,116.47,
-0.44125377066400706,,,,116.61000000000001,
-0.440107415392357,,,,115.91000000000001,
-0.43995043561355185,,,,116.1,
-0.3905605962213403,,,,110.97,
-0.38983381785047944,,,,111.79,
-0.38896968067555504,,,,110.46,
-0.3888503902360022,,,,110.46,
-0.3886327467660795,,,,110.38,
-0.3885491562318051,,,,110.37,
-0.388401025447614,,,,110.41,
-0.38733416667556486,,134.07,,,
-0.37910052362522506,,,,108.94,
-0.3788147889704425,,,,105.68000000000002,
-0.3784611942246614,,,,105.55999999999999,
-0.37727316915717035,,,,105.22999999999999,
-0.37631471990813803,,,,104.3,
-0.3758032198844127,,,,104.75,
-0.37575451338156907,,,,104.83,
-0.3743296855016025,,,,104.28,
-0.3738351812442764,,,,104.05,
-0.37107973031898833,,,,103.17,
-0.37100248052160667,,,,103.13999999999999,
-0.3695726332881061,,,,105.64,
-0.36918809777093853,,,,105.29,
-0.3691756071421938,,,,105.29,
-0.36916797987786043,,,,105.29,
-0.3678657726181578,,,,104.96,
-0.3231710855980452,,112.62999999999998,,,
-0.3231508141818856,,112.63,,,
-0.32312733447036657,,112.62999999999998,,,
-0.3231227528733016,,112.64,,,
-0.32307555881381855,,112.64000000000001,,,
-0.32303981524402636,,112.61000000000001,,,
-0.32301140099574865,,112.6,,,
-0.32299547422474517,,120.19500000000001,,,
-0.3229793175259159,,120.19999999999999,,,
-0.32294539740820116,,120.19,,,
-0.3229435637914957,,120.19,,,
-0.32293107201338966,,,,98.74,
-0.322836623839469,,112.4,,,
-0.32262000421669046,,,103.1,,
-0.32230336886383815,,112.31,,,
-0.3221649847038056,,,,,87.29
-0.32194391221750274,,,,,85.69
-0.3210116180004573,,,106.15000000000002,,
-0.32081689427224513,,,,,86.17
-0.32071066570864226,,,,,86.14
-0.32068240170019613,,,,,85.50999999999999
-0.3205843246574217,,,,,85.46
-0.3205813242073817,,,102.57,,
-0.32057797752030326,,,,,85.46
-0.32057036079921997,,,102.57,,
-0.3205165772721289,,,,,85.44999999999999
-0.3203935125444314,,,,,85.41
-0.320355175588789,,,,,85.4
-0.32034593712146453,,,,,85.38999999999999
-0.31982621559808533,,110.53,,,
-0.3187730148279272,,,,,85.00000000000001
-0.31865477242302886,,,,,85.05
-0.3185910507155646,,,,,85.0
-0.31799573951938487,,,,,84.96999999999998
-0.31799062305307635,,,,,84.98
-0.3179706215845247,,,,,84.97
-0.3179646906910194,,112.35,,,
-0.3111853002810191,151.38,,,,
-0.3110807833562629,,,100.99,,
-0.3106873446677013,160.9,,,,
-0.31059847980070776,,,100.88000000000001,,
-0.3099188809644573,,113.37,,,
-0.30956022611212153,,113.27,,,
-0.30879294858214423,,,,,83.85
-0.3077091090596994,,,,96.37,
-0.3072481071853439,,,,96.18000000000002,
-0.3072059929452786,,,,96.18000000000002,
-0.30704984962115545,,,,94.1,
-0.3070491293505405,,,,96.15,
-0.30701647551004885,,,,96.11,
-0.30698405872755696,,,,96.06,
-0.30606600665448,,,,,84.95
-0.3058515327492305,,,99.23000000000002,,
-0.30515783079307723,,104.29000000000002,,,
-0.30482586409276125,,,,93.97,
-0.30476291285568113,,,,,86.31
-0.3047290763864615,,,,,86.3
-0.3046340749816554,,,,,86.28
-0.30452913231837475,,,,,86.27
-0.3041623097079621,155.24,,,,
-0.30356588197113143,,,,93.6,
-0.30354769322808084,,,,97.14,
-0.30353338408253405,,,,97.14,
-0.30352356136262126,,,,97.13000000000001,
-0.3019382382875707,,108.97,,,
-0.3015446514646697,,108.98,,,
-0.3015319673976077,,,,92.62,
-0.3014140079065962,,109.3,,,
-0.30116869054037476,,,,92.8,
-0.301098847337274,,109.15,,,
-0.30091147162329757,,,,,86.22
-0.29992285149823505,,,,94.17,
-0.2998104762006456,,,,,84.18
-0.2994463875077279,,,,94.16,
-0.2986783418020845,,,,93.91,
-0.2983778144258432,,,,93.8,
-0.29837756828891127,,,,93.79,
-0.29832796817356,,,,93.78,
-0.25487228849719257,,,,89.83999999999999,
-0.25408633543805303,,,,86.6,
-0.2524437867459982,,,,90.10999999999999,
-0.2422669032171626,,,,84.37,
-0.23911773503272726,125.98999999999998,,,,
-0.23763830511747996,,,,,78.03
-0.2373054578082463,,97.83000000000001,,,
-0.23722323492609032,,97.71000000000001,,,
-0.2372020299240558,,97.69999999999999,,,
-0.23715651276779626,,97.69999999999999,,,
-0.2371235352983787,,,,,78.35
-0.23711862076471568,,97.67,,,
-0.2371142234967124,,97.69,,,
-0.23710633415352877,,97.69,,,
-0.23710025536797452,,97.67,,,
-0.23709663391776825,,97.68,,,
-0.2370871921180595,,97.68,,,
-0.23686556606853326,,,,,78.54
-0.23684776500461358,,,,84.92,
-0.23682738629660816,,97.64999999999999,,,
-0.2367771643727581,,,,,78.53
-0.23673470356980875,,97.55,,,
-0.23671683755163186,,97.55,,,
-0.23671657861768358,,97.55,,,
-0.23669884122402973,,97.59,,,
-0.23665947939158716,,97.58,,,
-0.23664976778885938,,97.57,,,
-0.23662076099749574,,97.57,,,
-0.23661998399955486,,97.56,,,
-0.23661700549279507,,97.56,,,
-0.23657854181751314,,97.55,,,
-0.2361655578902485,,102.95,,,
-0.2359190060562757,,,,,78.7
-0.23587631995998026,,,,,78.79
-0.23579949892222252,,97.02,,,78.68
-0.23579638423003002,,97.02,,,78.68
-0.23520517446273592,,,,85.92083333333335,
-0.2349804996529361,,95.47,,,
-0.2327200891272344,,92.97999999999999,,,
-0.2324180558300727,,,,82.29,
-0.23237466815469676,,,,82.29,
-0.23221995920994043,,,,82.2,
-0.23220562370990916,,,,82.12,
-0.23220388197717268,,,,82.12,
-0.2316851641373684,,,,82.06,
-0.23166101442748532,,,,82.03,
-0.23165900188313393,,,,82.03,
-0.2302952972092257,,,,84.1,
-0.23027886996541147,,,,84.13999999999999,
-0.22991985390879566,,,,81.68,
-0.22963266959768092,,,,83.94,
-0.22960366960782974,,,,83.94,
-0.2293583637736779,,,,83.86,
-0.22928047551993358,,,,83.8,
-0.22916084522513325,,,,83.8,
-0.22859540723237382,,,,86.25,
-0.22838491317138188,,,,82.6,
-0.22823793214071542,,,,82.54,
-0.22755480241195147,117.77,,,,
-0.2261161382988932,,93.49,,,
-0.22491288451425895,115.17,,,,
-0.22373226422290682,114.49,,,,
-0.2237140521384694,114.2,,,,
-0.2221612819196921,113.47999999999999,,,,
-0.22134555888514962,,91.74,,,
-0.2198956428397948,111.9,,,,
-0.21969760681256,111.55,,,,
-0.2194734776220444,111.2,,,,
-0.21943854735085244,111.66,,,,
-0.21914503669497754,111.24,,,,
-0.21881211528666644,110.91,,,,
-0.218551110404141,110.83,,,,
-0.21840438819040298,,,,,78.54
-0.21667295939389286,,,85.62999999999998,,
-0.21660286622379776,,,85.6,,
-0.21631172263565168,,,85.53,,
-0.21611636874443452,,,85.44,,
-0.21610517151096253,,,85.46,,
-0.21406577745486555,,92.67,,,
-0.21383194557201324,,,,,75.95999999999998
-0.21382246853455467,,,84.7,,
-0.213797470035201,,,84.65999999999998,,
-0.21302103909554082,116.27,,,,
-0.2123446940650522,116.15,,,,
-0.21229864384083186,116.04,,,,
-0.21053157891228091,116.87,,,,
-0.1935589907215456,,89.22,,,
-0.18904247711030153,100.41,,,,
-0.18834833451614652,,,,78.93,
-0.18772462375573795,,89.87,,,
-0.1876824224122482,102.24,,,,
-0.1876762361790727,102.24,,,,
-0.18766826267288284,102.25,,,,
-0.1874834534390779,,89.85,,,
-0.18744315276119516,100.16,,,,
-0.1873592374991726,110.72999999999999,,,,
-0.18674461493628236,99.97,,,,
-0.18669321661477312,,,,79.42,
-0.18667723082574628,,,,79.41,
-0.18659522487337576,99.19,,,,
-0.18657027524428316,101.47,,,,
-0.18646177480482284,99.99,,,,
-0.18632041888224837,101.48,,,,
-0.1862828995995155,99.97,,,,
-0.1862217854192305,,87.67,,,
-0.18603328072508152,100.72,,,,
-0.1859420329673125,98.86,,,,
-0.18594037623800663,,,,79.95,
-0.1856915141591281,,,,79.11,
-0.1849858085653916,100.57,,,,
-0.1848655342297888,,,,79.28,
-0.18481555942541716,,,,79.25,
-0.18475214766856107,99.82,,,,
-0.1846525796148537,100.32,,,,
-0.18422633640296493,,,,79.83,
-0.1841459155030123,100.16,,,,
-0.18283045059750413,106.61,,,,
-0.18251286009456957,102.16,,,,
-0.18211879962984068,101.56,,,,
-0.1819204417629614,,86.6,,,
-0.17691380401288814,103.01000000000002,,,,
-0.17651404326629527,102.82,,,,
-0.1763129571463088,,,,78.86,
-0.17624948794466866,102.66,,,,
-0.1750381673747876,,,,78.58999999999999,
-0.17455511099998178,,,,78.57,
-0.17267882116384103,,,,76.12,
-0.17266384832308446,,,,75.93,
-0.17230262478357006,89.22,,,,
-0.17227051027453721,,,,75.87,
-0.16990188759122649,97.86,,,,
-0.16987662118339975,97.84,,,,
-0.16931433301392307,97.43,,,,
-0.16918866946430844,97.34,,,,
-0.1680578588027798,105.12,,,,
-0.16776028167153267,,,,76.75,
-0.167503065930115,,,,76.72,
-0.16747028909594208,,,,76.73,
-0.166903144680286,95.72,,,,
-0.16680032578107262,95.56999999999998,,,,
-0.16666507522844232,95.47,,,,
-0.16661038393044258,95.20999999999998,,,,
-0.16553390792118672,,,,73.71,
-0.16483263332968534,,81.31,,,
-0.16457084178190073,,81.23,,,
-0.1643264906761469,,,,76.12,
-0.1640805408398901,,80.93,,,
-0.16388163769110098,,,,75.01,
-0.16361735493988505,,,,74.06,
-0.16157615298999406,,,,73.3,
-0.16019506569111652,,,,74.6,
-0.16018683743334206,,,,74.61500000000001,
-0.1599074217978821,97.31,,,74.42,
-0.15977257144077472,,,,75.27,
-0.1592150642035639,,,,76.5,
-0.15920136741884283,,82.05,,,
-0.15909825901805807,,,,76.51,
-0.15899689354477553,,,,76.53,
-0.15883064842590922,,,,75.91,
-0.1566019704237881,,82.79999999999998,,,
-0.15561222335745462,,,,75.57,
-0.15541467872396675,,,,,75.89
-0.1553173700704955,,,,,75.83
-0.1549591895991025,,,,,75.72
-0.15484806196518786,,,,,75.68
-0.15470832534532697,,,,,75.66
-0.15460685160712617,93.15,,,,75.64
-0.1543170171205137,,,,,75.6
-0.1542414873982827,98.8,,,,
-0.1539326479623736,,,,75.7,
-0.15380406536220492,,,,,75.49
-0.15377026656744341,,,,75.04,
-0.1537602409820037,,,,,75.47
-0.1536992230112567,,,,74.8,
-0.15369334992545725,,82.68,,74.8,
-0.15368991198375082,,,,74.81,
-0.1536869037618448,,82.70999999999998,,74.8,
-0.1536635535026819,,82.78,,,
-0.1536599720606231,,82.76999999999997,,,
-0.15365954228553902,,82.69999999999999,,,
-0.15364349703673663,,82.76999999999998,,,
-0.1536354741841892,,85.35,,,
-0.15355638364075042,,,,,75.4
-0.15307507430495837,,82.71,,,
-0.1530258659124757,,,,,74.53
-0.1529833957641039,,81.11,,,
-0.15297966507460725,,81.11,,,
-0.15288610011463144,,,,74.79,
-0.15263012593102643,93.67999999999999,,,,
-0.15260700455050036,93.6,,,,
-0.15256779584748048,,82.44,,,
-0.15254797468287917,,82.42,,,
-0.15251895942209936,,,,,72.9
-0.1524929589115026,93.56,,,,
-0.1524780186698922,,82.42,,,
-0.15246954272172197,,,77.27,,
-0.15241092474510876,92.45,,,,
-0.15234496982856693,92.45999999999998,,,,
-0.15223243480709814,,,,73.86,
-0.15218830372548808,92.22000000000001,,,,
-0.15204466621679813,,82.23999999999998,,,
-0.15204294054549072,,,,,74.3
-0.15201058290792535,,82.24,,,
-0.1519024185707588,,,,,74.24
-0.1518109176184479,,,,,74.43
-0.15165319039481384,,,,,74.37999999999998
-0.15164973585766173,,,,,74.37
-0.15162483357000178,,,,,74.34
-0.15134677871604874,,,,,74.22
-0.15118253853461516,,,,,74.21
-0.1511403156569623,,,,,74.19
-0.15109419713460337,,,,,74.17
-0.1510730097585855,92.89,,,,
-0.15087939175792586,,,,,74.56
-0.15085487685272847,,,,,73.76
-0.15079603530446595,,,,74.16,
-0.1507782947084656,,,,74.16,
-0.1507627169886182,,,,,74.11
-0.15073415635120058,93.27,,,,
-0.1506487514706517,93.11,,,,
-0.15049261234395395,,,,,73.83000000000001
-0.1504791892037458,92.92,,,,
-0.15040889120883894,,,,74.95,
-0.15016990653058737,,82.04,,,
-0.15016932876124434,,82.04,,,
-0.15016788433444972,,82.04,,,
-0.15016701767601603,,82.04,,,
-0.15016398435757827,,82.04,,,
-0.15015733987009638,,84.44,,,
-0.15005216979781777,92.76999999999998,,,,
-0.14999856349757235,,81.91,,,
-0.14946371986464912,,79.48,,,
-0.14924939124540182,,,,,74.99
-0.1491916299514494,,,,74.51,
-0.1486433035091731,,,,,73.53
-0.14864257870033137,,,,,73.54
-0.14862228355168894,,,,,73.53
-0.14856139229965737,,,,,73.52
-0.14855283783081918,,,,,73.52
-0.14854935799770141,,,,,73.54
-0.1485450081663049,,,,,73.51
-0.14854326822130182,,,,,73.52
-0.14853688836211698,,,,,73.52
-0.14853630837017762,,,,,73.52
-0.14853021840710778,,,,,73.51
-0.14852659338773,,,,,73.52
-0.14714539328878473,,,,,73.23999999999998
-0.14707672488379775,,,,,73.21
-0.14699858657665799,,,,,73.17
-0.1468930698711638,,,,,73.16
-0.14687225452827413,,,,,73.15
-0.14683003847625897,,,,,73.14
-0.14682552547869065,,,,,73.15
-0.1465807330359451,,,,,73.11
-0.14240222399116054,,,75.51,,
-0.14086601393102938,,,,73.28,
-0.13990569237935802,,79.235,,,
-0.13982253506685471,,79.24,,,
-0.1387450688848919,,,75.69,,
-0.13859520728155805,,,75.69,,
-0.13782281638109062,,,,72.71,
-0.13772721103557406,,79.47,,,
-0.13765091971254118,,,,,76.08
-0.13721879372143764,,,75.18,,
-0.13686729783533214,,,,76.24,
-0.1368333245865777,,,,72.48,
-0.13556740750268714,,,74.58,,
-0.13533839137316728,,,,72.68,
-0.13508890680600272,,,,71.72,
-0.13491067952766123,91.27,,,,
-0.13393744083710146,94.71999999999997,,,,
-0.1339146382803147,94.71,,,,
-0.13391028765610835,94.80999999999999,,,,
-0.13387788163159398,94.7,,,,
-0.13381801412534933,94.7,,,,
-0.13376068960965004,94.67,,,,
-0.13375648751422586,94.65,,,,
-0.13372361971852953,94.65,,,,
-0.1337228692831124,94.62999999999998,,,,
-0.1336631304528325,94.59,,,,
-0.13365352343978365,94.50999999999999,,,,
-0.1334714002235644,,,73.81,,
-0.13337392609863485,90.40000000000002,,,,
-0.13310512036662026,,,73.63,,
-0.13268783336227263,,,,71.65,
-0.13267880650359054,,,73.47,,
-0.1326309610154046,,,76.07999999999998,,
-0.1325670083311734,,,76.04,,
-0.13255542060045555,,,,,72.56
-0.13245427817159527,,80.7,,,
-0.13232841924641336,,,,75.88,
-0.1321374534587012,,80.26999999999998,,,
-0.132107174349254,,80.32,,,
-0.13209888865262687,,,,,73.82
-0.13209527302633695,,80.29999999999998,,,
-0.13172496381029652,,,,,74.89
-0.13141077477985175,,80.09,,,
-0.1308578658840679,,,72.86,,
-0.13083384324414526,,,,,74.38
-0.12979052491557663,,77.44777777777777,,,
-0.12920491706634707,,,,71.43,
-0.12907052839116862,,,74.0,,
-0.12874135885679716,,,,72.65,
-0.1283425014269034,,,,72.33,
-0.12727003609087495,,,,72.03,
-0.12726820810883044,,,,72.03,
-0.1271970631926782,,,,72.03,
-0.12711158254844657,,,,72.03,
-0.12711021106475096,,,,72.03,
-0.12703553489151664,,,,71.99999999999999,
-0.12664792802461033,84.56,,,,
-0.12652983931293538,,,,,74.46
-0.1259182883941703,86.54,,,,
-0.12553733544580192,,,73.06,,
-0.12513997760358342,,76.26,,,
-0.12497217411513684,,,,,72.90999999999998
-0.1229888819546543,86.16,,,,
-0.12168400579548033,,,,73.74,
-0.12165083266622712,,,,73.7,
-0.12162506390177663,,,,73.75,
-0.12142102066980054,,,,73.68,
-0.12130321277906309,,,,73.62,
-0.1211370237024072,,,,73.62,
-0.12107430033559141,,,,73.58,
-0.12103768181775032,,,,73.48,
-0.12097077175074322,,,,73.55000000000001,
-0.1209590266695757,,78.26,,,
-0.1208601082713524,,,,73.45,
-0.12065791022323114,86.78,,,,
-0.1206170454315616,,,,73.42,
-0.12060928247636427,86.8,,,,
-0.12060184656700712,86.77,,,,
-0.12058771799277535,86.74,,,,
-0.12055981644324487,,,,73.33,
-0.12007491546796623,89.08,,,,
-0.1200594298323544,,77.15,,,
-0.12002473407401304,,77.05,,,
-0.11982544107324422,,,73.52,,
-0.11928012667461685,88.95,,,,
-0.11912242910798954,92.11,,,,
-0.11865571946675957,,76.72,,,
-0.11864122952260348,,75.24,,,
-0.11864033322175094,,,,72.7,
-0.11858744824455669,,76.28,,,
-0.11828316166702135,85.81,,,,
-0.11827359326062592,85.72,,,,
-0.1181382677793501,,74.72999999999999,,,
-0.11812929445595022,,74.73999999999998,,,
-0.11812914489901316,,74.72,,,
-0.11812675198111977,85.63,,,,
-0.11811673149639312,,74.66,,,
-0.11808457467169431,85.59,,,,
-0.11788185791723083,85.53,,,,
-0.11785836367815739,,,,70.99,
-0.1178276846030395,85.46,,,,
-0.11755896445544478,91.14999999999999,,,,
-0.11755851520395766,91.11999999999999,,,,
-0.11699674290663953,91.11,,,,
-0.11674206915060303,,,,70.51,
-0.11673381754438417,90.90999999999998,,,,
-0.11665264352738258,81.33,,,,
-0.11654023564590255,90.90999999999998,,,,
-0.11610323914166831,81.02999999999999,,,,
-0.11567122424775089,,,,71.76,
-0.11473826300411194,86.35,,,,
-0.11400309587764379,85.95,,,,
-0.11387023140767683,88.43,,,,
-0.10937584031245828,85.8,,,,
-0.10813777967813032,,,,73.32,
-0.10777311493906949,,,,73.19,
-0.10774601715838728,,,,73.13,
-0.10772825726802515,,,,73.14,
-0.10750436078518333,,,,73.1,
-0.10717842283755175,,,,72.95,
-0.10662391976658137,,,,72.72,
-0.1065094054490211,,,,72.56,
-0.10631146901427191,,,,72.51,
-0.10624910624910633,,,,72.44,
-0.10593224273114321,,,,72.38,
-0.1058982687611344,,,,72.37,
-0.10581247683925343,,,,72.31,
-0.10549853490981198,,,,72.26,
-0.10548576337586923,,,,72.26,
-0.10544082929763865,,,,72.25,
-0.10542682494648037,,,,72.25,
-0.10541559036979886,,,,72.25,
-0.10538065365018456,,,,72.18,
-0.10537449711724134,,,,72.18,
-0.1053644925704823,,,,72.17,
-0.1052381081842837,,,,71.93,
-0.10492268425424744,,,,71.81,
-0.10424549736941024,,,,71.48,
-0.10412558780990577,,74.69,,,
-0.1041184879105097,,74.68,,,
-0.10333634750268827,,72.83,,,
-0.10329923801128327,,72.5,,,
-0.10328671286464552,,74.11,,,
-0.1032500632036254,,72.43,,,
-0.10305857027536103,,72.44,,,
-0.10304108744538687,,72.45,,,
-0.10296789970629106,,72.36,,,
-0.10290831947297929,,72.34999999999998,,,
-0.10289284279283939,,72.39,,,
-0.10282009524254832,,72.29,,,
-0.1027786083785639,87.85,,,,
-0.10276931974903081,87.85999999999999,,,,
-0.10276684274867376,,72.24,,,
-0.10275910203440741,,72.34,,,
-0.10273835626153172,,72.3,,,
-0.10272333820048407,87.85,,,,
-0.10264669181211705,,72.26,,,
-0.10262114010603574,,72.33500000000001,,,
-0.10250544235521897,,72.16,,,
-0.1024783334817696,,72.17,,,
-0.10246346163272946,,72.14,,,
-0.10246129278023319,,72.15,,,
-0.10245741980327594,,72.15,,,
-0.10244796959922231,,72.14,,,
-0.10238522139409578,,72.11,,,
-0.10123421283326928,86.81,,,,
-0.10048670588544628,,71.43,,,
-0.0986467046956866,,,,73.28,
-0.09717363260869949,,75.1,,,
-0.09702908677689392,84.4,,,,
-0.09702030592952038,79.44000000000001,,,,
-0.09691539295555796,,74.82,,,
-0.09678425667168122,81.51999999999998,,,,
-0.09669325457424982,,74.69,,,
-0.0966584178840787,,74.69,,,
-0.09624048206532687,,,,70.52,
-0.09622257535200829,81.53,,,,
-0.09571177830191713,77.6,,,,
-0.09498387853012857,,68.0,,,
-0.09495914871857525,,,69.8,,
-0.0946834064347466,,,69.05,,
-0.09420510749869271,,,,70.44,
-0.09389401313121826,,,69.22,,
-0.09382121998849158,,,69.22,,
-0.09247187971761917,80.98,,,,
-0.09245271460482685,80.98,,,,
-0.09209571546000372,80.43,,,,
-0.09196460268474627,,,,69.46,
-0.09192892457841051,,,,70.09,
-0.09184851963449692,,,,69.46,
-0.09178301159164326,,74.4,,,
-0.09167418073378053,,,71.46,,
-0.09130291260133938,,,,69.75,
-0.09110072247005263,,,,72.07,
-0.09107292024811608,82.07,,,,
-0.09086252145433327,80.43,,,,
-0.09069495911012604,80.96,,,,
-0.0906464594319899,,72.07,,,
-0.08972398155430683,81.2625,,,,
-0.08972334416737604,81.27,,,,
-0.0897190417822461,81.26,,,,
-0.08938269252726427,,,,72.26,
-0.08933708292951859,,,,70.14,
-0.08925191152012257,79.77,,,,
-0.08895959185389712,,,,71.21,
-0.0885958451888903,,,,71.99,
-0.08834002672916907,,,,71.76999999999998,
-0.08827481080387345,,,,71.72,
-0.08812464728154767,,74.84,,,
-0.08807494901549806,,,71.54,,
-0.08801699936313179,79.14,,,,
-0.08783147897074417,,,,70.06,
-0.08728141868919759,76.44,,,,
-0.08726552865580572,78.65,,,,
-0.0872491514927689,,,69.29999999999998,,
-0.08718313844693337,78.48,,,,
-0.08717712060165173,78.67,,,,
-0.08715860365694406,78.63,,,,
-0.08710628922907138,78.68,,,,
-0.08709702941373365,78.48,,,,
-0.0870598992289694,,72.15,,,
-0.0859825046505035,,72.75,,,
-0.08594364131615995,77.61,73.66666666666664,,,
-0.08590650651748655,,67.51,,,
-0.0857102609044289,,73.38,,,
-0.08566737899950683,73.02,,,,
-0.08524252253521991,,73.36,,,
-0.08518518393029517,,73.27,,,
-0.08517619506483054,70.35,,,,
-0.08499188438635241,72.73,,,,
-0.08498738807616568,,73.1,,,
-0.08480501770902293,,72.88,,,
-0.08473474850290574,,72.84,,,
-0.08466446850533849,,69.94,,,
-0.08460566083249688,,68.96,,,
-0.08438634555530611,78.07,,,,
-0.08388399256928125,,69.71,,,
-0.08381125018705515,76.89,,,,
-0.08353711903783623,78.66,,,,
-0.08303507917227959,78.73,,,,
-0.08234601978631917,77.17,,,,
-0.0822015944197857,74.79,,,,
-0.08192446992614089,,69.74,,,
-0.07941400951169908,75.16999999999999,,,,
-0.07923443458600077,,,67.87,,
-0.07546737264434655,77.6,,,,
-0.0732520460964432,73.61,,,,
-0.07302900646733934,78.06,,,,
-0.07290296229822546,77.67,,,,
-0.07237756844049825,76.93,,,,
-0.07229693095209133,76.88,,,,
-0.07214438258167577,,69.52,,,
-0.07187407187407191,,69.34,,,
-0.07009866760355632,76.72,,,,
-0.06985270863964776,,,,,73.81
-0.06960756385367861,,69.95,,,
-0.06934827474937133,72.77999999999999,,,,
-0.06931205408413788,,,,,73.46
-0.06926638053094791,,,,,72.96
-0.06926386048028355,,69.68,,,
-0.06912633952719738,,66.27,,,
-0.06897538201632847,,,,,73.63
-0.0689472172384078,73.31,,,,
-0.0680507637832326,,68.57,,,
-0.06803773273600311,75.48,,,,
-0.06802865523821278,,65.74000000000001,,,
-0.06802328586182849,,,,,73.18
-0.06799406905316674,,67.57,,,
-0.06760222893925338,,,,,71.47
-0.06725166381104353,74.43,,,,
-0.06714155380634235,,,,,71.33
-0.06683177983865862,73.85,,,,
-0.06674646560468167,73.92,,,,
-0.0667406591541595,73.83,,,,
-0.0666869460614189,73.95,,,,
-0.0666531812192972,,68.54,,,
-0.0664651362918467,,69.87,,,
-0.06640761458318833,74.62,,,,
-0.06637354190887912,,,,,72.76
-0.06613380953591519,73.45,,,,
-0.06607993846315818,,,,,72.71
-0.06606185964743672,,,,,72.31
-0.06606122529031488,,,,,73.18
-0.06603997382874194,,71.57,,,
-0.06602769124120766,73.41,,,,
-0.06599215156664251,73.34999999999998,,,,
-0.06596743374379455,73.45,,,,
-0.065948530996498,73.34,,,,
-0.06590975373575558,73.32,,,,
-0.06584803249761839,,,,,73.08
-0.06583359405068478,,,,,73.1
-0.06571616593016794,,,,,73.08
-0.06570537375692098,,,,,73.06
-0.0656582697029312,73.2,,,,
-0.06565553607588925,,68.9949,,,
-0.06391821708757728,67.53,,,,
-0.06349216619710729,72.8,,,,
-0.06336728995883756,,,,,73.48
-0.06331385253222033,77.45,,,,
-0.06275985633844228,70.78,,,,
-0.06272309143084176,,,69.21,,
-0.06226296091512029,,,68.95000000000002,,
-0.0618035194182347,71.33,,,,
-0.06179960734576162,,,68.95,,
-0.06094224012228611,,,68.9,,
-0.06093266460356417,73.23,,,,
-0.06088279749013248,73.29,,,,
-0.06048444553706622,68.82,,,,
-0.05957406716278202,,,68.36,,
-0.05684829439746919,72.82,,,,
-0.05678108028609585,72.43,,,,
-0.05651443585329008,,67.82,,,
-0.05648591674187109,,67.91,,,
-0.05596089020790185,,72.72,,,
-0.05581473917826352,,,,,73.23
-0.055804242341479515,,69.39,,,
-0.05503775124183785,72.85,,,,
-0.05472014990037799,74.77,,,,
-0.053429829401010376,,66.93,,,
-0.05340230875176888,70.86,,,,
-0.05283505917497533,,66.75,,,
-0.052485373165945814,71.49,,,,
-0.05242733429026891,69.06,,,,
-0.05241081916715706,,66.71,,,
-0.052288621438720706,67.25,,,,
-0.05223424775239893,,66.43,,,
-0.05223152088407845,,66.5,,,
-0.05223007724155626,,66.45,,,
-0.05222654831909834,,66.49,,,
-0.052104463504667686,,67.44,,,
-0.05205263613158939,,,66.64,,
-0.05198282870040738,,65.78,66.03,69.36,
-0.05190387358718318,,,69.26,,
-0.051796887997386354,,,,,73.38
-0.051732400238015175,,67.09,,,
-0.05157582401247918,,,,,72.29
-0.05148939031601152,66.95,,,,
-0.051406484686905674,,68.79,,,
-0.05133288576574124,69.72,,,,
-0.05128322414619724,,,67.31,,
-0.051260400557858854,,,,69.34,
-0.051225359390751124,67.69,,,,
-0.0512188301666181,,,,,73.59
-0.05119369152239872,65.60999999999999,,,,
-0.05115303021180506,68.03,,,,
-0.051146155063075516,,,,,73.55
-0.051144681803956815,,,,,73.55
-0.05114222636192578,,,,,73.55
-0.05109737138444381,,,,,73.53
-0.05109147771453837,,,,,73.54
-0.05102222160874159,,,,,73.5
-0.051021651449403516,,68.38,,,
-0.05102052574818561,,68.36,,,
-0.051020043303989016,,68.38,,,
-0.05101649074525405,,,,,73.51
-0.05101485334297273,,,,,73.5
-0.05099373034694288,,,,,73.5
-0.05096703870484265,,65.444,,,
-0.05093166587203768,,,,,73.43
-0.05090729872624977,71.23000000000002,,,,
-0.050883023921199144,,,,,73.42
-0.050870248440752386,,,,,73.41
-0.05086287781481713,,,,,73.41
-0.050861076088843604,,,,,73.41
-0.050843058452881174,,,,,73.41
-0.05083552360226895,,,,,73.47
-0.05082123455275123,,,67.13,,
-0.0508206173497221,,,,,73.44
-0.050818651655104796,,,,,73.41
-0.050728557356590986,,,66.05,,
-0.05053976814181138,,,65.37,,
-0.05053616222918922,,,,,73.22
-0.05051714878240898,,,,,73.24
-0.0504843651892376,,,,,73.25999999999999
-0.05030680270417376,69.21,,,,
-0.05028664384188908,,,,72.22,
-0.050234134246013085,,,,70.94,
-0.050195150974872926,,66.09,,,
-0.05013360888505025,,69.94,,,
-0.05011910827895838,,69.73000000000002,,,
-0.05011669146823294,,69.69,,,
-0.05011330791255619,,69.73,,,
-0.05010750747531467,,69.77,,,
-0.05009139477794533,,,68.42999999999999,,
-0.05007802082398605,,,67.72,,
-0.050062229405561265,,,68.39999999999999,,
-0.050050627212555154,,69.76,,,
-0.05001759163852626,,69.76,,,
-0.05000937267538563,,69.63,,,
-0.049964729940599084,,69.69,,,
-0.049964246422309566,,69.67,,,
-0.049954898305306195,,69.69,,,
-0.04995248065889868,,69.68999999999998,,,
-0.04995054653291331,,69.69,,71.28,
-0.04986850010375099,,,70.62,,
-0.049824972669742396,,69.71,,,
-0.04978885799382937,,69.54,,,
-0.04977450809710893,,69.51,,,
-0.049708234973893206,68.68999999999998,,,,
-0.049701462017331055,69.87,,,,
-0.04965533884114626,,,,68.64000000000001,
-0.049488871127155054,69.71,,,,
-0.049434014340306254,69.88,,,,
-0.0493036233924955,69.72,,,,
-0.0491786856423434,,,,67.61000000000001,
-0.04904596385389748,,,65.81,,
-0.04903805104424108,,,65.84,,
-0.04897102911014761,66.78,,,,
-0.048880897978719084,,66.52,,,
-0.0487669981940162,,,,71.77,
-0.048724177745207875,,,,68.79,
-0.04861719056996161,,65.34,,,
-0.04850646098094902,,,67.26,,
-0.0484762281325819,,,67.27,,
-0.048422871360196185,69.87,,,,
-0.04829931938106147,,,,71.58,
-0.047810942862705375,71.31,,,,
-0.04771589556028155,69.07999999999998,,,,
-0.047640265157357864,69.0,,,,
-0.047624554551895404,68.96,,,,
-0.047563974787657726,68.88,,,,
-0.047540647903671074,68.92,,,,
-0.04689303297528846,,,67.24,,
-0.04688394875980029,68.43,,,,
-0.046747177946087404,,,,69.64,
-0.046742959005180884,,,,69.65,
-0.04674084952072344,,,,69.65,
-0.04673646825394118,,,,69.64,
-0.04665646248601685,68.23,,,,
-0.046634714175128766,,,,69.62,
-0.046622054253674494,,,,69.62,
-0.04661621109960057,,,,69.62,
-0.04659072761812144,68.14,,,,
-0.046574982365893525,,,,69.6,
-0.04655907426334338,,,67.1,,
-0.04655777561929053,,,67.07,,
-0.04652222386432281,,,67.03,,
-0.046500956478728095,,,,69.51,
-0.046399639266606396,,70.05000000000001,,,
-0.046265328304426645,,,,69.47,
-0.046231704041610255,68.64,,,,
-0.04621984564430737,,,,69.47,
-0.0462136726632576,,,,69.48,
-0.04621172328421996,,,,69.47,
-0.04617728294060819,68.6,,,,
-0.04614998882632848,,,,69.46,
-0.04572396577352689,69.46,,,,
-0.045706403054421196,70.78,,,,
-0.04565029559277889,70.71,,,,
-0.04561890506242927,70.71,,,,
-0.04555546416026057,74.1,,,,
-0.045478440047975965,74.13,,,,
-0.04546932884692356,74.07999999999998,,,,
-0.04537307672507063,,68.7,,,
-0.045372425787082005,,68.68,,,
-0.04536445172467696,,68.67,,,
-0.04536005779662966,,68.68,,,
-0.04535891862349617,,68.67,,,
-0.04509644873105478,75.28,,,,
-0.044394040022142756,66.86,,,,
-0.04423616378242168,67.91,,,,
-0.04403825554052376,67.8,,,,
-0.04378258745477526,67.9,,,,
-0.04350563383721795,,66.77,,,
-0.04346021435031733,,66.75,,,
-0.04345024762681715,,66.75,,,
-0.0429040032715281,67.63,,,,
-0.042195302298835835,66.89,,,,
-0.04198692608267229,68.07,,,,
-0.04016860124113064,,71.17,,,
-0.03993838848247244,69.63,,,,
-0.039895760111097744,,,,70.35,
-0.03985164336249436,,,,69.78,
-0.039790399961591616,73.63,,,,
-0.039728526016460486,67.67,,,,
-0.039384367639828444,,66.48,,,
-0.03894861677621775,67.99,,,,
-0.03888899762063869,67.93,,,,
-0.038155160612348915,,,,,74.51
-0.038109237561659404,73.44,,,,
-0.03809645234231385,73.31,,,,
-0.03808770436482567,,68.89,,,
-0.03800761932947039,,71.76,,,
-0.03789487199716057,,71.73,,,
-0.03776993560275288,68.36,,,,
-0.03766643558996463,,68.89000000000001,,,
-0.03739510013103675,,71.11,,,
-0.03729270204260704,,67.91,,,
-0.03712121251199085,,67.88,,,
-0.03711063161165795,71.08,,,,
-0.037086187789202474,71.03,,,,
-0.037036116223087556,71.03,,,,
-0.03660123927487724,68.81,,,,
-0.03623966651789712,71.75,,,,
-0.03542704228515603,,67.02,,,
-0.03542421784530647,67.47,,,,
-0.03530232222024998,,67.57,,,
-0.03511675345734033,,66.9,,,
-0.03476309488647322,,,,,73.97
-0.033537458275999854,,67.13,,,
-0.033530786445338356,,67.23,,,
-0.03208031520995913,,67.07,,,
-0.03149039791908803,67.61,,,,
-0.031394912401777386,67.6,,,,
-0.031191649840830005,71.78,,,,
-0.029868781090756635,75.1,,,,
-0.029823065714068453,76.16,,,,
-0.029822057238073185,,71.4,,,
-0.02937694666252999,68.44,,,,
-0.02922130547198487,,,,71.48,
-0.028873161643888867,73.65,,,,
-0.028773622046561198,,72.45,,,
-0.028769916286904063,,,,68.11,
-0.028753576918467583,,,,71.5,
-0.028634468212063058,,,70.34,,
-0.02854229475310488,70.98,,,,
-0.028244591530422802,74.37,,,,
-0.027599673204033004,,,69.98,,
-0.02730882580021654,,67.1,,,
-0.02583570684404335,66.01,,,,
-0.025606368636774568,65.78,,,,
-0.025449006967343535,68.35,,,,
-0.025059114496012946,65.1,,,,
-0.024686066473566193,71.81,,,,
-0.024193552602850388,,,,68.44,
-0.02351225553149794,69.68,,,,
-0.022596180026613344,,,,68.8,
-0.021807235587071983,67.56999999999998,,,,
-0.02103070781927241,69.35,,,,
-0.020806977449709163,,68.92,,,
-0.02057832485795852,69.79,,,,
-0.02044129119831517,,,68.99,,
-0.020393879353399202,61.94,,,,
-0.020265305398507016,71.01,,,,
-0.020168149281774794,61.44,,,,
-0.020092993174947726,,,65.26,,
-0.02007944705882969,,67.77,,,
-0.019752659934958894,,66.46,,,
-0.019655567815495045,70.36,,,,
-0.019654526255052263,,69.12,,,
-0.01952348503277246,70.38,,,,
-0.019474587148084366,70.18,,,,
-0.01895447610477563,62.58,,,,
-0.0188750912358564,,,70.51,,
-0.018866152669332337,,,,70.23,
-0.01880564116671024,,,70.0297619047619,,
-0.018763276302050436,62.35,,,,
-0.018745347499492415,62.29,,,,
-0.018710152018716175,66.63,,,,
-0.018662999399015723,65.6,,,,
-0.01865353512298218,66.64,67.54,68.35,,
-0.018638757204122114,,66.17,,,
-0.018617870477887433,,,,71.83,
-0.018605831444149512,,,,70.77,
-0.018586224385538586,,,69.99,,
-0.018575157260640185,65.47,,,,
-0.01850211153496628,,,,71.73,
-0.018493166171034914,,,,71.74,
-0.018486973131256135,71.67,,,,
-0.018479991037706922,60.15899999999999,,,,
-0.018455241474395256,,65.18,,,
-0.018435308032770048,62.55999999999999,,,,
-0.01843397910787492,,,66.89,,
-0.018423347579169636,63.98,,,,
-0.018403246715881894,63.64000000000001,,,,
-0.01838547088641318,,,66.47,,
-0.01832433040833481,62.36999999999998,,,,
-0.018289270883441455,,,66.79,,
-0.01819504638774494,61.79,,,,
-0.01818773367766735,64.57,,,,
-0.018125072582564683,,65.73,65.54,,
-0.01810422928809219,,,,71.75,
-0.018091328679876284,61.94,,,,
-0.01780865320737124,66.18,,,,
-0.017765073453390734,60.23,,,,
-0.017756423576623215,66.11,,,,
-0.01773296833645288,,,65.86,,
-0.017668252680791863,62.76,,,,
-0.017666565158878433,,,,71.66,
-0.017632272744575794,,,68.37999999999998,,
-0.01752248645409127,64.7,,,,
-0.017517826546160187,63.07,,,,
-0.017452916089632065,61.3,,,,
-0.017450585811207175,,,66.43,,
-0.01744939688938507,,,,72.12,
-0.017410802924456514,62.98,,,,
-0.01740747366652029,62.99,,,,
-0.017376843434925293,,,67.05,,
-0.01734870855054016,60.28,,,,
-0.01734571184069611,,,67.05,,
-0.017304392245759526,,,68.16,,
-0.01724397934856825,,,66.4,,
-0.017242813715155902,64.99,,,,
-0.01723420221529448,,,68.13,,
-0.017221498788047684,60.169999999999995,,,,
-0.017192522326251125,,,66.38,,
-0.01717869961897034,,65.13,,,
-0.01715938048505561,,65.13,,,
-0.0171585477466919,,,66.31,,
-0.01715038683605119,61.44,,,,
-0.017144224425965637,,,67.19,,
-0.017133231826920614,,,66.31,,
-0.017111912146073438,65.19,,,,
-0.017107248342597026,,,66.33,,
-0.01710341732806009,64.61,,,,
-0.017079264592263277,,,67.06,,
-0.017078098568086064,62.24,,,,
-0.017073601020345386,61.459999999999994,,,,
-0.01701113082361594,66.05,,,,
-0.016991971705639264,,65.92,,,
-0.01697181217517696,65.49,,,,
-0.0169628150930784,,65.25,,,
-0.01690799597881465,62.330000000000005,,,,
-0.016872001989308716,67.04,,,,
-0.016847504572506722,,67.82,,,
-0.016801803747319544,70.71,,,,
-0.016659888643756227,,,,72.19,
-0.016646813104910563,,,67.91,,
-0.01663630955136075,61.19,,,,
-0.016540266656628666,,,66.58,,
-0.016522596008030077,69.94,,,,
-0.01643486467076427,60.07,,,,
-0.016348958686656312,62.89,65.46,,,
-0.016246185409777514,69.15,,,,
-0.01624551798065743,66.52,,,,
-0.016139719016288967,67.58,,,,
-0.01613838386819777,,,66.97,,
-0.016115852697615285,65.29569194683344,,,,
-0.01604608297276222,62.74,,,,
-0.01603656815270027,60.760000000000005,,,,
-0.016006019328695498,67.28,,,,
-0.01596912450433685,,,66.86,,
-0.01596879060189116,,67.38,,,
-0.015950425618407316,60.87,,,,
-0.015939239337998568,60.89,,,,
-0.015630263938378408,,,65.62,,
-0.015562263310616498,,65.02,,,
-0.015540207035289133,62.01,,,,
-0.015499266631824438,69.82,,,,
-0.015489239891493423,64.85,,,,
-0.015470857003762162,61.96,,,,
-0.015423559691983724,64.84,,,,
-0.015359709469998761,,,66.57,,
-0.01535001420951787,64.76,,,,
-0.015315744948442345,69.51,,,,
-0.015033308856344907,,,66.36999999999999,,
-0.014874043153952132,59.86,,,,
-0.0148708640075087,,,66.34,,
-0.014644494290920518,,,68.32,,
-0.01456506809865088,64.09,,,,
-0.014548325020991904,,66.48,,,
-0.014502446072894193,62.68,,,,
-0.013658785120124417,68.32,,,,
-0.012678568996745243,64.23,,,,
-0.012662938277644975,64.25,,,,
-0.012592677966124843,64.57,,,,
-0.012553173160377962,64.19,,,,
-0.012486259938134014,63.91,,,,
-0.012479870764262269,64.19,,,,
-0.012366365080816566,63.89,,,,
-0.012319105392703644,65.35,,,,
-0.012287988894029933,64.04999999999998,,,,
-0.012285802255530553,66.83,,,,
-0.012201020498532,63.96,,,,
-0.012172420194601963,68.62,,,,
-0.011260886145497695,65.31,,,,
-0.011099892209888162,65.77,,,,
-0.010866653057556186,66.4,,,,
-0.010475650706093798,66.68,,,,
-0.010449651678277494,65.25,,,,
-0.0048448613191262035,,,69.22,,
-0.00477023919832531,,,69.18,,
-0.004715418107898772,,,69.18,,
-0.004502053643608339,,,69.09,,
-0.0015689139514218908,71.01,,,,
-0.0008052131782076977,65.66,,,,
-0.0007384198504346573,65.93,,,,
0.000741584022091013,,,69.18,,
0.0007462461231866335,,,69.16,,
0.0008356978076693444,,,69.36,,
0.0008522774824974988,,,69.38,,
0.000886302077149681,,,69.34,,
0.0009004652806612334,,,69.4,,
0.0009101379426741385,,,69.41,,
0.000923610890601001,,,69.33,,
0.0009353568334546924,,,69.35,,
0.0009443392110626281,,,69.41,,
0.003619953348975802,,71.42,,,
0.0036536453565618743,,71.45,,,
0.003762030866720778,,70.78,,,
0.0052278782273880164,71.05,,,,
0.005276662536944032,71.36,,,,
0.005403349622601139,,71.16,,,
0.005751860207427573,72.82,,,,
0.0057762772058147505,,,70.89,,
0.006061171641494667,63.45,,,,
0.006661146229507198,69.56,,,,
0.0067361060002861795,,70.99,,,
0.006858267165674947,,68.62,,,
0.007563501255372085,,,70.23,,
0.008034381619570485,63.06,,,,
0.008335457212327979,62.14,,,,
0.008503598010465963,63.79,,,,
0.00869828356073965,63.489999999999995,,,,
0.008766353537474014,,66.48,,,
0.008775827922323565,,66.47999999999999,,,
0.008810744321439135,64.21000000000001,,,,
0.00882899304951601,,66.52,,,
0.008896378688212137,,,71.41,,
0.00912281825036887,,,71.45,,
0.009772157099655843,63.6,,,,
0.009774090902997523,63.64000000000001,,,,
0.009920554077240684,63.77,,,,
0.009943591167869137,,,71.36,,
0.010133203478968511,71.37,,,,
0.01028557812111619,,67.03,,,
0.01045894696937233,,,71.09,,
0.010654740476060187,,,71.36,,
0.012857881544873662,66.02,,,,
0.01342065990808261,,,67.85,,
0.013553658928708634,66.86,,,,
0.01355932677292504,66.84,,,,
0.013579696111331696,66.87,,,,
0.013606088906535696,66.87,,,,
0.013925078034208838,,67.66999999999999,,,
0.014154555125892143,,67.77,,,
0.014392710979735934,,67.84999999999998,,,
0.014418560641504374,,,69.56,,
0.014489102442602375,,,,69.69,
0.014492876146482647,,,,69.7,
0.01450471203621917,,68.4,,,
0.014577910224898627,67.04,,,,
0.01483105599995227,,69.71,,,
0.014834855923895551,64.58,,,,
0.01489427338906979,67.43,,,,
0.015034865601771141,,,67.43,,
0.015055128489907643,,,66.21,,
0.0150659471428094,,67.88,,,
0.015155768038937367,,67.86,,,
0.015199816703922675,67.54,,,,
0.015233579865887803,,,,,74.17
0.015245948407231369,,,,69.48,
0.015265360753394575,,67.83,,,
0.01526965562053273,,70.63,,,
0.015463993423855182,61.04,,,,
0.015508744493272442,67.96,,,,
0.015514967640090305,67.21,,,,
0.015537899112741504,,67.85,,,
0.015596171879496135,,66.74,,,
0.015781923530185482,66.91,,,,
0.01579473240376439,66.92,,,,
0.015832271379941476,66.91,,,,
0.015994379098683398,68.28,,,,
0.016044012317163014,,,,71.21,
0.01611886287492892,,,,70.59,
0.016120927874212487,,68.77,,,
0.016201048018653186,,68.43,,,
0.01620140411000892,,68.44,,,
0.016443859349242196,,67.97,,,
0.016508780264007594,66.0,,,,
0.016600406911256194,64.25,,,,
0.016759884264676783,,,71.41,,
0.01685150864823437,,70.16,,,
0.016911578521336068,,,67.02,,
0.016979661932230883,,67.92,,,
0.01698259230896748,63.02,,,,
0.016984833196690197,,68.4,,,
0.01698517794952381,63.25,,,,
0.01698931500176193,,,66.89,,
0.016995175883383062,,66.48,,,
0.017026894767718792,63.05,,,,
0.017086545419779497,,,67.38,,
0.017091890183910552,,66.53,,,
0.01711206286430622,,,71.87,,
0.01713551245575662,63.61,,,,
0.01713602973834516,,,67.02,,
0.017202073803774587,,,67.49,,
0.01720690242697076,63.32000000000001,,,,
0.01722966655381053,63.15999999999999,,,,
0.017264677009987794,67.69,,,,
0.017409228444320357,,,,,72.75
0.017503950883049235,,71.01000000000002,,,
0.017543639478861728,,71.05999999999999,,,
0.017578153818131437,61.88,,,,
0.01762578745155463,,,,70.67,
0.01767635992091976,,71.16,,,
0.01767825864394701,64.34,,,,
0.017704371268380648,71.17,,,,
0.0177238301222169,,70.39,,,
0.01772952684397322,,71.16999999999999,,,
0.017735741522261206,,71.18999999999998,,,
0.01774057521340322,,,67.13,,
0.017811186864535866,64.42,,,,
0.017826898857862483,,,,68.98,
0.01783484136874347,,,72.41,,
0.017841057333290333,,71.57,,,
0.017868166732912805,64.51,,,,
0.017886190846991834,69.52,,,,
0.017964356317385022,64.85499999999999,,,,
0.017967637790826885,64.86,,,,
0.018030335267930298,,71.42,,,
0.018044672139561735,,71.21,,,
0.018060218601283706,61.53,,,,
0.018083366435182935,,71.44999999999999,,,
0.01812828314554804,,,,73.08,
0.018253898215340403,67.72,,,,
0.01832527244019766,64.0,,,,
0.01838663116344552,,,,,75.21
0.01838680401536341,63.77,,,,
0.01840253378550405,62.300000000000004,,,,
0.01847271868052114,64.06,,,,
0.018485512043591168,,,,68.97,
0.018493464836682794,70.14,,,,
0.01860343357636074,63.51,,,,
0.01863265882308207,,,,69.0,
0.018767739293260366,,66.21000000000001,,,
0.018841607657341664,,,,68.95,
0.018865829124992795,,,,68.95,
0.01887655614290007,61.050000000000004,,,,
0.018883822960784613,64.8088888888889,,,,
0.018893858260656593,,,,68.9,
0.018897318754724113,,,,,74.88
0.018938846517071672,64.72,,,,
0.01896514918414005,,,,68.93,
0.018992145438710972,,,,70.71,
0.019011355183201184,,66.41,,,
0.019047526848080976,,66.4,,,
0.01905306532011264,,66.41999999999999,,,
0.019061200060056738,62.69,,,,
0.019071065769997286,,,,68.99,
0.01907573906769522,,66.41,,,
0.01908595123775636,,66.78,,,
0.019086643595677355,,66.78,,,
0.019093913410647367,,,,69.0,
0.019099625480887727,,66.78,,,
0.019103952849457206,,66.78333333333333,,,
0.019106203095637042,,66.78,,,
0.019121435792631924,,,,68.95,
0.019127148171405484,61.68000000000001,,,,
0.01912732127479244,,,,69.57,
0.019169387141173777,,66.8,,,
0.019181505524728193,,66.8,,,
0.019184621727079687,,66.79,,,
0.0191886035689266,,,,69.0,
0.019191027313979703,,66.79,,,
0.019193104818914897,,66.8,,,
0.019203146212165567,,66.79999999999998,,,
0.019209032638130896,,66.8,,,
0.01922045942381434,,66.8,,,
0.0192239221367283,,66.53,,,
0.019229116250215395,,,,,74.64
0.01922928938824331,,66.78999999999999,,,
0.019237600082762096,,66.79,,,
0.01924313465062899,,69.67,,,
0.01925266356202293,,,,68.82,
0.019254568171567676,,66.78,,,
0.019254741318242896,,,67.17,,
0.01930114674776684,,,,,75.68
0.019321580328996335,,,67.3,,
0.01932642909565363,,,,71.11000000000001,
0.01934772958131825,,,,71.13,
0.01944610434812466,62.8,,,,
0.019473126093703552,62.85,,,,
0.01963026167451165,65.07563492063493,,,,
0.020011260924320595,,,,69.66,
0.020014555607708484,,,,69.66,
0.02018486769987593,,68.72,,,
0.020248412898050683,,,69.49,,
0.020323794478640966,,,69.92,,
0.020402239044002624,,,69.98,,
0.020463872262414418,,,,,74.67
0.020585383140950153,,,70.04,,
0.020781060836509768,64.15,,,,
0.0208649482446992,67.6,,,,
0.021335181269121373,,,,,74.62
0.021550806063176386,,68.79,,,
0.02156750339288105,,67.89,,,
0.021786184429000377,67.25,,,,
0.02197466967649553,,67.37,,,
0.02223270957261292,,69.28,,,
0.02244941048123117,,,,,73.52
0.022557446851298346,68.14,,,,
0.022856757094023017,,,,69.44,
0.022938021208233073,67.31,,,,
0.023127978474751565,,,,70.68,
0.02312815293992454,,,,70.7,
0.023136003934298932,67.49,,,,
0.0231639195568063,,,,70.7,
0.023171771100104044,62.79999999999999,,,,
0.023245232487285827,,,,70.72,
0.023323242229139174,,66.24,,,
0.023671376919895737,64.01,,,,
0.023941982082039237,63.260000000000005,,,,
0.029067909734965314,69.65,,,,
0.02912456832512378,69.65,,,,
0.029418021952682505,70.05,,,,
0.02950739786857648,,,,,75.54
0.02971977206123122,70.02,,,,
0.030477399569672547,68.15,,,,
0.030628209118586103,,,,74.27,
0.030735856070793766,68.49,,,,
0.030782250341961914,68.5,,,,
0.030852380908201527,70.0136,,,,
0.030960783282764748,68.75,,,,
0.03345660748232926,,,72.85,,
0.03372635609392027,,,,71.65,
0.03388257196210409,,,,,75.07
0.03388791655559542,,,,,75.06
0.03421600221735921,,,,,75.11
0.03443763573761349,,,,,74.87
0.03457051874055517,,,,,75.2
0.03470450650027246,,,,,75.36
0.034857448386484746,,,,70.96,
0.03487440505501649,,,,,75.0
0.034916888411983926,,,,,75.08
0.035032039416780236,64.4,,,,
0.03518222053832587,,,,,75.26
0.035188471589079784,,,,,75.15
0.03528796275862134,,,,,75.25
0.03535102541165558,,,,,75.36
0.03540087356771693,,,,,75.91
0.0354862876591262,,,,,75.3
0.035838099195654394,,,,,75.71
0.03596579724388205,67.75,,,,
0.03667353578070065,,,,,75.32
0.03670756881189696,,,,70.67,
0.03693313889684835,,68.34,,,
0.038303716296661516,,69.02,,,
0.038766955922867385,,,,73.61,
0.03877253097619682,,,,73.55,
0.038775947973945346,,,,73.545,
0.03880580269996026,,,,73.61,
0.03881515513578959,,,,73.53,
0.03881641413039638,,,,73.61,
0.038933693866412655,,,,73.63,
0.03903840459116448,,,,73.64,
0.03921728925019785,67.77,,,,
0.039389573432786706,,,72.72,,
0.04036458536529541,,70.74,,,
0.04062116758735623,,,,72.42,
0.040662138630072286,,,,72.42,
0.040785071117711125,,,,69.38,
0.040881307263651356,66.12,,,,
0.040943066659911986,,,,,74.25
0.04096112634769766,71.68,,,,
0.04099544148096168,65.02,,,,
0.041117910767866084,,67.82,,,
0.041134169919343266,,,,,74.32
0.041175904066052205,,,,69.97,
0.041232819658475695,71.9,,,,
0.04145783267417724,72.1,,,,
0.04148458767711971,72.1,,,,
0.041762342409572106,72.31,,,,
0.04203101570583878,72.6,,,,
0.042075174608379395,72.6,,,,
0.04219120005016408,,,,73.15,
0.042400871586115496,68.68999999999998,,,,
0.04244379403673504,72.95,,,,
0.042603018300984674,72.97999999999999,,,,
0.042618055642440256,,,,,76.41
0.04263345577904798,72.96,,,,
0.04267929652513236,66.88,,,,
0.042700134560452296,66.87,,,,
0.042737645123011925,,,72.52,,
0.043085879172756414,64.79,,,,
0.043097122251504194,64.77,,,,
0.04309966104476515,64.78,,,,
0.04311126711419622,64.7,,,,
0.04311525676021266,64.69,,,,
0.043121422636812845,64.69,,,,
0.0431254123605147,64.67,,,,
0.043409486574711,,,,72.15,
0.04348098299386871,63.38000000000001,,,,
0.04422828918858257,65.69,,,,
0.04427390678010501,65.69,,,,
0.04427681480951606,65.7,,,,
0.04438551402479196,65.76,,,,
0.044456962454557436,65.7,,,,
0.04459079548374656,65.82,,,,
0.04459716068045738,65.84,,,,
0.04463080658033847,65.84,,,,
0.044659543713604366,,,,72.02,
0.044892045236859746,,,,71.68,
0.04501616117493268,,,,,76.82
0.04504036903858899,,,,,76.84
0.0452719475315293,,,,,76.9
0.04540016088708465,66.02,,,,
0.045469197863758026,,,,,76.95
0.047241043470975796,,,,71.73,
0.04772070978887211,,,,69.63,
0.04824549909588827,,70.78999999999999,,,
0.04845999574674731,,70.91,,,
0.04881080924719572,,69.19999999999999,,,
0.04896075059570815,,68.99,,,
0.04901285268030664,69.3,,,,
0.04911116679171501,,69.77,,,
0.049121741271349384,69.21,,,,
0.04913399065526192,69.19999999999999,,,,
0.04917287102940948,69.2,,,,
0.049184233874672856,69.23,,,,
0.04925401424277709,,69.14,,,
0.049272434493921935,,72.54,,,
0.049312082845558214,,69.32000000000001,,,
0.049500539307857805,,69.1,,,
0.049552239008098686,,69.31,,,
0.04958887603725626,,,,74.08000000000001,
0.04959043965312038,,69.11,,,
0.049789779596635775,,,,72.9,
0.04987482867355153,69.72,,,,
0.04990385505447348,69.75,,,,
0.049919471176560704,69.79,,,,
0.050050848712348994,69.91,,,,
0.05008558197493107,,71.08,,,
0.050158547686737,69.93,,,,
0.05016947533363636,,69.38,,,
0.050186854496086175,68.77,,,,
0.050290904323224916,,,,72.4,
0.05031944957839829,69.62,,,,
0.05034738545665296,,68.6,,,
0.050352367807648735,,,69.32,,
0.05035770609331136,,,68.39,,
0.050483616394897846,70.54,,,,
0.05050090509407146,,,,73.53,
0.050502928276912495,64.74,,,,
0.05054045053477774,,,,73.66,
0.05063206024744482,,,,71.85,
0.05063590585488886,65.57,,,,
0.05068166362223181,66.95,,,,
0.050698578981012155,,,69.37,,
0.050716207144971825,63.43,,,,
0.05075349533150231,68.33,,,,
0.050881400502636565,,,,71.56,
0.05103664422307874,66.23,,,,
0.05104597467784999,70.85,,,,
0.0510539273731907,66.98999999999998,,,,
0.05107966903603378,70.82,,,,
0.05108850725811642,,,,73.28,
0.0510929501839581,65.08,,,,
0.05110471105131498,70.75,,,,
0.05115111558667906,70.84,,,,
0.05115371749836939,,69.37,,,
0.05115535112530556,70.83,,,,
0.05115866591847529,72.14,,,,
0.05117742043773732,66.37,,,,
0.05120691694151347,70.9,,,,
0.05136048590490172,64.05,,,,
0.05137030348504723,67.73,,,,
0.05143430053417952,,,69.14,,
0.05143572700590626,65.12,,,,
0.05145962098272472,70.5,,,,
0.051609607233988664,,,71.55,,
0.051975478451597334,,,,71.68,
0.05216807122336098,,73.12,,,
0.05226550131769936,,,,71.72,
0.05250702930400264,,68.99,,,
0.05251414052747805,,70.42,,,
0.052710755664645115,65.35,,,,
0.05274738115929578,,70.56,,,
0.05274847156203766,68.68,,,,
0.052752582936952175,68.66,,,,
0.05280782147911345,65.54,,,,
0.053160304757413845,,67.77,,,
0.05329552470530996,,,,71.96,
0.0533553360008141,69.13,,,,
0.05338558125816384,,,,72.0,
0.05339908182224695,,,,71.99,
0.05346104090378523,,,,72.04,
0.05346991921992661,,,,72.04,
0.053517141488541586,69.35,,,,
0.05362568402257417,67.4,,,,
0.053773536690550294,,,,71.88,
0.053796116093908,,,,71.88,
0.053875832349432606,69.59,,,,
0.05403325826274252,,,,71.98,
0.054358507197051154,72.14,,,,
0.05487026797107619,67.24,,,,
0.05525935988670749,68.03,,,,
0.05625422608167674,66.2,,,,
0.06274661720895303,70.14,,,,
0.06298057008676672,70.45,,,,
0.06742070183255477,70.35,,,,
0.06745874401082474,,,70.14,,
0.06755009306626203,,,70.14,,
0.06755818105993372,,,70.19,,
0.06780694670420528,66.75,,,,
0.067898355367636,,,70.33,,
0.06806981179920846,66.94999999999999,,,,
0.06817617188401814,,,70.45,,
0.06861526937464113,,69.72,,,
0.0693399706000497,67.85,,,,
0.06977061184839983,66.06,,,,
0.07146498642522991,,70.19,,,
0.07319185779723214,73.59,,,,
0.0737563217403443,73.65,,,,
0.07416130957588818,75.45,,,,
0.07426218546859409,75.53,,,,
0.07552100319048094,71.29,,,,
0.07552734667056638,71.3,,,,
0.07559153197195845,,71.06,,,
0.07581064066952914,,70.27,,,
0.07597531087876996,67.38,,,,
0.07598296684254358,67.38,,,,
0.07601135087845057,74.0,,,,
0.07607540719908323,67.45,,,,
0.07613293365987617,72.84,,,,
0.07613461472037586,72.84,,,,
0.07613779007120547,72.85,,,,
0.07616263316861671,72.89,,,,
0.07616375393689334,72.88,,,,
0.07616431432190729,72.89,,,,
0.07616636907195051,72.89,,,,
0.07634740466600065,74.67,,,,
0.07676538289603352,75.0,,,,
0.0775062404121496,,70.08,,,
0.07765176204753832,,69.94,,,
0.07772200856093692,,70.1,,,
0.07773624630375586,,70.11,,,
0.07780388071979227,,69.37,,,
0.07817142821369427,64.21,,,,
0.07818980279386811,66.4,,,,
0.07908716883554479,,,70.32,,
0.07935148384715673,67.00999999999999,,,,
0.07950784192801486,65.15000000000002,,,,
0.07987655269266347,65.12,,,,
0.08030570625913946,68.08,,,,
0.08035713818970125,,,70.32,,
0.08044393001372163,,,70.33,,
0.08070118681907101,,69.98,,,
0.0807104996090866,68.35,,,,
0.08074115877742494,68.36,,,,
0.08081799683556756,68.61,,,,
0.08091578672276278,,70.06,,,
0.08116070710613155,68.62,,,,
0.08186415336100539,68.87,,,,
0.0819200171431973,,,71.94,,
0.08192077233786854,,,71.94,,
0.08226371012513511,69.18,,,,
0.08261814281932378,,,,73.6,
0.0827987437504325,69.6,,,,
0.08315333188447016,,,71.6,,
0.08318047513034554,62.66,,,,
0.08333540690501073,69.92,,,,
0.08340828363489083,72.64,,,,
0.08359072845910531,,,,72.26,
0.08371880138668586,,,,71.84,
0.08378450096719292,,,,72.35,
0.08382671439794365,67.87,,,,
0.08384445922979222,72.54,,,,
0.08389536412872012,,,,72.23,
0.08391170184298868,,,,72.23,
0.08395493195123249,70.65,,,,
0.0842159670113738,,,,73.41,
0.08433465225737491,70.57,,,,
0.08471671436595418,,70.41,,,
0.08482868775223329,,70.54,,,
0.08482887163558961,,,72.62,,
0.0850698123744753,,,,70.77,
0.08518738473165866,71.19,,,,
0.08523485414867471,69.31,,,,
0.0853078204305695,71.27,,,,
0.08531233253969872,69.19,,,,
0.08532374359362227,69.15,,,,
0.08540548035232254,71.33999999999999,,,,
0.08550948302780492,70.81,,,,
0.0855124704372936,71.44,,,,
0.08552108234593314,70.82,,,,
0.08553084069444794,,70.21,,,
0.08563893074064666,69.39,,,,
0.08572613363817716,71.55,,,,
0.08575459435360111,69.35,,,,
0.0857722775871832,,,,73.0,
0.0858084658384517,71.56,,,,
0.08597235928852509,69.53,,,,
0.08634268646096199,69.54,,,,
0.08645296702666161,69.54,,,,
0.08680959571362301,67.08,,,,
0.08682399123204743,67.22,,,,
0.08689025244554549,,,,70.53,
0.08691664843816871,,,,72.46,
0.08700839832879259,67.17,,,,
0.08702483002498451,,70.87,,,
0.08714595987684004,67.24,,,,
0.08724107311373452,67.24,,,,
0.08739125662671521,69.61,,,,
0.08739384317605992,,,,71.52,
0.0877120826117328,69.78,,,,
0.08778880580335335,66.93,,,,
0.08789679719673571,70.66000000000001,,,,
0.08789864048366614,70.04,,,,
0.0879432093644712,69.85,,,,
0.08801404626133724,69.98,,,,
0.08809432689719876,70.04,,,,
0.0883981687020563,67.32,,,,
0.0884707309370083,67.27,,,,
0.08851904942352706,67.29,,,,
0.08877904318097674,67.68,,,,
0.08895262664731729,71.18,,,,
0.08901803584026413,70.96,,,,
0.08912997234630926,67.71,,,,
0.0891776079379265,71.03,,,,
0.08923210668211556,67.73,,,,
0.08925917271106232,67.79,,,,
0.08934278928263728,70.95,,,,
0.08938450966718126,67.88,,,,
0.08948557895604137,67.79,,,,
0.08950375487255036,67.85,,,,
0.08959798260933516,67.9,,,,
0.0896243247734263,67.89,,,,
0.09000828576610975,67.92,,,,
0.09001107042493395,67.9,,,,
0.09007846350715365,67.90999999999998,,,,
0.09010742838377439,68.02,,,,
0.09011912617413498,68.18,,,,
0.09023091772231684,67.96,,,,
0.09026379102777637,68.25,,,,
0.09026453395024148,68.23,,,,
0.09026546260474633,68.24,,,,
0.09028050702813561,68.27,,,,
0.09032081327029462,68.11,,,,
0.0903338159196232,68.27,,,,
0.09033548771132272,68.28,,,,
0.09047946678280283,68.1,,,,
0.09051272670950228,68.35,,,,
0.09080992637032992,68.54,,,,
0.09081104187112277,68.53,,,,
0.09085082955796664,68.62,,,,
0.09086681981982281,68.65999999999998,,,,
0.0909356204798617,68.51,,,,
0.09100219802849074,68.73666666666666,,,,
0.09232110212468392,,,,72.15,
0.0935699454171901,69.58,,,,
0.09463663964339486,,71.96,,,
0.09484543348523178,,,,74.52,
0.095505670867988,,,,74.69,
0.09598856198936989,,,,74.74999999999999,
0.0967507217562269,,,,74.27,
0.09678906432753553,,,,74.23999999999998,
0.09740535650413307,,,,74.43999999999998,
0.0978574383135018,,70.9,,,
0.09844779187489983,,68.45,,,
0.09846861460623413,,71.65,,,
0.09929249534999274,68.51,,,,
0.09930272074040913,68.51,,,,
0.09933675639315864,,,,76.95999999999998,
0.10000389232146523,,70.0,,,
0.10015860902038654,68.92,,,,
0.10125571954100332,63.67999999999999,,,,
0.1014288921743478,,70.47,,,
0.10151736559073266,,71.4,,,
0.10177111428138086,73.47,,,,
0.10196891328742241,67.18,,,,
0.10203673342748698,64.52,,,,
0.10237232246250683,,71.84,,,
0.10244543067375256,73.5,,,,
0.10407972746556293,69.55,,,,
0.10424314053650696,,,,73.78,
0.10432430968083484,,70.69,,,
0.10463361512253622,,71.27,,,
0.10556772543778337,75.01,,,,
0.1058337322841183,69.05,,,,
0.10703928814308128,,71.09,,,
0.107125842496818,,,,73.29,
0.10727332070928175,,,,,75.24
0.10743140111355687,73.25,,,,
0.10875001256005867,,76.37,,,
0.10886258420425232,,,76.22,,
0.10892176071824866,,,,73.37,
0.10936732434815144,,74.59,,,
0.10939905413330031,,74.60000000000001,,,
0.1094052079987422,,75.47,,,
0.10940751571588425,,74.6,,,
0.10940905419931246,,74.6,,,
0.10969451670463037,,74.01,,,
0.11019847399750371,,74.21,,,
0.11022004387797768,,,,73.65,
0.11064583534710204,,,,75.21,
0.11114274781434741,,71.34,,,
0.11117650847853722,,,,75.35,
0.1112035184870408,,,,75.36,
0.11144493050864246,,72.23,,,
0.1120694987833264,,,74.7,,
0.11209616573569159,,,74.72,,
0.11215336872993142,,,74.74,,
0.11242593676692869,,71.42,,,
0.11295115170445857,70.18,,,,
0.11318190001017525,,,,73.74840000000002,
0.11430351329451138,,,,74.12,
0.114647989810724,,,,71.69,
0.1148244830785321,,,,71.71,
0.11569806351425016,74.03,,,,
0.1157188751043372,74.03,,,,
0.11573112902053273,74.05,,,,
0.11573287960196232,74.04,,,,
0.11575583217777052,74.05,,,,
0.115756999283126,74.04999999999998,,,,
0.11575758283671966,74.03,,,,
0.1158217774587611,74.04,,,,
0.1158280027846883,74.03,,,,
0.11675674598388497,75.05,,,,
0.11688166638744635,75.06,,,,
0.11705711303570743,,,,73.94,
0.1172254856665127,,,75.65,,
0.11735815900006608,71.42,,,,
0.1175687571081303,,,,72.14,
0.11758202746492752,,,,72.14,
0.11763569756358905,74.03,,,,
0.1176677069126002,,,,72.66,
0.11767668547390531,,,,72.67,
0.11772489891138838,,,,72.14,
0.11794125442296255,,,75.89999999999999,,
0.11832567076387401,75.31,,,,
0.11835635166995084,75.29,,,,
0.11835693794569369,,,,74.13,
0.11836260530956633,75.3,,,,
0.11836675075316072,,69.9,,,
0.11838547077475292,75.29999999999998,,,,
0.11840911894875128,75.3,,,,
0.11851525488778059,,,,74.18,
0.11852072837370753,,,,74.18,
0.11854692365515285,75.55,,,,
0.11855767580493337,75.58,,,,
0.11860225055781548,75.59,,,,
0.11860850694778224,75.58,,,,
0.11872180948167577,71.89,,,,
0.11878195411700387,75.79,,,,
0.11882263497065448,75.82,,,,
0.11885373434915936,75.79,,,,
0.11887798915247783,75.79,,,,
0.1190063223857214,75.82,,,,
0.1192042390030128,,,73.3,,
0.11985844989193373,,71.41,,,
0.11992860455145982,,,,74.74,
0.12063176464695435,,71.55,,,
0.12074479944696326,73.78,,,,
0.12076623985903567,,,,73.97,
0.12080549488903936,77.32,,,,
0.12089155034586296,76.68,,,,
0.12090506630408226,,71.72,,,
0.12090982552189389,,71.74,,,
0.12095527808798656,76.9,,,,
0.12104658106191479,,,,75.68,
0.12105243043317637,,70.54,,,
0.12107780420095882,76.94999999999999,,,,
0.12122058876344255,,,,75.68,
0.12130977391416486,77.03,,,,
0.12146521809609867,,70.56,,,
0.12147089318673121,77.03000000000002,,,,
0.12158724222551665,77.1,,,,
0.12168544109244572,,,76.08,,
0.12177352048427492,,,76.12,,
0.12187035420777637,,,,74.43,
0.12193368074710964,,,,74.374,
0.12208975233407626,,,76.24999999999999,,
0.12228643415229845,,73.18,,,
0.12231831683116234,,73.55,,,
0.1231824865218103,,72.69,,,
0.12435270663318909,,,,74.33,
0.12445598052987417,75.17999999999999,,,,
0.12447705427901856,75.18,,,,
0.12451326465624146,75.11,,,,
0.12463091658101288,75.27,,,,
0.12470048459254057,75.27,,,,
0.12477945375597099,75.33,,,,
0.12477964544218834,75.23,,,,
0.12481549191334351,75.36,,,,
0.12488781407300409,,76.81999999999998,,,
0.12492937233202128,73.33,,,,
0.1250165074537537,,76.88,,,
0.12501962293842328,,76.88,,,
0.12506513871456537,75.42,,,,
0.12517062956876823,75.42,,,,
0.12517408233103344,75.45,,,,
0.12542619122525656,75.55,,,,
0.12579246834604185,75.68,,,,
0.1260275641311086,75.81,,,,
0.1261885620824439,,,76.84,,
0.12621913221061787,75.91,,,,
0.1264930513300213,75.99,,,,
0.1265390059010163,76.03,,,,
0.1271612035212515,76.33,,,,
0.12736188819587935,,,74.96,,
0.12744812351003398,,,74.99,,
0.12758288037750787,,,75.06,,
0.12782436698721367,76.48,,,,
0.12821631393952293,76.63999999999999,,,,
0.12826831123055715,,76.55,,,
0.12857645879793056,,76.6,,,
0.12858383077945645,76.79999999999998,,,,
0.12862185011901817,76.89,,,,
0.12865118658861419,76.87,,,,
0.12866045105375834,76.93,,,,
0.1293362821172379,,,74.35,,
0.1297105890032928,,71.9,,,
0.12991364678412687,,74.0,,,
0.1305954254717583,,,75.32,,
0.1306082080764388,,,75.34,,
0.13127015183733937,,72.68,,,
0.1353779218950819,,70.73,,,
0.13540231583643436,,71.94,,,
0.1364705281720553,,73.6,,,
0.13763372884482572,,,73.36999999999999,,
0.13792436389166007,,70.98,,,
0.1379484961062334,,70.98,,,
0.1385823821282588,,71.07,,,
0.1385980959189539,,71.07,,,
0.1386242210559565,,71.19,,,
0.138636007224473,,71.11,,,
0.13883208628344046,,71.18999999999998,,,
0.138944891806275,,71.16999999999999,,,
0.1389484296230823,,71.23000000000002,,,
0.13895904320537578,,71.17,,,
0.13898754361804566,,71.23,,,
0.1390539846006804,,71.26,,,
0.13916211519621546,,71.31,,,
0.13918099100461268,,71.34,,,
0.13918374377893472,,71.33,,,
0.13918865948045744,,71.33,,,
0.13928029592287827,,71.36,,,
0.13979755123130944,,71.52,,,
0.14010608168860084,,71.59,,,
0.14016241095288384,,71.63,,,
0.14032355125780294,,71.68,,,
0.1403527110935412,,71.68,,,
0.14053893575275067,,71.69,,,
0.14071595481382126,,71.71,,,
0.14117571183860878,,71.94,,,
0.1415386903783855,,72.03,,,
0.14178574252143306,,72.01,,,
0.14182090331527686,,72.02,,,
0.14206234656781702,,72.09,,,
0.14219457111459155,,78.12,,,
0.14276651306268695,,72.33,,,
0.14329307902337818,,77.79,,,
0.14333585906618573,,,75.95,,
0.14334338551598735,,,75.95,,
0.14345649226009893,,,76.02,,
0.14346085058587632,,77.79,,,
0.14350582252373822,,77.81,,,
0.14455921637232994,,,76.01,,
0.1449195841443902,,,76.71,,
0.14588485836429088,,,75.66,,
0.14603170027867662,,,75.23,,
0.14605975972336194,,,75.24,,
0.14606194881583145,,,75.23,,
0.147138402422061,,72.45,,,
0.14795805222130753,80.45,,,,
0.14901346748239663,,,72.53,,
0.14927220647418848,,,,75.77,
0.14936403598136372,,,76.39999999999999,,
0.14950296188596512,80.71,,,,
0.15005532950015388,,,71.9,,
0.15046977233725878,,,72.68,,
0.15072403386986966,77.62,,,,
0.15090613548060827,,,,74.24,
0.15232499360713825,,,71.93,,
0.1524354278206992,80.97,,,,
0.1524575633694507,80.99,,,,
0.15263888196740538,,,71.94,,
0.1526449387445492,,,,76.29,
0.15266291407084442,,,74.02,,
0.1527911022157833,,,,72.71,
0.15325328511830105,,,75.0,,
0.15336654124370908,,,75.02,,
0.15344103792916086,,75.25,,,
0.1534615994283024,,75.25,,,
0.15348862456659362,,,,72.92,
0.1535045390403611,,75.27,,,
0.15357369264706877,,75.29,,,
0.15363095730219567,,75.32,,,
0.15384252287317968,84.96,,,,
0.154350790569022,83.85,,,,
0.15452247676990427,,,,73.17,
0.15464794189947395,,,,73.14,
0.15473852898877682,,,,73.7,
0.155002367754854,,75.4,,,
0.15507492359519115,79.44,,,,
0.15515223377563214,,,,72.23,
0.15537087744981104,80.35,,,,
0.15558518833937507,,74.47,,,
0.1571486088521188,,,,75.23000000000002,
0.15827603557542647,,,,74.37,
0.1586650338577258,77.2,,,,
0.17328829746723295,,,74.07,,
0.17846031040991184,87.59,,,,
0.17893002391494228,,,76.98,,
0.17901096930999771,,,,75.01,
0.17905676152640693,,,76.98000000000002,,
0.17906534796299112,,,77.02,,
0.18211074655190962,90.01,,,,
0.18277613561293715,,,76.24,,
0.1827825132562959,,,76.28,,
0.18278333618302933,,,,75.02,
0.18283826913188728,,,76.25,,
0.18323879603364435,,,77.29,,
0.18378939690282392,,,77.51,,
0.18379145772602357,,,77.48,,
0.18391738763753462,,,,75.37,
0.18391800601743724,,,,75.36,
0.183919036652044,,,77.51,,
0.18412821604994445,,,73.12,,
0.1844471636409557,,,,74.31,
0.18450101327094037,,,,74.31,
0.18467430849291322,,,73.14,,
0.18483853528229122,86.35,,,,
0.18485116999821427,84.81,,,,
0.18485377719535645,84.81,,,,
0.1848581894012742,,75.85999999999999,,,
0.18498776246209325,90.99,,,,
0.18548124187627812,,,73.3,,
0.18600686314265658,,,,77.27,
0.1860338080631323,85.08,,,,
0.18606817214864546,,75.53,,,
0.18620926663289916,85.16,,,,
0.18624685729314727,85.17,,,,
0.18639402653997328,85.23,,,,
0.1865691539482739,,,75.81,,
0.18658588389969077,,,,,77.94
0.18706298064392057,85.78,,,,
0.18726572703064837,,76.97,,,
0.187335737338985,,,75.69,,
0.18735729885992747,,,75.71,,
0.18742302486586038,,,,75.11,
0.18750431125186529,,,75.78,,
0.1875211090608908,,,,75.11,
0.18753023399584712,,,,75.11,
0.18753438173991244,,,,75.11,
0.18753790734514886,,,,75.11,
0.18756155017997655,,,,75.11,
0.18765716808737243,,,,76.7,
0.18770570888215232,,,75.83,,
0.18776711659750833,,,,74.51,
0.18781442146450522,,,75.84,,
0.18795642983114735,86.14,,,,
0.1879689295211977,86.17,,,,
0.1879854617733432,86.17,,,,
0.18800259934968744,86.17,,,,
0.18802296346557834,86.19,,,,
0.18811773635735318,,75.94,,,
0.18815541841679329,,,75.92,,
0.18815766648550092,86.23,,,,
0.18819054027193616,86.24,,,,
0.18835332256798387,86.31,,,,
0.18837067250575434,86.32,,,,
0.1885448051677927,86.28,,,,
0.1885607480190088,86.28,,,,
0.18866670821339815,86.2,,,,
0.1887236317748544,,74.59,,,
0.18878035890297995,86.17999999999999,,,,
0.1888017591548774,86.76,,,,
0.18880297051293105,86.17999999999999,,,,
0.18896812428913257,,,76.0,,
0.18915598464833594,,,,,77.23
0.18966995581250878,,,,76.37,
0.18977972418186506,,77.98,,,
0.190980355479613,,,,76.13,
0.19099120242822076,,,,76.13,
0.1910007979705346,,76.84,,,
0.19112826647220915,,,,76.09,
0.19116374315378648,,75.45,,,
0.19119698620355652,,75.35,,,
0.19131862293097734,,75.42,,,
0.19174475006643976,,74.04,,,
0.19198725134576256,83.86,,,,
0.1921680171475837,,,,76.5,
0.19250344633495997,,,,,76.82
0.1926271787807774,,75.81,,,
0.1927529692733203,,,,,77.55
0.19276557010615947,,,,,76.88
0.19280642302402673,,75.86,,,
0.19283365985734724,,75.87,,,
0.1929861277868794,,75.94,,,
0.19335526152039595,,,,,77.54
0.1933838099585421,84.80999999999999,,,,
0.19342321515033722,,,,,77.57
0.19350745584107654,,,73.98,,
0.19378834405525813,,,,,77.06
0.19396651196840553,,,,,77.07335937499998
0.1953389515435957,85.63,,,,
0.19535457888255858,,,,,77.77
0.20972313239486473,,,75.49,,
0.20989960598755109,,77.35,,,
0.2111447463309235,,80.16,,,
0.21281487922876052,,,,,79.09
0.21360843409317343,,,,,79.9
0.2140234975982278,89.83,,,,
0.21407992773796258,,,,,79.98
0.2142168136765219,,,,,79.96
0.21461606506732966,85.26,,,,
0.21515204329552007,,74.97,,,
0.21846791198600113,,,,76.9,
0.21872407037589858,,,,76.97999999999999,
0.2199016793132631,,,,74.69,
0.22010282077604648,,,,76.84,
0.22028396685844331,,,,76.91,
0.22054999338868742,,,,77.7,
0.22111905045782643,,,,74.99,
0.22203699309650937,,,,78.76,
0.22213510737560238,,,,78.78000000000002,
0.22227999920377206,95.06,,,,
0.22259979208817238,,82.73999999999998,,,
0.224468971616129,,,,79.12,
0.22507504009993884,,,,77.5,
0.22525620617794595,,,,76.27,
0.22678549427800943,,79.09,,,
0.22894984480119107,,,78.41,,
0.2291697432492681,,,78.47,,
0.2292457225321971,,,78.51,,
0.22929861138428853,,,78.53,,
0.22958320993587544,,,78.55,,
0.2296324558324805,,,78.62,,
0.22977222334560943,,,78.62,,
0.23711127644110586,,,,77.35,
0.23998624993025075,,,,78.08999999999999,
0.24005095920525132,,,,78.1,
0.24076128287134213,,,,78.17,
0.2408333436736112,,,,78.16,
0.24106583423324968,,,,78.3,
0.2412211616485418,,,,78.36,
0.2415321472332974,,,,76.34,
0.24187713178127446,,,,77.79,
0.24199666834393718,,,,77.82,
0.24210701372976806,,,,77.8,
0.2421110850996182,,,,77.86,
0.24213422813002738,,,,77.83,
0.24214022831572501,,,,77.79,
0.24214237125323712,,,,77.84,
0.24219873316432539,,,,77.86,
0.24227396178247673,,,,77.8,
0.24228746531947487,,,,77.87,
0.2423562736144751,,,,77.89,
0.2424716142691652,,,,77.85,
0.2424853365159365,,,,77.89,
0.24249091126526823,,,,77.87,
0.24250077440586448,,,,77.89,
0.24252564736880533,,,,77.93,
0.24253808422371814,,,,77.91,
0.24263372766818914,,,,77.96,
0.24272809885902014,,,,77.94,
0.24294949844398261,,,,76.62,
0.24304713669271427,,,,77.99,
0.24511680752050546,,,,76.27,
0.24546960431430676,,,,76.36,
0.2488214247803635,,,,80.44999999999999,
0.24915400177761549,,,,81.02,
0.24963400476284114,,,,77.11,
0.25056992118804144,,,,78.85,
0.2522211707815756,,,,79.04000000000002,
0.2524740711774056,,,,76.79,
0.25413559923121487,,,,76.34,
0.254180602006689,,,,76.34000000000002,
0.25452259752388606,,,,76.39,
0.25473422550745717,,,,77.18,
0.2568164838464171,,,,78.22,
0.2568355708206769,,,,78.22,
0.2569132410398234,,,,78.24,
0.256941766411688,,,,78.25,
0.25738100111278217,,,,78.92,
0.25738758867638656,,,,76.98,
0.25739812892172864,,,,78.92,
0.25741679437305987,,,,77.71,
0.25742338231172046,,,,77.71,
0.257525723823947,,,,78.94,
0.25807219307494167,,,,78.45,
0.25818629300397733,,,,78.38,
0.2600122851197799,,,,78.8,
0.26111643485186353,,,,78.76,
0.26232697354302936,,,,78.45,
0.2623291866988373,,,,78.43,
0.2631913582272092,,,,79.17,
0.2634531437872851,,,,78.59,
0.2687128806328949,,85.87,,,
0.27133145865621633,,,77.3,,
0.27163496141605203,,,77.3,,
0.27212824681052017,,82.18,,,
0.27214227232088106,,,79.41999999999999,,
0.2723077967021781,,,79.44,,
0.2723712555386322,,,,,80.94
0.27257592103106476,,82.2,,,
0.2728227730056352,,82.38,,,
0.2729921476752364,,,,,79.88
0.27384921735553314,,82.44,,,
0.2748797023512861,,,,,80.8
0.278530841914264,,,,,79.10999999999999
0.2786182467006961,,81.17,,,
0.27930220376009096,,,,,79.95
0.2865109668198529,,,,,80.91
0.2882214018662599,,,,80.69,
0.2895932707665665,,,,80.26,
0.29045929483870614,,,,77.44,
0.2908283925178152,,,,76.51992414664981,
0.290843081887858,,,,75.67000000000002,
0.290858210096006,,,,76.51000000000002,
0.2908595256091244,,,,75.68,
0.29089285283583677,,,,75.68,
0.2908950454768737,,,,75.68,
0.29089548400597476,,,,75.68,
0.2909474518141124,,,,76.47,
0.29099065186874307,,,,76.48,
0.29099503782275726,,,,76.48,
0.2910426273396962,,,,77.31588235294117,
0.29106412052966935,,,,77.3,
0.29108934304277834,,,,78.11000000000003,
0.2911003096602165,,,,77.3,
0.291108425077063,,,,78.10999999999999,
0.2921359585455583,,,,78.97,
0.2931232910298107,,84.09,,,
0.29360237733070504,,84.12999999999998,,,
0.2937353710872914,,84.12,,,
0.29374362831263046,,84.13999999999999,,,
0.2938099131025509,,84.12,,,
0.2939045536641738,,84.18,,,
0.2948168481568283,,,,77.79,
0.2957630254020702,,,,77.87,
0.2979688172510093,103.51000000000002,,,,
0.30029227102806666,110.27000000000001,,,,
0.30054255167142263,,,79.99,,
0.3008285757696223,110.5,,,,
0.3009125120724683,,,,,80.73
0.3009910429368676,,,,,80.73
0.3012009564347511,,,,,80.73
0.3012490964023544,,,,81.63,
0.301310680117014,,,,,80.77
0.301476203722326,,,,,80.43
0.30147891387246384,110.75,,,,
0.3016181511336238,,,,81.8,
0.30175726954357307,,,,81.8,
0.3018548306885718,110.72,,,,
0.30244014766545413,110.59,,,,
0.3036959780979076,,82.77,,,
0.3053219367705535,,,77.95,,
0.30534266447231695,,,,81.59,
0.309695483576244,111.77,,,,
0.3104888909856711,111.97,,,,
0.3120363591515847,112.30999999999999,,,,
0.3125605746705211,111.19000000000001,,,,
0.3166020712432691,113.08999999999999,,,,
0.31731455416542764,,85.19,,,
0.3173625085216887,,,,82.60999999999999,
0.31761355940302627,,85.23,,,
0.3176207353448073,,85.23,,,
0.31768694288196064,,85.23999999999998,,,
0.3178170623924881,,85.29999999999998,,,
0.31806139529979305,,,,82.35,
0.3180834012878553,,85.32999999999998,,,
0.3181201456106513,,,,81.51,
0.3181568371125476,,81.96,,,
0.31816289718329394,,,,80.46,
0.31817838292906275,,85.32999999999997,,,
0.3181946006749157,,85.32999999999998,,,
0.31820039282371715,,,,81.935,
0.31847916204403837,,,,79.61,
0.31857523781632135,,,,79.6,
0.3218874117183579,,,,79.91,
0.3271168386679937,,,,80.87,
0.32711985132066745,,,,80.87,
0.32713445129276875,,,,80.87,
0.327142330776256,,,,80.87,
0.32802496127758807,,,,80.76,
0.33075796646875144,,,,81.08,
0.33084581906030386,,,,81.08,
0.3510507881945859,,91.82,,,
0.3526960500429903,,,,82.21,
0.3528321541146391,,,,82.21999999999998,
0.35292755766304085,,,,82.24,
0.35296485335552186,,,,82.24,
0.3529879639881959,,,,82.26,
0.3531456407567466,,,,82.27,
0.35369837163622875,,89.02,,,
0.3537020366447141,,,,82.32,
0.35373364816665553,,,,82.33999999999999,
0.3538365103645491,,,,82.36999999999999,
0.3539925516869733,,,,,81.6
0.35448634660831524,,,,82.61,
0.35450446385411705,,,,81.14,
0.35476526828924637,,,,80.64,
0.35566474681944116,,,,84.76,
0.35572608706777964,,,,82.84,
0.35576767294002964,,,,82.84,
0.35576997057640236,,,,83.3,
0.35579133896766324,,,,82.29,
0.35579478554546506,,,81.12,,
0.3558122484756434,,,,82.84,
0.35601195527940366,,,,79.73,
0.35604137621249166,,,,79.8,
0.3576313134947193,,,,82.63,
0.3581065550031457,,,,82.64,
0.3582781108388895,,,,82.53,
0.35837082436808587,,,,82.52999999999999,
0.35849884519107533,,,81.95,,
0.3585011520938832,,,81.95,,
0.3585694399654107,,,81.95,,
0.35868572970679735,,,81.95,,
0.35869888277587614,,,81.96,,
0.3587704214702032,,,81.97,,
0.3587803451743681,,,81.97,,
0.35880965556553157,,,81.96,,
0.35881311750625167,,,81.96,,
0.3589730784035734,,,,,80.35
0.3590081686583497,,90.59,,,
0.3593397686743549,,90.62,,,
0.3594118368746577,,90.59,,,
0.3633704289384918,,91.23,,,
0.36356353694745835,,91.8,,,
0.3637527475356135,,91.84999999999998,,,
0.3637536774470258,,91.85999999999999,,,
0.36376506896474714,,91.87,,,
0.363856440471076,,87.5,,,
0.36389131832029964,,87.51,,,
0.36389503872950457,,87.49999999999999,,,
0.3639122458860997,,,,,80.84999999999998
0.3639373598128133,,87.46000000000001,,,
0.36394642895808293,,87.49,,,
0.3639592189833116,,87.46999999999998,,,
0.3639671256643371,,87.45999999999998,,,
0.36397224180090704,,87.47,,,
0.36399363696968345,,87.47,,,
0.3639994509902209,,87.45,,,
0.36399968355207335,,87.47,,,
0.3640229401378072,,87.49,,,
0.364030614985138,,,,,80.87000000000002
0.3640496861918443,,91.87,,,
0.36405619843334724,,91.87,,,
0.36405945457741695,,91.87,,,
0.36408317838200976,,87.46,,,
0.36410294884954975,,87.46999999999998,,,
0.3641380719170182,,87.45999999999998,,,
0.3641510981501599,,87.46,,,
0.3641901783422874,,87.46999999999998,,,
0.3642422887483605,,87.47,,,
0.3642432193275065,,87.47,,,
0.36430789768850436,,87.46,,,
0.3643090610245212,,87.47,,,
0.36431441239575135,,87.48,,,
0.36432069449380644,,87.48,,,
0.3643218578516467,,87.48,,,
0.36433093211089274,,87.48,,,
0.3643341895667318,,87.48,,,
0.36436397274137233,,,,,80.13999999999999
0.3647589554203192,,87.55,,,
0.36489749790402937,,87.59,,,
0.3650418914293456,,87.63,,,
0.3655656907082472,,87.76,,,
0.376022126435793,,90.69,,,
0.376337455922793,,93.61999999999999,,,
0.37634692751193644,,93.64999999999999,,,
0.3764923327656451,,93.71,,,
0.3765776009487374,,93.71,,,
0.3780826632549934,,94.03,,,
0.37867472823736104,,,,81.84,
0.37953796859240385,,94.19999999999999,,,
0.38028368280390823,,,,84.35,
0.3803625142543998,,,,84.16,
0.38050329008446626,,,,84.35,
0.3809706048323269,,,,83.29,
0.38154439739710133,,,,83.34999999999998,
0.3822832070214457,,,,83.42,
0.3859684896598954,,,,84.91,
0.3861216990594645,,95.12,,,
0.3863734394417351,,95.17,,,
0.3863998678760925,,95.17,,,
0.38656086282909374,,95.2,,,
0.38669737739125143,,,,85.0,
0.3872170033962541,,95.34,,,
0.38746769801765546,,95.37,,,
0.387494890116475,,,,85.58,
0.38757936086707057,,,,85.58,
0.3876823761562862,,95.43,,,
0.38768983813812286,,95.42999999999999,,,
0.38773750043149957,,95.44999999999999,,,
0.3877938328176813,,95.44,,,
0.38779888851187017,,,,84.17,
0.38808977331799954,,95.51999999999998,,,
0.3898678287814872,,,,,83.9
0.3911325731953099,,,,,83.19
0.39368281904404845,,,,83.73,
0.39389966779886154,,,,83.77,
0.39391545449745946,,,,83.8,
0.3959310703196788,,92.02,,,
0.395963710527381,,92.03,,,
0.3966329275067204,,86.84,,,
0.39729595287200214,,,,84.36,
0.39832173425454753,,,,83.97999999999999,
0.39889854226028776,,,,84.10999999999999,
0.3989129746730302,,,,84.10999999999999,
0.39891542087419607,,,,84.10999999999999,
0.3989254503884203,,,,84.10999999999999,
0.39892667350974964,,,,84.10999999999999,
0.398935724674061,,,,84.10999999999999,
0.39895798614402067,,,,84.12,
0.39898196082710613,,,,84.12,
0.3989985968044074,,,,84.29,
0.3991569030291573,,,,84.13999999999999,
0.39928758770690886,,,,84.15,
0.39943592236559256,,,,84.16999999999999,
0.3996330162231463,,,,84.18,
0.3996942367939724,,,,84.22999999999999,
0.3997454213015008,,,,84.22999999999999,
0.3997625652748651,,,,84.22999999999999,
0.400206495452917,,,,84.28999999999999,
0.4003984133485976,,,,84.32,
0.40120833200510453,,,,84.42,
0.4013472552511985,,,,84.43,
0.40163451609093936,,,,84.94,
0.4016453213604789,,,,84.95,
0.4016546533182421,,,,84.92999999999999,
0.4016566179567631,,,,84.94,
0.4016568635369655,,,,84.92999999999999,
0.40165710911725383,,,,84.94,
0.40167086175075006,,,,84.94,
0.4022654299152997,,,,84.52,
0.40233794275972046,,,,84.55,
0.40240652960480183,,,,84.56,
0.402567575267474,,,,84.77,
0.40268487912713713,,,,84.62,
0.40272669027689467,,,,84.91,
0.40290773672051383,,,,,83.85
0.40315453695111003,,,,84.77999999999999,
0.4033484947596335,,,,84.77999999999999,
0.4034080712454142,,,,84.79,
0.4034095484126299,,,,84.77999999999999,
0.4035540796404655,,,,84.89,
0.4036314049894185,,,,84.86999999999999,
0.40364371872944993,,,,84.86999999999999,
0.4038368264303167,,,,84.91,
0.4038548098259309,,,,84.89999999999999,
0.40398095289240255,,,,84.86999999999999,
0.4040166811221886,,,,84.98,
0.40403245140204924,,,,84.95,
0.4041650343248142,,,,84.97,
0.4041965819046802,,,,84.95,
0.4043397961635895,,,,85.03,
0.4043782545368879,,,,85.01,
0.4043940329404132,,,,85.01,
0.4044827930668409,,,,85.02,
0.4044830396383736,,,,85.04,
0.4045141083442183,,,,85.03,
0.40454443864484624,,,,85.07,
0.40461422796959146,,,,85.05,
0.40461472120504705,,,,85.04,
0.40476517418561375,,,,84.88,
0.4048046425983829,,,,85.23,
0.4048302982560086,,,,85.08,
0.4050437205698225,,,,85.28,
0.4054053294375497,,,,85.26999999999998,
0.40544384619384743,,,,85.32999999999998,
0.4056115174402126,,,,85.32999999999998,
0.4058525995181088,,,,85.35999999999997,
0.4062408264758586,,,,85.24,
0.4062811194630538,,,,85.15,
0.40644676519881084,,,,85.17,
0.4070124798489432,,,,85.38999999999999,
0.4072285460532252,,,,85.4,
0.4073654470672263,,,,85.7,
0.42187820292876443,,,,82.12999999999998,
0.42361950853603947,,,,82.33999999999999,
0.4236535288303398,,,,82.33999999999999,
0.42367210797536026,,,,82.33999999999999,
0.4236791054414033,,,,82.33999999999999,
0.4240256867109584,,,,82.35,
0.42416402843106127,,,,82.35,
0.42418358675889034,,,,82.35,
0.42419034778728304,,,,82.36,
0.42435408085922477,,,,82.41,
0.4246512148543633,,,,85.48,
0.4247495621015258,,,,82.53,
0.42531574561575436,,,,85.59,
0.42533993084725785,,,,85.6,
0.42641361409907974,,,,85.66,
0.42990259980124357,,,,83.12,
0.4306509819630677,,,,83.09,
0.4308391138949639,,,,83.29,
0.43141088035858877,,,,85.2,
0.43215913333913014,,,,83.19,
0.4472992374605993,,,,,83.45
0.4543434833811826,,,,86.11999999999999,
0.46029205145651964,,,,85.84,
0.4605060897018498,,,,85.84999999999998,
0.4605487525087968,,,,85.86,
0.46077328120459526,,,,85.87,
0.46091504413789575,,,,85.84,
0.46252336119904625,,,,86.02999999999999,
0.46253049114907885,,,,86.02,
0.4625406769125766,,,,86.02999999999999,
0.4625444966104659,,,,86.02,
0.46254933492310135,,,,86.02999999999999,
0.4657925889526704,,,,88.43999999999998,
0.46580128550772737,,,,88.43,
0.466451005260893,,,,86.88,
0.4667828684650239,,,,88.49999999999999,
0.46688404491179836,,,,87.09,
0.474002412508419,,,90.58,,
0.478233361570489,,,,,84.45
0.48370775425819756,,,85.72,,
0.4877936160701315,,,,,83.27000000000001
0.4894878548345136,,,,87.61,
0.4903076655498957,,,,87.93,
0.4910225195230762,,,,89.09,
0.4915158173557528,,,,89.19,
0.4916488007821662,,,,89.21,
0.4924937739265407,,,,90.16,
0.49471804012570564,,,,85.23,
0.4947203250880823,,,,85.23,
0.4947205789732221,,,,85.23,
0.49472565669412893,,,,85.22999999999999,
0.49489146323543776,,,,88.37,
0.494900097355369,,,,85.25,
0.49491406452524744,,,,88.37,
0.4949216830915524,,,,88.37000000000002,
0.49493311108661087,,,,88.37,
0.4949381902516101,,,,88.37,
0.49493920608875164,,,,88.36999999999999,
0.49495825329077703,,,,88.37,
0.4954165482795232,,,,90.33000000000001,
0.508834569320318,,,,89.19,
0.5232748609276017,,,,86.61,
0.5234235898334327,,,,86.59,
0.5234557655096885,,,,86.66,
0.5261181243175823,,,,87.02,
0.5264418761288947,,,,91.26,
0.52888626750957,,,,,83.37999999999998
0.529145779201428,,,,89.3,
0.5292374561691005,,,,89.36,
0.5307937012261488,,,,,83.51
0.5310863597082098,,,,90.06,
0.531848878930324,,,,90.06,
0.5320854381372626,,,,87.79,
0.5320985083628205,,,,87.79,
0.5321019760111132,,,,87.79,
0.5321145130243663,,,,87.79,
0.5321150465188431,,,,87.79,
0.5321310515259157,,,,87.79999999999998,
0.5321577272807996,,,,87.79,
0.5337540932062363,,,,90.32,
0.5344575223796366,,,,,84.92
0.5345451693370593,,,,,84.92999999999999
0.5349094693340437,,,,,85.0
0.5350050220247637,,,,,84.99
0.535058431999214,,,,,85.02
0.5350998011022357,,,,,85.02
0.5351445765047829,,,,,85.03
0.5359535304240977,,,,90.41999999999999,
0.5361176163364711,,,,90.34999999999998,
0.5363219683915721,,,,90.38,
0.5363404753961183,,,,88.61999999999999,
0.5371128025950656,,,,90.35999999999999,
0.5378480123838707,,,,90.59,
0.5385696687074859,,,,88.76,
0.5388788113700063,,,,88.98999999999998,
0.541098649227034,,,,89.18,
0.5449785388435695,,,,91.62,
0.5594395997854211,,,,,86.81
0.559464729326306,,,,,86.8
0.5595471490958266,,,,,86.83
0.5597328281647542,,,,,86.87
0.5599948000173334,,,,,86.86
0.5600194066414188,,,,,86.85999999999999
0.5601619240055529,,,,,87.44
0.5604232283908255,,,,,86.34
0.5632094148281876,,,,,86.74499999999999
0.5632618187370131,,,,,86.77
0.5632762100626352,,,,,86.75
0.5689687273153272,,,,,84.54
0.6955817040630039,,,,98.13,
0.6970970306741802,,,,98.34,
0.6987290449031842,,,,95.31,
0.6987325077266848,,,,95.31,
0.6987532849641649,,,,95.32,
0.7028302400854411,,,,,87.75
0.7036793852579601,,,,,87.84
0.7165993959973365,,,,100.25,
0.7228371889568204,,,,,88.68999999999998
0.7233644969335313,,,,,88.69
0.7235441997739398,,,,,88.75
0.7251111316591015,,,,98.26,
0.7325977878191445,,,,97.98,
0.7332115925510725,,,,98.88,
0.7336355637999559,,,,98.92,
0.7338321452826502,,,,98.94,
0.7343686126455937,,,,98.25,
0.7344368977167872,,,,98.26,
0.7352335528924347,,,,,88.93000000000002
0.7410210322304778,,,,98.88,
0.7410249727399014,,,,98.88,
0.7410686226528003,,,,98.89,
0.7410910547094336,,,,98.88,
0.7419572527174096,,,,99.46,
0.74203341986594,,,,99.46,
0.7464451545490443,,,,99.86999999999999,
0.7467163479375123,,,,99.87,
0.7486100298872427,,,,99.66000000000001,
0.7496643268988845,,,,100.02,
0.7497448434582026,,,,,90.08999999999999
0.7497475989088573,,,,,90.09
0.7497705613351451,,,,,90.09
0.7499172289150724,,,,,90.11
0.7503337886534962,,,,,90.14
0.7512837347596721,,,,100.06,
0.7513656273479246,,,,100.07,
0.751659522231362,,,,100.07,
0.7520425311828531,,,,,87.53
1.0334991877865325,,,,114.03,
1.0351659720249478,,,,108.55,
1.03759360195609,,,,,93.7
1.0379448345316167,,,,108.84,
1.0379572942652393,,,,108.84,
1.0379728691465173,,,,108.85,
1.037975638039223,,,,108.85,
1.0399323558430802,,,,,96.38
1.0563244400157306,,,,,99.12
1.0702997897610564,,,,111.15,
1.0710068873059875,,,,111.18,
1.0764482491128806,,,,111.54,
1.081534757207184,,,,117.515,
1.0816062506472495,,,,117.54,
1.081618888887347,,,,117.53,
1.0816297217867183,,,,117.54,
1.0820649364822716,,,,,100.18
1.0893547376118677,,,,111.52999999999999,
1.0893652873895836,,,,111.52999999999999,
1.1064227990778082,,,,,100.69
1.3718317198948058,,,,,101.06
1.3725998610334367,,,,,101.23
1.380862896139448,,,,,103.94
1.4029318514795879,,,,,106.85
1.4030036172070166,,,,,106.85
1.4042639277292004,,,,,105.03000000000002
1.4143450726838585,,,,,103.51
1.4143738019747851,,,,,103.51
1.4288490361025854,,,,,104.15
1.456517016819772,,,,,105.28
