moneyness,6,13,20,41
-0.7886193950583019,,,,205.99000000000004
-0.7885594598286232,,,,205.95
-0.7885433640467048,,,,205.31
-0.7885313353209978,,,,205.3
-0.7885034717155117,,,,205.27
-0.788491751601329,,,,205.27
-0.78846718882836,,,,205.27
-0.7884655332085844,,,,205.25
-0.7880145998584785,,,,204.3
-0.787309253621379,,,,204.08
-0.7872578515681011,,,,204.46
-0.7860160184128937,,,,203.05
-0.7859907856192656,,,,203.04
-0.7852389581684147,,,,202.5
-0.7674482027868584,,,,193.25000000000003
-0.7655765336143006,,,,176.99000000000004
-0.7229540851805369,,,,171.43
-0.7229527272107307,,,,171.43
-0.6619750922121386,,,,172.53
-0.6246164831736424,,212.03,,
-0.6177172751651939,,,,161.81999999999996
-0.5829785175553535,,206.61,,
-0.5828923288685433,,206.58,,
-0.5807342349783365,,187.85,,
-0.5782211985182067,,,,147.12
-0.572436064761399,274.72,,,
-0.5723107111360881,274.62,,,
-0.5699016300513171,271.95,,,
-0.5357598882616255,,,,136.252
-0.5312929093352178,,,,144.59000000000003
-0.531153067228601,,,,144.54
-0.5311507691258519,,,,144.54
-0.4985011452980095,,177.74,,
-0.49459053936665875,,,,138.22
-0.4918267747579348,,,,140.98
-0.4917513359527905,,,,142.77
-0.49093579364064266,,,,140.78
-0.4906511134154432,,,,142.33
-0.4892972666551333,,,,137.74
-0.48926368422195077,,,,137.74
-0.4892100953368075,,,,137.73
-0.4890566580813993,,,,137.67
-0.48877564322674594,,,,141.7
-0.48686798973479406,219.86999999999998,,,
-0.4556119602052343,,157.75,,
-0.45053133619789665,,163.84,,
-0.44905390901549114,,165.89,,
-0.44572720697036405,,162.76,,
-0.4177886364817799,,,,124.77
-0.41610892904993624,,,140.49,
-0.4120454665240737,,167.29999999999995,,
-0.40780558765037767,,,,130.44
-0.4066642622442246,,,,127.74000000000001
-0.4060028083338654,182.69,,,
-0.40385311025800597,207.35,,,
-0.3961769374094265,,160.3,,
-0.3732804382023176,,156.66,,
-0.36403449731272786,,160.8,,
-0.36071095760597327,,156.81,,
-0.335883954022416,,,138.23,
-0.33328388522148733,,,136.95,
-0.3325642526836653,,,136.43,
-0.33167044586144234,,,,119.71
-0.3316676541973256,,,,119.70999999999997
-0.3316662583565213,,,,119.71000000000001
-0.3316550914201849,,,,119.71
-0.33159129314108227,,,,119.69000000000001
-0.3315047202033896,,,,119.67
-0.33150039096781825,,,,119.67
-0.33132284401767986,,,,119.61
-0.3310628491538363,,,,119.55
-0.3304743191917653,,145.84,,
-0.3302687547770674,,145.77,,
-0.330104857430613,171.43,,,
-0.3299969975490453,,,135.13,
-0.32997469188781514,164.85999999999999,,,
-0.32823914686371647,159.51,,,
-0.3265956421478736,,,,121.79
-0.32658033707179457,,,,121.78
-0.3264363219213404,,,,121.70000000000002
-0.3263719487806911,,,,121.65
-0.32633295025537246,,,,121.62
-0.3248492198421751,,,,122.48
-0.3240916954103713,,,,123.16
-0.3239701794795796,,,,123.13
-0.3235779176938065,,,,123.01999999999998
-0.3224197745013009,,152.23,,
-0.3221740589234091,,,,122.73
-0.3212477248541903,171.93999999999997,,,
-0.321239374479661,171.93,,,
-0.3194916517575085,,,,121.64000000000001
-0.31949034930985687,,,,121.65
-0.3159050159768245,,,,120.42000000000002
-0.31377947960466834,178.75,,,
-0.31368720050220944,178.71,,,
-0.31342229377887654,178.57999999999998,,,
-0.3134192002749756,178.60999999999999,,,
-0.31337839287630087,178.57,,,
-0.312578946011669,178.18,,,
-0.29113723478889963,,,131.87,
-0.28827649034902925,159.39,,,
-0.287444179634484,149.29,,,
-0.286678767951568,156.91,,,
-0.2863663010413384,156.94,,,
-0.28021031407811237,,140.1,,
-0.27966239047425545,,,129.3,
-0.277344077951619,,142.43,,
-0.27556982825039034,,139.92,,
-0.27507448076676655,,,133.69,
-0.2749535916986452,156.82,,,
-0.2743613953432783,,143.45,,
-0.274036181609671,,142.52,,
-0.27282231135139345,,141.68,,
-0.2728067584484348,164.17499999999998,,,
-0.2724329777028526,164.24,,,
-0.2715683262482641,163.74,,,
-0.27083596940427723,163.19000000000003,,,
-0.2706443578227361,162.88999999999996,,,
-0.27051979541084004,163.03999999999996,,,
-0.2699548187920501,162.55,,,
-0.26905126508952293,161.78999999999996,,,
-0.268782137293896,161.61,,,
-0.2685793746267603,161.39,,,
-0.26854900560312966,161.45,,,
-0.26827935028371397,161.47,,,
-0.2681835929344417,161.24,,,
-0.26798286218700884,161.29,,,
-0.26781813033052637,161.16,,,
-0.2677074267174361,161.14,,,
-0.2669881426708408,,142.75,,
-0.26657576520415405,160.47,,,
-0.24852632881941195,,135.91,,
-0.24810946523665434,,,,114.68
-0.2479025883432422,,,,116.13
-0.24788326145395456,,,,116.08
-0.24787697607266845,,,,116.12
-0.24771100400280432,,,,114.54
-0.2475256133920375,,,,115.9
-0.24719926760853184,,,,115.8
-0.24708212953617337,152.24,,,
-0.24687594728884754,,,127.08000000000001,
-0.24675539888067854,,,127.07,
-0.2460748773300998,,,126.75,
-0.24601597985354706,,133.72,,
-0.24588394028154925,,,126.66,
-0.24581774515427424,147.88,,126.66,
-0.245281120204076,,,126.39,
-0.24518158519834632,,,126.41,
-0.24311916479040807,,,,116.48
-0.2428522093782849,,134.55,,
-0.24272017437630122,,134.61,,
-0.24236732431287455,,,,113.46
-0.24212664316417176,,134.33,,
-0.24209441314107238,,134.32,,
-0.2420254763659333,,134.3,,
-0.24191422554273145,,134.25,,
-0.24189522823586485,,134.17,,
-0.2409732746690012,,133.71,,
-0.24082473426756879,,133.66,,
-0.24079591581945115,,133.63,,
-0.2407883906422108,,133.63,,
-0.24076229153125173,,133.62,,
-0.24072065733343617,,133.6,,
-0.24060501841954718,,133.55,,
-0.24058130969347336,,133.54,,
-0.2390952842930244,,,,116.5
-0.23881067551112278,,137.1,,
-0.23857658661074999,,137.68,,
-0.23833574668062485,,136.39,,
-0.23833236255971946,,136.87,,
-0.23825629247911395,,136.38,,
-0.23813538715102633,,,,114.67
-0.23804879535514545,158.57,,,
-0.23792330714188636,,130.91,,
-0.23782811499649403,158.57,,,
-0.23740882534056584,,135.25,,
-0.23732562297785365,,136.0,,
-0.23725064452320543,,,123.73,
-0.23698858895240016,,,129.16,
-0.2369526857675779,,,,116.23
-0.2369491276102963,,135.71,,
-0.23694751025510752,,135.71,,
-0.235630814779333,,,,116.38
-0.23562464753803192,,,,116.36
-0.23520926586462776,,,,116.19
-0.23519236823957856,,,,116.19
-0.23501798663958917,,,,116.14
-0.23495783661377045,,,,116.04
-0.2349550727366464,,,,116.02
-0.23495312175253547,,,,116.05
-0.23455230878159872,,,,115.78
-0.2344937132796202,,,,115.76
-0.23446864468627682,,,,115.83
-0.23439342905400373,,,,115.8
-0.23424393074502114,,136.6,,
-0.23403130811920425,,,,115.59
-0.233806826525778,,,123.74,
-0.23373213318757213,,,123.59000000000002,
-0.23369053997357514,,,,115.55
-0.23366427683452262,,,,115.48000000000002
-0.23355920627391402,,,,115.4
-0.2335477838247073,,,,115.54000000000002
-0.23347271354492038,,,,115.37
-0.23338179354162492,,,,115.33000000000001
-0.23335518271062605,,134.9,,
-0.23332089609453666,158.7,,,
-0.23326766412864064,,,,115.33000000000001
-0.23228988733854095,149.32,,,
-0.2320524252211048,,,124.09,
-0.23174301291610722,160.32,,,
-0.23099171735356905,148.92,,,
-0.23074161636571566,,,128.7,
-0.2307314248349812,,133.25,,
-0.23068638161032728,,133.19,,
-0.23058443951068597,,,,116.4
-0.23038310673816687,,,124.28,
-0.2302033973690063,,132.92,,
-0.23011219403910088,,132.87,,
-0.2297346393039882,,132.71,,
-0.22961859700706821,,132.68,,
-0.22954423903475585,,132.67,,
-0.2260655948105118,,135.6,,
-0.2247188906071893,,,123.59000000000002,
-0.2243174747913952,,133.35,,
-0.22399259688937434,,133.14,,
-0.22363111608849828,,134.4,,
-0.20950869509231795,141.96,,,
-0.2086777233824696,143.91,,,
-0.20843260907694483,143.38,,,
-0.20824145635233093,143.36,,,
-0.20536204959711846,,131.83,,
-0.20376343308710765,,127.1,,
-0.1996567791282282,,,121.43,
-0.1994465226063662,141.88,,,
-0.19677865967723185,,,121.2,
-0.19549374877471581,,127.53,,
-0.19396833780362743,140.2,,,
-0.19366646225404183,,129.84,,
-0.19364695656897635,144.66999999999996,,,
-0.19359373889201903,,,121.75,
-0.19280783282285507,149.22,,,
-0.19275982034232508,,130.39,,
-0.19182759045310183,,130.62,,
-0.1917595203815916,,130.59,,
-0.1916690863414411,,130.55,,
-0.19162334583268004,,130.53,,
-0.1916156072647377,,130.54,,
-0.19159703409716067,,130.53,,
-0.19158207175815367,,130.52,,
-0.1909584927641883,143.15,,,
-0.188326425208018,142.67,,,
-0.18830111209155787,,,123.18999999999998,
-0.1871043952623589,,,123.42,
-0.18444837483096088,143.39,,,
-0.183511399470056,142.22,,,
-0.1817490415697326,,,122.02,
-0.18167908684,,,122.0,
-0.1810800175335079,,129.8,,
-0.16570566387824637,136.26,,,
-0.16558853752285774,134.33,,,
-0.16543028640972068,,124.15000000000002,,
-0.16538518516972944,,124.12,,
-0.16515385588301468,,123.99000000000001,,
-0.16502629123465473,,123.97,,
-0.16485178520238464,,,,111.5
-0.16480243610425438,,,,111.5
-0.16456956221983066,134.34,,,
-0.16431979809966313,135.78,,,
-0.16323260815584628,,126.52000000000001,,
-0.16314542670482446,136.91,,,
-0.16293737829894228,132.32,,,
-0.16228541941018193,135.67,,,
-0.16227717358182425,135.98,,,
-0.16162840268832235,136.55,,,
-0.1611869456363163,131.75,,,
-0.16116865144649128,131.76,,,
-0.16113557915514198,130.01,,,
-0.16108350260221416,136.32,,,
-0.16107927989562143,,120.62,,
-0.16048133802484343,,,118.89,
-0.16033912223531155,,122.05,,
-0.1603197334518962,,,118.78,
-0.1602266548258625,,,118.77,
-0.16020056090204537,,,118.69999999999999,
-0.16003708436272546,,,118.71,
-0.15993917959660275,,,118.67,
-0.15971400025712745,,,118.57,
-0.15968575608534563,,,118.47000000000001,
-0.15806223814420073,,122.84,,
-0.15805887104955962,,122.83000000000001,,
-0.15657010800119775,131.65,,,
-0.1564781528896001,,120.58,,
-0.1564724606183353,,120.58,,
-0.15429166323978594,136.73,,,
-0.1537169492088417,,,,113.33
-0.15322230666477554,136.0,,,
-0.15314880445782475,,,,114.58
-0.1531082831514704,132.22,,,
-0.15299656053078314,135.95,,,
-0.15293629339745596,135.96,,,
-0.1529104620005164,136.03,,,
-0.15264811234360798,135.82,,,
-0.15250843730818886,135.79,,,
-0.15234716130600412,135.76,,,
-0.15233853903428052,,,119.25,
-0.15209237105709694,,,,112.35
-0.15183329113703958,,,116.39,
-0.15182969418795533,,126.98,,
-0.15181602550319573,,126.99,,
-0.15167175804999877,,126.92,,
-0.15123505908464951,134.62,,,
-0.1511824664855007,,126.65,,
-0.15114337803765998,,126.63,,
-0.15102500995423174,,126.74,,
-0.1508062033606844,133.07,,,
-0.1506980200647593,,126.37,,
-0.150585299816845,134.77,,,
-0.15042960650872872,,126.2,,
-0.14915992305002346,,122.75,,
-0.14807082768752777,,127.05999999999999,,
-0.1480093131101985,,,,112.14999999999999
-0.14799243587684574,,122.06,,
-0.14791003634163702,,124.74,,
-0.14778785968412322,,124.68,,
-0.14687159948351614,135.81,,,
-0.14676568735276385,,,,110.96
-0.14585288084604975,133.62,,,
-0.14484233030464988,,124.75000000000001,,
-0.1442314460284958,,,118.47,
-0.14420379930723293,,125.77,,
-0.14416150185963006,,,,112.17000000000002
-0.1220418296899114,128.89,,,
-0.12201833769223347,128.88,,,
-0.12191738120639772,128.80999999999997,,,
-0.12041516404257191,125.11,,,
-0.11982678191067997,128.45,,,
-0.11980833616950637,125.39,,,
-0.11932108882108128,128.18,,,
-0.11818855774069836,127.87,,,
-0.11607698127661625,121.97,,,
-0.1160289833049446,121.61,,,
-0.114198387503617,126.2,,,
-0.11412028980921951,126.29,,,
-0.11407824587492688,126.2,,,
-0.1140361979496266,126.25999999999998,,,
-0.11394274382396996,126.22,,,
-0.11390273943297369,126.18000000000002,,,
-0.11389058785131334,126.18000000000002,,,
-0.11099822199644405,128.18,,,
-0.1109658551619439,128.11,,,
-0.11071135469150584,127.77000000000001,,,
-0.11063942061122789,127.77000000000001,,,
-0.11063339419141971,127.82,,,
-0.11060778099606006,127.81,,,
-0.11060627429156611,127.76,,,
-0.1105429880927119,127.76,,,
-0.11051567430218368,127.80000000000001,,,
-0.10956203172503276,120.98,,,
-0.1083894817980896,129.61,,,
-0.10781825238164733,126.81,,,
-0.10734875140406597,124.68,,,
-0.10734268030562033,123.81,,,
-0.10732826111583538,123.9,,,
-0.10700085812965154,123.73,,,
-0.1032906670492626,127.38,,,
-0.1021019152807503,123.12,,,
-0.10059425022752821,128.8,,,
-0.1002067596324473,128.58,,,
-0.08298410311260207,,,,110.64
-0.08283615409853429,114.1,,,
-0.0823945082145503,120.24,,,
-0.08187332063675423,118.78,,,
-0.08185416213245211,118.78,,,
-0.08173229532908521,,,,112.38
-0.08144263609262392,120.96,,,
-0.08087697705451158,,115.47,,
-0.08085566488498896,,115.46,,
-0.08085412883458776,121.23,,,
-0.08063653383257552,121.3,,,
-0.08058101429048747,,115.30999999999999,,
-0.07970738041215719,,115.62,,
-0.07918255687146414,120.02000000000001,,,
-0.07898364170286709,120.28,,,
-0.07884384854015591,115.2,,,
-0.07846397537655747,,113.06,,
-0.07748477902301032,,115.85,,
-0.07686891559581721,122.18,,,
-0.07678310949520184,119.91,,,
-0.07670639347248209,119.92,,,
-0.07652947182732772,119.76,,,
-0.07565433169388025,119.24,,,
-0.07501638167010427,116.13,,,
-0.07475846464578495,115.74,,,
-0.07455510288212985,115.71,,,
-0.07435282009983946,115.61,,,
-0.0742741415102417,115.57,,,
-0.07426362405172515,115.56,,,
-0.07416700806758236,115.13,,,
-0.07399554297218391,115.13,,,
-0.07397118198318331,115.11999999999999,,,
-0.07396163212578633,115.11,,,
-0.07394915854600748,115.1,,,
-0.07385111230481411,115.02,,,
-0.07375304530000193,114.94,,,
-0.07195472488941501,,113.76999999999998,,
-0.07186506605578513,,114.45,,
-0.07186487027518573,,113.71000000000001,,
-0.07175306606291232,,,,112.31000000000002
-0.0717526744071243,,,,112.3
-0.07167414074474943,,113.46,,
-0.07062588488560995,,118.26,,
-0.0702639562888826,,118.01000000000002,,
-0.07023252216755849,,113.55,,
-0.0701553030839357,119.60000000000001,,,
-0.07005507598812455,119.60999999999999,,,
-0.06973145049797902,115.31,,,
-0.06905811531661754,115.31,,,
-0.06905003961826828,115.39000000000001,,,
-0.06843705969095393,,,112.71000000000001,
-0.0675838533495885,,117.75,,
-0.06719938062038866,,115.10000000000001,,
-0.0670822956390762,118.94,,,
-0.06701840072959153,,113.18,,
-0.06701662025074351,116.2,,,
-0.0669732931707746,115.85,,,
-0.06598914085011132,,113.21,,
-0.06560870920638762,116.54,,,
-0.06526827968787607,117.2,,,
-0.06504324175006904,,,,111.36
-0.06502198367060896,,,112.29,
-0.06497568936792353,,,,111.33
-0.0649635686430432,,113.99000000000001,,
-0.06486261662916559,,113.59000000000002,,
-0.06482405833627525,,113.15,,
-0.06440348705325794,,115.32,,
-0.06426221754542372,,115.22,,
-0.06407591535502577,,114.97,,
-0.06392339489455301,,115.0,,
-0.06389611119041994,,115.09,,
-0.06374911029567432,,,113.0,
-0.06372360950720579,,113.58,,
-0.06357336572801953,,113.48999999999998,,
-0.06335807841949348,,,,110.24
-0.06244979312102361,,115.03,,
-0.062403310341379026,109.28,,,
-0.061398903588772646,119.84,,,
-0.06124100951581579,,,,111.72
-0.06043355439481135,120.94,,,
-0.06032841094913888,,,,111.72
-0.0552188868882858,112.76,,,
-0.054931577046178126,114.91,,,
-0.0534741907150551,,116.05,,
-0.048834325328675376,117.47,,,
-0.047350289510247,117.29,,,
-0.04661461323697225,117.10000000000001,,,
-0.04494251384418113,110.92999999999999,,,
-0.0448066349004731,117.48999999999998,,,
-0.04429582654606379,115.68,,,
-0.04423330732231989,116.67000000000002,,,
-0.04083799065567684,114.3,,,
-0.04066396064386468,114.53,,,
-0.04046242035038472,117.89250000000001,,,
-0.03978905417969392,114.63,,,
-0.039203424446090374,115.75,,,
-0.03334238411278878,116.16,,,
-0.033296075848019524,116.12000000000002,,,
-0.03315255434649489,115.73,,,
-0.03126915744213776,,,110.1,
-0.03126038499397055,,,110.1,
-0.029821596846160925,108.90000000000002,,,
-0.029005127284481236,113.96,,,
-0.02688443300681076,109.63000000000001,,,
-0.026812376830941398,109.44999999999999,,,
-0.024299606198836754,113.71999999999998,,,
-0.022334346775881864,114.29,,,
-0.02232769747758423,113.02,,,
-0.022311905031629164,112.96,,,
-0.021953320808665966,113.12,,,
-0.02187325306031407,112.97,,,
-0.020956121753063384,104.09,,,
-0.020943477192149285,104.1,,,
-0.020871682525767654,104.02,,,
-0.020218014271589646,113.27,,,
-0.016623130862449265,111.1,,,
-0.015453737776376597,112.41,,,
-0.013926091033084398,114.41,,,
-0.01354756002038393,108.17,,,
-0.008715290798642306,106.73,,,
-0.008630399694911306,106.82,,,
-0.00802591458427726,107.35,,,
-0.007190744773128976,111.87,,,
-0.006647850745246653,110.47,,,
-0.006513466815647351,110.34,,,
-0.0064972962986529215,110.31,,,
-0.006112198513651412,106.32000000000001,,,
-0.005861398888383884,107.23,,,
-0.005361314142026674,106.83,,,
-0.005257320882823602,106.73000000000002,,,
-0.005046320386092762,113.26,,,
-0.00444251640498694,105.98,,,
-0.00439506620560981,107.66999999999999,,,
-0.004348033322564726,107.56,,,
-0.003761964394876638,107.70000000000002,,,
-0.0035761017692248487,108.57055555555553,,,
-0.003545258762335357,106.85,,,
-0.00346560737181012,109.55599999999998,,,
-0.0034470131716740626,109.55,,,
-0.0034267277983088817,112.69,,,
-0.0034060189611546665,111.67,,,
-0.0034041170860215075,106.71,,,
-0.0032823819769702833,108.05,,,
-0.002857978759177704,112.9,,,
-0.002695480703961195,111.66,,,
-0.0024353312784916037,111.63,,,
-0.0019703653149452105,113.15,,,
-0.0018463718389855055,111.49,,,
-0.0015594791199533553,112.15,,,
-0.0005251407489648141,,,107.96,
-0.0002618064394386277,107.17,,,
0.0005655279744571917,102.28000000000002,,,
0.00130041228011879,109.54,,,
0.0013569451880643957,109.57999999999998,,,
0.0014109462978775245,105.91000000000001,,,
0.0015233587588121544,106.02,,,
0.0022700350048139306,110.24000000000001,,,
0.002319837274440628,110.31,,,
0.0030572348637618596,,105.57,,
0.00307085964217535,109.12,,,
0.0043788826828967675,,107.91,,
0.004384557085242546,108.2,,,
0.004715464580430817,108.43,,,
0.00474848319610488,,106.39,,
0.005568334653141882,,106.86,,
0.005584977063235019,,106.84,,
0.005600988002970597,,106.87,,
0.005610468404976254,107.83000000000001,,,
0.005611521794010921,106.59200000000001,,,
0.0063302364917987575,,,,110.34
0.006340574582730296,106.33,,,
0.006703597308493903,,,,110.05
0.006926183709906164,107.8,,,
0.007013217677865224,107.37,,,
0.00707026266280697,,107.99000000000001,,
0.007184160686160901,107.8,,,
0.007259825190057301,107.79,,,
0.007507187934093995,,107.05999999999999,108.58,
0.007529604578214499,103.95,,,
0.007972643622452091,112.43,,,
0.008611440427415795,,107.24,,
0.008742434431741719,106.16000000000001,,,
0.008749218219355814,106.53000000000002,,,
0.008973982765042798,,,,110.47
0.009659921297008989,106.72,,,
0.009711956525168874,,,,110.30000000000001
0.010567802257145154,109.07,,,
0.011076554293231178,,108.81999999999998,,
0.011105519603966885,103.75,,,
0.011131717601022606,,108.86,,
0.011132782588967549,,108.86,,
0.011137681562410018,103.8,,,
0.011144284601726007,,108.87,,
0.011251436293055583,,108.85,,
0.01177452604687046,105.29,,,
0.011854721271968849,104.47,,,
0.01193663590098204,,,,109.52
0.012084286379369757,,108.71,,
0.012104346271260003,104.65,,,
0.012284921088172585,,106.32,,
0.012330395114662274,105.06,,,
0.01257769160554112,,108.72,,
0.012652459574597374,,107.49,,
0.012921715712125081,,104.8,,
0.014313013192197355,,106.57,,
0.014360813213063928,,108.60999999999999,,
0.014519464401357318,,106.59,,
0.014549270634188316,106.66,105.77,,
0.01492961463122544,,107.0,,
0.01642866354241912,,109.81000000000002,,
0.01642973971775441,,110.54000000000002,,
0.016602603053323728,,113.14,,
0.01660389490603098,110.08,,,
0.017690366252224532,103.03,,,
0.018006628495659704,,112.09,,
0.018404694506173325,,109.34000000000002,,
0.01843148820422935,,109.35,,
0.018488321440006672,112.6,,,
0.0184909147427621,,109.35,,
0.018533490017735188,,,,112.46999999999998
0.018551212754977175,112.72,,,
0.01865302237535027,,109.50999999999999,,
0.018666857949665383,112.79,,,
0.01869820556311086,112.79000000000002,,,
0.018786854083828297,111.87999999999998,,,
0.018793989879555273,109.16,,,
0.018845024544613453,110.96,,,
0.01913684205162447,,110.5,,
0.019148094108135005,,110.49,,
0.019275562634802013,,111.00000000000001,,
0.019414970491122174,,109.99,,
0.019485554845455555,,110.01,,
0.019559613969241108,,109.29999999999998,,
0.019713180175246148,105.80999999999999,,,
0.01971621297792825,,110.16,,
0.02017719202604007,103.95,,,
0.020182179032620873,,108.71,,
0.021256303652429365,106.48,,,
0.021301642690742195,103.62000000000002,,,
0.021339534740238975,103.62,,,
0.021528282925878273,,111.47,,
0.021552463703094382,106.65,,,
0.021743554288215172,,108.7,,
0.021960470568998414,106.99,,,
0.022017884887144623,,110.85000000000001,,
0.022018102495640512,,111.68,,
0.022273674345750116,105.32,,,
0.0226604511637023,,107.51,,
0.022740202255397968,,109.94,,
0.022855274928581304,,106.42,,
0.02300155048672492,,111.22,,
0.0230298948517087,,110.26,,
0.023082881223061458,,111.27,,
0.023182327253782997,,109.86,,
0.023328260041355353,,111.39,,
0.02345481244444292,,108.27,,
0.023562406599930474,,109.52,,
0.023864398563246514,107.09,,,
0.02404587725530094,,,108.26,
0.02404734860557145,107.08,,,
0.024060078191253886,,,108.85,
0.02411262730869468,108.5,,,
0.024367400866322164,107.55,,,
0.024519527022022647,105.37,,,
0.024630625995946342,105.43,,,
0.024848176063060334,109.2,,,
0.02492379798324884,,,109.27,
0.024926643010790395,,111.07,,
0.024956407322801022,,111.08,,
0.025000181510448805,,111.1,,
0.02555151125479993,108.08,,,
0.02561275554584075,,111.27,,
0.026243614840508966,,108.24,,
0.026423344459334697,,110.88000000000001,,
0.026856273232623185,108.37,,,
0.02703981876170669,,108.62000000000002,,
0.028142839884745197,,108.27,,
0.02851980467359394,107.39,,,
0.02865151344027672,108.42999999999999,,,
0.028669446074361726,,111.76000000000002,,
0.02883128195807183,,109.04,,
0.028862596686290765,,108.51,,
0.028870094861822793,,108.47000000000001,,
0.028982801195592156,,108.56,,
0.030250466503718876,108.9,,,
0.031192498933897195,,,,111.01500000000001
0.03164839359449512,,,,111.15000000000002
0.03180562329765513,,,,111.27
0.03248410082035158,,107.84,,
0.032506088021574175,,107.87,,
0.03274534264123763,,109.33,,
0.03287667990398546,,108.04,,
0.03317917878280108,104.44,,,
0.03338033778619787,,112.92000000000002,,
0.03347706398024486,103.8,,,
0.03358015801717995,,112.07999999999998,,
0.033824809340090356,,112.28000000000002,,
0.034031484104458665,,113.25,,
0.034338125977739775,104.48,,,
0.03436015127517211,109.08,,,
0.03440941364286876,,108.97,,
0.034477444274916724,102.61000000000001,,,
0.03475881566996519,102.92,,,
0.03499442898406846,102.97,,,
0.035014104707518756,103.0,,,
0.035119710538279225,103.08,,,
0.03513698559237177,103.09,,,
0.035422449123547306,,,,112.40000000000002
0.03568571377240071,106.22,,,
0.03579178513535197,,,,112.49
0.035794303089055735,107.53,,,
0.0359355470500784,107.49,,,
0.0359748750193436,,,,112.59
0.036072594153096826,109.98,,,
0.03642807156794925,110.22,,,
0.03722955562333996,108.16,,,
0.03805811713696916,102.16,,,
0.0395598254204812,104.32999999999998,,,
0.0396715802238663,104.42,,,
0.03971697630782067,109.56,,,
0.03979485908445435,109.61,,,
0.0398988386409771,101.92,,,
0.04158051927788464,104.75925,,,
0.041641710667348564,102.5,,,
0.04166254341909892,102.49,,,
0.04173307715033503,103.76000000000002,,,
0.04175586701277956,103.83,,,
0.04177388256208037,103.78,,,
0.04190500243597395,104.63,,,
0.04205722102929821,105.0,,,
0.04206981742728377,105.02,,,
0.04208241412980396,105.6,,,
0.04245045910560652,103.93,,,
0.04255740164669852,103.95,,,
0.042584575503349376,108.15,,,
0.0425947932398989,107.11,,,
0.042843776579480686,107.8680373831776,,,
0.04328266804936387,103.98999999999998,,,
0.04332272413232596,105.46,,,
0.04388825794010165,106.89,,,
0.044124710255392774,106.38,,,
0.04420414489376712,106.45,,,
0.04475584802085919,106.51,,,
0.04480418876925052,104.81,,,
0.045249258500176026,106.09,,,
0.04537207510120256,106.54,,,
0.046895254151620325,103.85,,,
0.047190686585230734,106.4,,,
0.04771844341539966,106.41,,,
0.04773434930778975,106.88,,,
0.04778856738649018,106.92,,,
0.04790710495987249,106.49,,,
0.047946548737748396,106.55000000000001,,,
0.04810530859050166,105.64,,,
0.04816748877936705,104.65999999999998,,,
0.04864562174723219,108.33,,,
0.04910349909588274,108.49,,,
0.04948665409801456,,,107.66,
0.04951000476897338,103.49,,,
0.049644401469670196,108.71,,,
0.05019821441098804,109.2,,,
0.05062389198577799,105.42,,,
0.05092008053050456,110.19,,,
0.05279532197918635,110.93,,,
0.053218276960176114,,,110.14,
0.053411990904419504,106.22,,,
0.05368815087634182,107.17,,,
0.05377098268780722,107.25000000000001,,,
0.053837168668325,104.46,,,
0.05386448946694067,107.35,,,
0.05406155213514929,104.55,,,
0.05423401464963584,104.68,,,
0.05484631205687229,107.0,,,
0.055049752981201294,106.42,,,
0.05505442814783934,105.37,,,
0.05507424240921566,105.41,,,
0.05520672766042933,105.48,,,
0.055237237380470594,105.52,,,
0.055254385953804386,104.65,,,
0.055273985005823034,106.57,,,
0.05548226990328198,105.69,,,
0.05575193714644189,106.79000000000002,,,
0.05580967721364227,108.84,,,
0.05583553967766597,106.87,,,
0.055876342520372546,106.97,,,
0.05630105763199711,106.28000000000002,,,
0.05632225772403965,106.26,,,
0.056407289801887694,109.32000000000001,,,
0.05640974499958995,107.36,,,
0.05645126188877425,110.19,,,
0.056611110054499925,110.30999999999999,,,
0.05668077969516028,108.39999999999999,,,
0.05668412942858958,108.45,,,
0.05669752857468624,107.42999999999999,,,
0.056822156910612875,105.34,,,
0.05686169569654376,108.53,,,
0.05708848655161458,107.67,,,
0.057972894311258516,108.14,,,
0.05814104088910943,108.17,,,
0.05832290532497297,107.71000000000001,,,
0.05862114595739043,107.92999999999999,,,
0.058816404200197514,109.8,,,
0.05917011479497547,108.92,,,
0.05923249284647336,110.06,,,
0.059425731925455416,108.99,,,
0.059539553777036014,109.18,,,
0.05994722310786704,108.36999999999999,,,
0.06004520032734195,109.62,,,
0.06012543828235928,108.56000000000002,,,
0.06032799762147212,111.07000000000001,,,
0.060532658891123914,111.16,,,
0.0608085143037298,111.42,,,
0.0610126856798725,,,107.3,
0.06133745075659558,111.35,,,
0.06146542945086786,112.53,,,
0.06148661200010608,111.42,,,
0.06154565718487004,112.57999999999998,,,
0.06155332001862379,112.49,,,
0.06168089991470471,111.55000000000001,,,
0.06183624616252392,105.64,,,
0.061854060901577856,107.79999999999998,,,
0.062145044402973415,107.91,,,
0.06238313785483607,107.07999999999998,,,
0.06252062618165577,109.71230769230769,,,
0.06449193052499491,101.16,,,
0.06452725909904689,101.11,,,
0.06466090230863197,107.18,,,
0.06466815677621884,112.12,,,
0.06531828620968905,107.5,,,
0.06600420901101889,109.82,,,
0.06614309090234527,110.32,,,
0.06753458651930133,110.96,,,
0.06791467447184152,111.37,,,
0.0682594272292063,107.28000000000002,,,
0.06846112268028715,106.46,,,
0.06898639565153442,106.37,,,
0.0700550343991222,106.07,,,
0.070098286387408,105.98,,,
0.0707805197611473,108.84,,,
0.07795860004882504,105.18,,,
0.0820795532157177,109.83,,,
0.08485894281134176,108.85,,,
0.08497322515593897,,108.52000000000001,,
0.08592221092058727,106.07,,,
0.08643738435300108,106.23,,,
0.08652001487041128,106.27,,,
0.08656450452867537,106.81,,,
0.08709672631273713,,,,109.66
0.08757373802230983,,109.13,,
0.0876326545808368,,,,111.95
0.08766905410024028,,,,109.78000000000002
0.08779829207300449,,,,109.81000000000002
0.0878406196340169,105.34,,,
0.08789433031317118,,,,109.83
0.08791094528372834,105.32,,,
0.08851648600084072,,,,110.05
0.08891721004333464,,104.13,,
0.08934538512444412,104.82,,,
0.09051231219857558,105.88,,,
0.0907245830233332,,,,109.16999999999999
0.09090558170232454,104.98,,,
0.09092519226486995,106.92,,,
0.09156784828886244,,106.05,,
0.09189744899159069,,,108.12,
0.09192136624626968,107.2,,,
0.09206759898437711,105.44,,,
0.09261895192562308,106.94,,,
0.0931397074589968,,,,111.24
0.09320336546860686,,,,111.26
0.09329484374819308,,,,111.68
0.09330380852381692,,,,111.3
0.09330817603186747,,,,111.68
0.09337461243023948,,,,111.68
0.09346726905498137,,,,109.92
0.09350589977976376,,,,111.3
0.09366298018114416,,,,111.4
0.09375384522836216,,,,111.81
0.09385738077112316,,,,111.47
0.09395702347757995,,,,111.5
0.09398141914635771,,,,111.88
0.09419527303433606,,,,110.53
0.0942332644387236,,,,111.8
0.09456286421842419,,106.77,,111.63
0.09465111363910017,104.45,,,
0.09502846547554245,107.32,,,
0.09508127398385935,,104.22999999999998,,
0.09518067848549139,104.03999999999999,,,
0.09520651277189818,,,,111.84
0.09537931089687546,,106.71,,
0.09558055445646363,104.27,,,
0.09572253102633166,,106.12999999999998,,
0.09643805230431202,104.67,,,
0.09649908927316009,,,,110.56
0.09653770328912814,,,110.83,
0.09655828312713122,,,,110.61
0.09658626369652068,,,,110.6
0.09661702084584611,,107.68,,
0.09663829747747887,,,110.88,
0.09677985434763547,,103.34999999999998,,
0.09680345071239493,,,,110.67
0.09685550510723351,,,,110.68
0.096889053891003,,,,110.69
0.09692029081044495,,,,110.69
0.09692237333499842,,108.77,,
0.09721168969334193,,,,112.17
0.09809168558763126,,,,112.01
0.09825634908331504,,,,112.39
0.09849229819587424,,112.13000000000001,,
0.09853499795186615,,110.24000000000001,,
0.09854126395622731,,,,112.5
0.09881611016561265,,107.12,,
0.09885442313206894,,111.64000000000001,,
0.09889088098081933,,107.2,,
0.0989363986332612,,110.92,,
0.09900421764003231,,109.67,,
0.09904602804765461,105.02,,,
0.09908203400348459,,105.7,,
0.09920702782240953,,,,112.05
0.09925466305942021,,112.39,,
0.0997307774462135,,107.55,,
0.0998584778254783,,107.6,,
0.10024245535184373,,107.75,,
0.10026084645605993,,113.35,,
0.10055751704065163,,107.88,,
0.1006257692474577,107.64,,,
0.10081496295440107,,107.00999999999999,,
0.10082405148130702,,107.61,,
0.10084386032916504,,,,111.01
0.10108978243736377,,107.54,,
0.10128519982819961,,105.57,,
0.101323451920454,,,,111.14
0.10135750784823117,,108.88,,
0.10156562132325986,,107.96,,
0.10175700579736069,,108.15999999999998,,
0.10192253696473319,,108.97,,
0.10197531193848275,,108.97,,
0.1020787748953238,,105.10999999999999,,
0.10208344636753286,,108.99000000000001,,
0.10214604791622328,,109.02000000000001,,
0.10224790742474199,,109.07,,
0.10233529732738811,,108.39,,
0.10238904666243243,,109.14000000000001,,
0.10250871617948487,,108.45,,
0.10267096595248937,,109.27,,
0.10295396524676903,109.646,,,
0.10297548849087512,,109.36,,
0.10309668939470118,,108.7,,
0.10350634898133637,109.72000000000001,,,
0.10353890070123528,,,,111.6
0.10355576277880418,109.77,,,
0.10358972269337019,109.77,,,
0.10397091970755801,108.58,,,
0.10397677912227055,108.73,,,
0.10422457209705183,108.92,,,
0.10430664726767991,108.82,,,
0.10445136378503994,109.09,,,
0.1045168153126812,108.82,,,
0.10454051114736274,109.09,,,
0.10463858986935937,108.87,,,
0.10467073907783364,108.88,,,
0.10472518580096724,108.81,,,
0.10504305524003987,,109.87999999999998,,
0.10520793105712922,,109.95000000000002,,
0.10542126222526838,,,110.41,
0.10543019197708525,,110.36000000000001,,
0.10651858610757414,,,,112.13000000000001
0.10682806490269492,,111.29,,
0.10688885047889984,,,,112.23
0.10823160335538429,109.55,,,
0.10841822324821959,,112.17999999999999,,
0.10859568854345225,,106.41,,
0.10865808664802556,,106.44,,
0.10887440717868224,,106.53,,
0.10938185029958647,,106.04,,
0.10946540409503691,,105.37,,
0.10946824467188532,,107.51,,
0.10957501356562149,,,,111.93
0.10988786290665109,,107.04,,
0.11010703353142337,,109.61,,
0.11015632922539909,,,,111.54
0.11016486161688244,,,,111.54
0.11021179211454979,108.11,,,
0.11029475977171477,,108.98,,
0.1103336403121149,,108.99,,
0.11038817248684452,,110.42,,
0.11044863833371199,,,,111.58000000000001
0.11052642369487509,,,,111.26
0.11061181041685542,,,,111.28
0.11076933593082461,,112.88,,
0.11080635141982431,,,,111.31
0.11101947574409454,,109.46,,
0.11103466812753471,,109.48,,
0.11115717189986096,109.47,,,
0.11136283004270187,106.27,,,
0.1127664701207225,106.69,,,
0.1140103945739126,110.47,,,
0.1148850446318499,,,,111.69
0.11834667069271476,,,,111.74
0.12021308176219869,107.59,,,
0.12028741404487087,,109.32,,
0.120294413371834,,,,112.32000000000001
0.1203226529240422,,107.09,,
0.12044431650311038,107.78,,,
0.1267255332072097,,,110.27,
0.12683133567700344,100.3476201923077,,,
0.126859082724186,99.98,,,
0.12781554451456634,,,109.49,
0.12834412991503563,,,109.60999999999999,
0.12996265473426094,105.1,,,
0.13022233357005208,106.29,,,
0.13188729840091584,102.04,,,
0.13328097855034882,104.39,,,
0.13339324925794216,104.49,,,
0.13468691676567168,,,107.42,
0.1369471831186082,104.87,,,
0.13742135205276118,104.91,,,
0.13772138425296676,105.18,,,
0.13848919953246042,104.17000000000002,,,
0.13860466528501902,104.16,,,
0.1387945985706862,104.14,,,
0.13921094452612293,104.29,,,
0.14025711530997897,106.41,,,
0.1406745315471496,106.62999999999998,,,
0.1428815727066335,105.69999999999999,,,
0.14298752810108928,105.74,,,
0.1434420527918725,109.48,,,
0.14633180191895945,107.79,,,
0.146446673457594,107.57,,,
0.14658201777202118,105.66,,,
0.15003824942029564,,,109.03999999999999,
0.1507237093195195,,,110.09,
0.15139059198747296,106.32,,,
0.151403603637412,108.62,,,
0.15278721533360717,112.35,,,
0.15455887191901163,,,110.42000000000002,
0.1554793795075733,107.84,,,
0.1636917372276001,,,,111.36000000000001
0.1638184365651063,111.77,,,
0.16408211693937802,111.96,,,
0.16606274333751303,,105.69,,
0.16650772998845564,104.43,,,
0.16728751771515138,102.59,,,
0.16839077330151975,102.25,,,
0.16940673281749974,103.3,,,
0.17056317884825778,,107.14,,
0.1717535417297007,106.07,,,
0.1720375286416671,,105.83,,
0.17331791258362506,,107.12,,
0.1733668357502245,106.48,,,
0.1742481509261149,106.87,,,
0.1745594615483841,106.94,,,
0.17569206273492854,,106.88,,
0.1784397709954828,110.07,,,
0.17848738618652837,,,,110.86
0.17900768397204314,,,,112.44000000000001
0.1791355336283138,,,,112.47
0.18015261480724853,,104.60000000000001,,
0.18282529226873723,109.82,,,
0.18288425625413085,109.84000000000002,,,
0.18338743808876168,,113.28,,
0.1836140471315113,,,,112.04
0.18398391135005032,,108.06,,
0.1839949257360325,,109.56,,
0.1844306589876079,,112.82,,
0.184597775113843,,108.07,,
0.1846762131824844,113.14,,,
0.1846787193623045,,112.85,,
0.18471079940053636,,108.07000000000001,,
0.18471105003267474,,,,112.72
0.1849123418776799,113.22,,,
0.18525040531330816,113.13,,,
0.18537936161394475,113.19,,,
0.185389398300575,113.19,,,
0.18539266026032486,115.15999999999998,,,
0.1854044536492041,,112.23,,
0.18540947218373183,,112.23,,
0.1854920331759946,113.23,,,
0.1854922841387907,113.23,,,
0.18550859694845845,,108.41000000000001,,
0.18551160859318094,113.23,,,
0.18552290239716962,113.24,,,
0.18564865461694757,,107.91000000000001,,
0.18565467934498514,113.26,,,
0.18569108004600499,,112.32,,
0.18605345161674958,,112.45,,
0.1862129853888217,,106.29,,
0.18654802033997564,,112.61,,
0.18655681975651017,109.86,,,
0.18681910227731513,,110.57999999999998,,
0.1869838739762264,,112.03,,
0.1870822556852232,,110.66,,
0.18719877481086433,,,108.35000000000001,
0.18726094447880204,,111.59,,
0.18728083007891172,,111.59999999999998,,
0.1875983347326493,,111.70000000000002,,
0.18768800199701263,,111.72,,
0.18788955087805181,,109.26000000000002,,
0.18836396447555703,,108.40500000000002,,
0.18868457193558186,,,108.41,
0.18876027163172204,,108.65000000000002,,
0.1888059484453073,,,109.08000000000001,
0.18887737281878159,,109.26000000000002,,
0.18888065400324794,,109.26000000000002,,
0.18899071037311588,,109.31,,
0.18919547952821203,,109.51,,
0.18958728756042187,111.94,,,
0.19007469206286043,108.50999999999999,,,
0.19015512184319316,108.615,,,
0.19107679297468882,108.94,,,
0.19113556909479645,108.96000000000001,,,
0.19115837173755557,108.97,,,
0.19127366512999444,109.01,,,
0.19187152135801844,,,,111.07
0.19369872024839152,,,,111.16900000000001
0.19463175156267432,,,,111.94999999999999
0.1949450410634328,110.4,,,
0.19582460755065,,,,112.41
0.20064543268045365,,,111.07,
0.20525906182634635,,,,112.38
0.2055805462356286,110.32,,,
0.2057035807889218,,110.47,,
0.20897358559470458,105.46,,,
0.20956103778668678,110.65,,,
0.2096074531840204,112.59,,,
0.2101106833995765,108.81,,,
0.21787820000121805,,,108.54,
0.21977584726050958,110.77,,,
0.22285628023143178,,,108.29,
0.22362172198597197,113.1,,,
0.2241291903736169,113.29,,,
0.22426562004620987,113.36,,,
0.2258370089069739,113.81,,,
0.22866023710176853,,,110.47,
0.22893176589443143,,,109.95,
0.22997891222361533,111.41000000000001,,,
0.23275314585850193,,,110.22,
0.2333075543702572,110.97000000000001,,,
0.23331568416061188,111.04,,,
0.23389579835079188,111.14,,,
0.23451087933997083,111.24,,,
0.23496615021659828,120.26999999999998,,,
0.23544544091876252,117.97999999999999,,,
0.23576052324657293,111.65,,,
0.23586163634046886,111.70000000000002,,,
0.23613319633567498,111.94,,,
0.2483198798169275,117.75,,,
0.24853028611578343,117.86,,,
0.2487214061636458,117.97,,,
0.25077235192731506,109.36,,,
0.2508364969073067,111.16,,,
0.25084353761067635,109.4,,,
0.25095359149818575,108.52,,,
0.2509603727027936,109.43,,,
0.25101305995083933,109.43,,,
0.25114845001474273,109.49,,,
0.25116462573912557,109.5,,,
0.2514297584990852,109.58,,,
0.2544606530053113,110.63,,,
0.2544724556528306,110.64,,,
0.2545283245314234,110.64,,,
0.2567213647658897,112.43000000000002,,,
0.2569267136310349,112.51,,,
0.2571666355517923,112.62,,,
0.2571711135602668,112.61,,,
0.2571782257569417,111.68,,,
0.25720693877653655,112.59,,,
0.25722248123333524,111.76000000000002,,,
0.25754738019346113,111.82,,,
0.2575753193298129,111.86,,,
0.2576717979676024,111.87,,,
0.2578125884399476,111.94,,,
0.2580454628275872,111.97,,,
0.25837949663561743,113.16,,,
0.25885737292831434,113.21,,,
0.2592779929627349,113.33,,,
0.2593623093010622,113.36,,,
0.25936997498261527,,,109.44999999999999,
0.2593839849176174,,,109.42,
0.25938477794212744,,,109.47,
0.25938689267903703,,,109.43,
0.2616468402370298,114.63000000000001,,,
0.26201570410275,118.22,,,
0.2643815498915476,116.12000000000002,,,
0.26460753432092154,116.21999999999998,,,
0.26470029659329786,116.23,,,
0.2648157353196001,116.26999999999998,,,
0.26486372990605855,116.27,,,
0.265186187962386,116.42,,,
0.2710041377539705,112.40000000000002,,,
0.27120394666451975,118.49,,,
0.2713108783105467,112.44,,,
0.2714474645324432,112.58,,,
0.27161183794324417,118.58,,,
0.271827204468692,118.64,,,
0.27186413947262156,112.7,,,
0.2776347063505684,,,108.51,
0.27980069237217453,123.72,,,
0.2880470308905878,122.04,,,
0.2892011142994966,,,112.77000000000001,
0.291559843904577,,,109.60000000000001,
0.29244778979962693,,,108.52,
0.2938114286537079,,,108.77000000000001,
0.29414406282292926,120.01,,,
0.294278061404434,120.09,,,
0.294333064687315,,,111.98,
0.2945863634745405,120.21000000000001,,,
0.29515549177262934,112.38,,,
0.2952721105560707,,,109.03,
0.2952818522864755,,,109.02999999999999,
0.29615812460135293,112.72,,,
0.29677596396468764,113.4,,,
0.31028832049145105,115.62,,,
0.3141442832922028,112.46,,,
0.31628559491013597,124.74,,,
0.318194787517631,125.05,,,
0.31938361802226956,125.39000000000001,,,
0.32794473351040687,117.15,,,
0.3330953829746517,118.42,,,
0.3332230646756924,,,110.57,
0.333493074691239,,110.09,,
0.33371796038384405,118.48,,,
0.33390746933992843,114.67,,,
0.335672339755404,119.0,,,
0.3357416899631507,119.02000000000001,,,
0.33584444258446666,,109.06,,
0.3361141208473468,,,,113.52000000000001
0.3361415292829426,119.35,,,
0.33619641252141297,,109.1,,
0.33631414908212975,,109.11,,
0.33632094463234363,119.265,,,
0.3363493066748351,,109.11000000000001,,
0.33636632807876876,,109.11,,
0.33674822196316145,119.48,,,
0.3370065071244117,119.47,,,
0.33705610007045417,119.49,,,
0.33705983050259647,,108.15151999999998,,
0.3371190516483127,,110.79,,
0.33713136151028555,119.59,,,
0.33721384162988266,119.55,,,
0.33726229623465764,119.41,,,
0.3372931590337065,119.54,,,
0.33877097477588136,115.86,,,
0.3390275479811231,,112.38,,
0.3391141216070457,,111.04999999999998,,
0.3412528726912112,116.83,,,
0.34291897708182884,,,,112.22
0.34506340712967676,,,,111.86
0.3456989044959591,,113.89,,
0.3486742216305849,,110.48000000000002,,
0.35574923469014874,,,113.17,
0.357346489414182,,113.85,,
0.35749620007118366,,,111.96,
0.358150708042162,,,,112.1
0.35836084898402043,,112.12,,
0.35861546894098906,,116.88,,
0.3586362349132999,,116.89,,
0.3592115893176162,,117.05,,
0.35931407312727415,,117.09,,
0.3598602403637965,,118.81999999999998,,
0.36028106807569116,,,,112.77000000000001
0.3605343838926336,,115.92,,
0.3607250112950806,,,112.57,
0.36322429810988965,,115.97000000000001,,
0.3663970096401443,,,,113.78
0.36665669434360004,,116.58000000000001,,
0.3666774150150869,,,,114.73
0.36669171556326585,,,115.43,
0.3748848533935283,,,111.74,
0.3748862854468078,,,111.73000000000002,
0.37619995497245773,,117.46,,
0.37798344180646737,,,,112.28
0.37880577323212306,,113.22,,
0.37881884345537165,,113.22,,
0.37925148883732973,,113.25,,
0.3794545335018853,,113.28,,
0.37973913444652396,,113.28,,
0.38075984508737504,,113.49,,
0.38802575418694807,130.99,,,
0.39338925468875496,128.94,,,
0.3935448889313051,128.96,,,
0.3935834351071539,128.96,,,
0.4015976514320081,,,110.48000000000002,
0.40481724604735514,,,111.04,
0.407993692188259,,,110.64,
0.4098677928519703,123.69,,,
0.42133308984031115,,,112.75,
0.4406529378091313,,,112.6,
0.4452160055972365,,,112.25,
0.4473431037506619,,,111.48,
0.4475236489176142,,,111.51,
0.45057506768639244,,,113.07,
0.45205289316200536,,,113.38,
0.4523242527471354,,,113.39,
0.45369873333671085,,,112.39,
0.5000031250065105,,,,113.42
0.5056310601650171,,118.55,,
0.5067562321635115,,,,114.43000000000002
0.5081455569927158,,119.02000000000001,,
0.5082703490807929,,119.04,,
0.5086246183651162,,119.11000000000001,,
0.508648326531844,,119.1,,
0.5088196797027291,,119.07,,
0.5091403601144264,,119.12,,
0.5094580123289176,,119.14,,
0.5102901099491199,,,113.69,
0.5107819471629194,,119.51999999999998,,
0.5157400126943226,,,,112.66
0.5199307249351812,,,,116.29
0.5222241555408642,,,,112.77000000000001
0.5229602116068606,,120.19,,
0.5229850167887944,,121.59,,
0.5233816873017885,,120.11999999999999,,
0.5276485288108146,,121.87,,
0.5286556047202338,,127.5,,
0.5295236298654782,,130.17,,
0.5313854252519077,,,116.35,
0.5313938938646192,,,116.34,
0.5314476391671139,,,116.35,
0.5314609946456295,,,116.34,
0.5314893350911429,,,116.35,
0.5315398292886147,,,116.35999999999999,
0.5315642631601787,,,116.36,
0.5316476699809822,,,116.38,
0.5317011072497115,,,116.38,
0.5318849077847838,,,,114.35
0.5336443223209151,,,115.67705000000001,
0.5346678264776665,,,,113.57
0.5369728423302813,,,,116.58999999999999
0.537373551025428,,,115.57,
0.5374122874260601,,,115.58,
0.5381233485201651,,,115.66,
0.5386949729552988,,,115.79,
0.5455705022717741,,,,116.14000000000001
0.5514182009366686,,,,113.55
0.6718682668117848,,,,114.39
0.6725586027947199,,129.48,,
0.6813812042178289,,,,113.96
0.6842966913886332,,,,116.05
0.6849426782500858,,,,113.49
0.6908350400199519,,,,117.86999999999999
0.692303656814357,,,,117.39
0.6927799127964427,,,,118.15999999999998
0.6933854670272448,,,,118.92
0.833625567408139,,137.72,,
0.8514151017825973,,141.69,,
0.8601965086225392,,,,118.35000000000001
0.8671176604506501,,143.65,,
0.8672955491737429,,143.67,,
0.868826633837612,,149.65,,
0.8969069853815295,,153.1,,
0.8980382480589322,,153.46,,
0.89926800484486,,153.6,,
1.0841205230225497,,,,119.23000000000002
1.0911962311625043,,,,119.76
1.1109217614291111,,,,122.39999999999999
1.1170347625576151,,,,119.83
1.1170446226431472,,,,119.83
1.117153537880005,,,,119.83
1.120257170232692,,,,121.32
1.1202922356382539,,,,121.31
1.1204064310230728,,,,121.32
1.1204424006206959,,,,121.31
1.121466247153788,,,,121.38
1.1225974054642878,,,,124.42
