moneyness,4,11,18,53
-0.6451420338723757,,,190.51000000000002,
-0.6415821281698327,,,204.45,
-0.6415455123688705,,,187.72,
-0.6130380633174208,,,177.1,
-0.6114224696511235,,,191.54,
-0.6065379232520742,,,173.02,
-0.6054126338193728,,,,126.39
-0.5760973634990156,,,161.4,
-0.5760896855491093,,,161.4,
-0.5760882152716532,,,161.4,
-0.5760765343717147,,,161.4,
-0.5760671401739782,,,161.4,
-0.5760605231413144,,,161.4,
-0.5760461446792635,,,161.4,
-0.5760423048113225,,,161.4,
-0.5336830451429786,,,,126.37
-0.5280275899338511,,,163.83999999999997,
-0.5276441349638796,,,153.52,
-0.5273735399288618,,,,122.25
-0.5272439464572252,,,,121.92
-0.526728407575185,,,,121.74
-0.5266603620456556,,,,121.71
-0.5195130745497487,,,158.15,
-0.45970478269326354,,,149.53,
-0.45960154878196124,,,149.51,
-0.45957662074419003,,,149.46,
-0.4591401642127727,,,149.32,
-0.4590999384339822,,,149.3,
-0.45894807138175386,,,143.77,
-0.45894388938958053,,,143.77,
-0.45889087703546405,,,143.79,
-0.45887090321790147,,,143.75,
-0.4588682887347394,,,143.74,
-0.4578828194352881,,,148.8,
-0.4575711158168969,,,,115.15
-0.45686214909172806,,,,114.95
-0.45683907499694465,,,,114.94
-0.4568174741818556,,,,114.94
-0.4568070419535081,,,,115.01
-0.45669405316714373,,,,114.90000000000002
-0.4565917746625823,,,,114.91
-0.45640198296790924,,,,114.86
-0.4563782364909992,,,,114.88
-0.45041313229969127,,148.17,,
-0.44954153690755194,,,144.06,
-0.4488349552020926,,,144.43,
-0.44849353053366325,,157.33,,
-0.44848592644417407,,157.33,,
-0.44806139449654125,,146.98,,
-0.44727660351472864,,,141.96,
-0.4464305943575857,,156.02,,
-0.44551337144504766,,,141.17,
-0.4390080540411555,,,,110.89
-0.4381167922408745,,153.31,,
-0.38834799100030526,,,127.75,
-0.38584464018940556,,,130.42,
-0.38171228599516493,,,131.54,
-0.3815699735215319,,,125.84,
-0.3815686588272764,,,125.9,
-0.38154977442028015,,,125.84,
-0.3815342357521916,,,125.81142857142858,
-0.3815145124720498,,,125.81,
-0.38150626418186806,,,125.85000000000001,
-0.38148928874747334,,,125.85000000000001,
-0.38133252081671065,,,125.77,
-0.3812844341797814,,,125.71,
-0.3812704374108642,,,125.73999999999998,
-0.3812579953068419,,,125.67,
-0.3812416044637231,,,125.69,
-0.38124088659673017,,,125.78,
-0.3809307319526799,,,125.61,
-0.3809231866901581,,,125.59,
-0.3808797080228703,,,125.6,
-0.38083502523387514,,,125.53,
-0.380776077212579,,,125.59,
-0.3807522312271169,,,125.52199999999999,
-0.37910156772973536,,,,109.77
-0.3790313237946076,,,,109.76999999999998
-0.3778949754521246,188.11,,,
-0.37586282088940326,,,,111.53
-0.37511338274754447,,,,108.65000000000002
-0.3750236807433469,,,,108.64
-0.37474098156677793,,,,108.55
-0.37411312318529477,,,,108.36
-0.3740975758407923,,,,108.3
-0.3739492863706607,,,,108.33
-0.37391057995249943,,,,108.27
-0.37390690504378643,,,,108.23
-0.3734110094818579,,,,108.16
-0.37340978256144597,,,,108.13
-0.3732188151876916,,,,108.1
-0.3730534042906266,,,,108.06
-0.3729339889569756,,,,108.02
-0.3724903289974376,,,,107.84
-0.3724771620907179,,,,107.81
-0.37233192029556894,,,,107.77000000000001
-0.3722582890350393,,,,107.77000000000001
-0.3721179970799562,,,,107.74000000000001
-0.3721173810858994,,,,107.7
-0.37197739589642187,,,,107.7
-0.3714563395895688,,,129.55,
-0.370091883909509,,,,108.1
-0.3699702212487387,,,,108.03
-0.36810356624575125,,135.6,,
-0.3674643007723063,,138.47,,
-0.3665007162501277,,139.51,,
-0.3663733965534277,,,126.43,
-0.36609097822661174,,,126.36,
-0.36602579799521506,,,126.36,
-0.3658906224734705,,,126.27000000000001,
-0.3658633542538976,,,126.27,
-0.3657767589686103,,131.64,,
-0.36568385326443864,,,126.17,
-0.3656158224929633,,,126.15000000000002,
-0.36561406179870626,,,126.17,
-0.3655051312789711,,,126.12000000000002,
-0.36494756649892024,,,125.95,
-0.36493584562066705,,,125.93,
-0.36443913839397346,,,125.68,
-0.36429671847979506,,,125.66,
-0.36393925142805583,,137.67,,
-0.3609547336279598,,,121.92,
-0.3591195584493978,,,129.12,
-0.3582526503162812,182.37,,,
-0.3572155864775033,181.82000000000002,,,
-0.35551541848800694,181.82000000000002,,,
-0.35310971279486325,,138.46,,
-0.35198981651996664,,138.08,,
-0.33793829701762623,,131.65,,
-0.3318363848103614,,132.02,,
-0.33165841690715503,,131.92,,
-0.33144131224699225,,131.91,,
-0.3313546675770732,,131.78,,
-0.33113986553944064,,131.34,,
-0.3181534231004406,159.94,,,
-0.3154925182325614,,130.92,,
-0.31544317906576913,,130.85,,
-0.3152511296342394,,130.81,,
-0.3151080910511419,,130.8,,
-0.30627056257410623,,,116.59,
-0.30463578077715836,164.42,,,
-0.30333345266973266,,,,105.2
-0.30272745901877485,,,,105.87
-0.30260089185722616,,,,105.97
-0.3025652232285302,,,,106.51
-0.30235154040779877,,,,105.86
-0.3021171632846166,,,,105.79
-0.3020698089164071,,,,105.78
-0.30203462722541896,,,,102.17
-0.3018523022002124,,,,105.65
-0.3018486466045118,,,,105.67
-0.3017435657124281,,,,105.62
-0.301635066300051,,,,105.57
-0.3015400847115467,,,,105.55
-0.3014995640193112,,,,105.53
-0.3014892636959523,,,,105.68
-0.3014828936071132,,,,105.57
-0.30142040636374956,,,,105.55
-0.30090327181152654,,,,106.07
-0.3006862598836342,,,,106.11
-0.3004689772564977,146.06,,,
-0.2977533569340224,,,117.46,
-0.2976140143173579,155.39,,,
-0.29617185919136013,,125.24,,
-0.29560516321415364,,125.13,,
-0.295357541455486,,,,103.79
-0.29442242889983017,,,,104.82
-0.2943536926667275,,,,104.83
-0.29405300446138893,,,,104.66000000000001
-0.2938308870131381,,,,104.58
-0.29369317050344956,,,113.84,
-0.2935598363649101,,,,104.60000000000001
-0.29355609341229283,,,,104.54
-0.29335072475716295,,,,103.54
-0.293264020856564,,123.74,,
-0.29268568228816183,,,115.35,
-0.29258241218393166,,,,104.11000000000001
-0.2915618522587665,,,,102.07000000000001
-0.2915565545482758,,,,102.06999999999998
-0.29154191572576216,,,,102.07000000000001
-0.29146146111274795,,,,102.04
-0.29137778008736126,,,,102.05
-0.2912354769719453,,,,101.98
-0.29118621561957814,,,,101.98
-0.29114657828577184,,,,101.95
-0.2910564007957498,,,,101.95
-0.2908579574699939,,,,101.88
-0.2903499619450167,,,,103.34
-0.2900500514713713,,,,104.48
-0.28967827555984205,,,,104.29000000000002
-0.28920171033864006,,,,104.16
-0.28906695567411467,,,,104.09333333333332
-0.2887261915910839,,,,103.96000000000001
-0.28864790738986146,,,,103.99000000000001
-0.2883361457234538,,,,103.82
-0.2879966520020347,,,,103.77
-0.2879417283157488,,119.44,,
-0.2873004664024531,,,,103.24
-0.287207472916854,154.62,,,
-0.28673790173744707,,,,103.68
-0.2864876821017218,,,,103.34
-0.28643705135968434,,,,102.07000000000001
-0.286294596179535,139.5,,,
-0.28620360447352067,145.77,,,
-0.28562172837075916,139.35,,,
-0.28519051757567593,,,111.00000000000001,
-0.2851788790214893,,121.42,,
-0.2851460903249686,,,111.0,
-0.2847194212585362,,122.42,,
-0.28470080326112845,,122.41,,
-0.28469383902829626,,122.44,,
-0.28437746305847134,,121.63,,
-0.28429138883256,,,115.48,
-0.2841438051693964,,,110.67,
-0.28412629602968487,,,110.71,
-0.2840753295938202,,,,102.6
-0.2840599528195509,,,,103.75
-0.28400741052330103,,,110.63,
-0.28400470488463925,,,110.63,
-0.28399274286866716,,,110.63,
-0.28398049562870087,,,110.6,
-0.2839767928922763,,,110.63,
-0.2839703842195028,,,110.60999999999999,
-0.2839629784991984,,,110.6,
-0.28395799379350695,,,110.6,
-0.28391498002122795,,,110.6,
-0.2838960352307237,,,115.42,
-0.28384646065979624,140.69,,,
-0.283485698772611,,,115.17,
-0.2832577369340872,,,113.44000000000001,
-0.2817480815191986,141.93,,,
-0.280840697224944,155.53,,,
-0.28074888426170663,,,,103.99000000000001
-0.2807401184181477,,,,103.97
-0.2806290179866725,,,,103.95
-0.280626574253825,,,109.07,
-0.28050479783383986,,,,103.91
-0.28047618086350445,,,,103.9
-0.280440514317135,,,,103.91
-0.28030558224977675,155.24,,,
-0.2798218279202275,154.8,,,
-0.27976894987912126,154.94,,,
-0.2788123481749746,154.61,,,
-0.27874414931278346,154.57,,,
-0.27872738660091867,154.54,,,
-0.2787122127847058,154.57,,,
-0.27864081502366755,154.56,,,
-0.2785088220333787,154.49,,,
-0.2783799630169731,,,,102.22000000000001
-0.2783756235285627,154.41,,,
-0.27832745170206474,138.14,,,
-0.27825959518783594,154.37,,,
-0.2780798367497871,137.9,,,
-0.2780530534746104,154.24,,,
-0.27801236804923957,154.22,,,
-0.2767994034398634,137.15,,,
-0.276651620350603,,,,103.35
-0.2766474053945226,,,,102.64
-0.2758016774847144,151.67,,,
-0.2757712282014684,151.87,,,
-0.2751814059870016,151.66,,,
-0.2751478396385404,151.93,,,
-0.2751087236235221,151.63,,,
-0.2630384498052579,140.46,,,
-0.25864796898807396,138.72,,,
-0.25515520801358904,,118.86,,
-0.25481136922527836,,118.85,,
-0.25474414189671535,131.83,,,
-0.25470175321606003,131.8,,,
-0.2544651650810318,,118.61,,
-0.25401702019061834,,118.46,,
-0.25379142684897715,131.32,,,
-0.2537241619175047,,118.71,,
-0.2537033498310718,,118.75,,
-0.2537001253194606,,118.7,,
-0.25365336676966255,,118.74,,
-0.2536137859890737,,118.7,,
-0.253395723254228,,118.14,,
-0.25328216875154874,,118.09,,
-0.2532139314120231,130.21,,,
-0.25318751360967484,130.21,,,
-0.25308255776767596,130.73,,,
-0.25303895205296356,130.12,,,
-0.25296376795639197,,117.85,,
-0.2529111888345611,130.06,,,
-0.25274121071262334,,117.49,,
-0.25255983504388957,129.92,,,
-0.2524558791590995,129.87,,,
-0.25224979343400544,131.08,,,
-0.25189060041882316,,118.84999999999998,,
-0.2514086814135217,131.12,,,
-0.24770604786925599,,116.09,,
-0.24740687105643666,,116.65,,
-0.2465660263931886,,113.59000000000002,,
-0.24486758355639549,133.64,,,
-0.2445180840501464,136.92,,,
-0.2404060789102146,,116.44,,
-0.2397378616146848,,116.07,,
-0.23967914459902084,,114.19,,
-0.23933289494887022,,115.71,,
-0.23929528315031046,,115.72,,
-0.23927046037149635,,115.9,,
-0.23918212077983836,,115.72,,
-0.2388434988120951,,115.56,,
-0.23569743514138486,138.6,,,
-0.23556413154251488,138.95,,,
-0.2344500537990224,,,108.64,
-0.23192385600338872,139.56,,,
-0.22752244819765544,,,106.64,
-0.227360553549805,,,105.7,
-0.2271657424212975,,,105.43,
-0.22693288521209576,,,107.12,
-0.22656681128578238,,,107.02,
-0.2263802778029741,,,106.85000000000001,
-0.22604707607357433,,,,99.76
-0.22604378154234384,,,106.75,
-0.22541581131593913,,,106.53,
-0.22539211135453163,,,106.51,
-0.22509859167480795,,,106.41,
-0.2249334266255132,,,106.16999999999999,
-0.22471244584616434,,112.69,,
-0.2246040876934008,,,106.41,
-0.22447495015312746,,,106.325,
-0.22436727760670772,,,106.11,
-0.2243579525997389,,,106.09000000000002,
-0.22431658897874107,,,106.3,
-0.22428229143132528,,,106.09000000000002,
-0.2241708034525951,,,106.22,
-0.22415154182424468,,,106.19,
-0.22414281358401789,,,107.45,
-0.22403896255561218,,,105.84,
-0.22403730673436684,,,106.15000000000002,
-0.22397121864455716,,,106.14,
-0.22385693044341637,,,105.97000000000001,
-0.2238281648697642,,,,102.35
-0.22380873560577563,,,106.04,
-0.22376460195813141,,,106.03000000000002,
-0.2237358295401508,,,105.91000000000001,
-0.22369997401335662,,,106.00000000000001,
-0.22363985584544843,,,105.88000000000001,
-0.22353556867090252,,,105.89,
-0.22351793353274685,,,105.84,
-0.22345462130891003,,,105.89,
-0.2232839283658069,,,105.87,
-0.22318980405545408,,,105.86,
-0.22316777808700017,,,105.85,
-0.22312598565890573,,,105.85000000000001,
-0.22296677114525953,,,105.59,
-0.22295907286584737,,,105.81,
-0.22295756338140893,,,105.66,
-0.222954544394938,,,105.68,
-0.2229536386944223,,,105.82000000000001,
-0.22291952243742175,,,105.66999999999999,
-0.22291544640107852,,,,100.01
-0.2228908383103937,,,105.67,
-0.22286441684620117,,,105.66,
-0.22279193732127855,,,105.75,
-0.2227655091313394,,,105.68,
-0.2225307479370826,,,107.89,
-0.22250324410521405,134.06,,,
-0.22133268132923178,,,103.82,
-0.22072421605343184,,110.57999999999998,,
-0.2206622695133016,,110.54000000000002,,
-0.219598229658584,,,,100.42
-0.2192323375227374,,,106.37,
-0.21901922481800706,,,106.32,
-0.21890072775019187,,,104.99000000000001,
-0.21809851724112317,,,105.89,
-0.217217764929712,,,,101.17
-0.21665945993369806,,,,100.42000000000002
-0.21663644841766438,,,,100.43
-0.2165407059986736,,,,100.41
-0.2164500052987568,,,,100.38
-0.2161419880402864,124.51,,,
-0.21595623154066945,123.52,,,
-0.21588199651341933,,,105.78,
-0.2158203538532235,,,104.78000000000002,
-0.21577392330661083,,,,98.73
-0.21564859488347976,,,104.77,
-0.21520016025612732,,,103.62,
-0.21514349237207775,,,104.68,
-0.21507110572737098,,,103.59,
-0.21501919474314057,,,104.69000000000001,
-0.21470280525827146,,109.54,,
-0.21464406098131794,,,104.44,
-0.21436193520725033,131.94,,,
-0.21411373149606217,,,,98.75
-0.21362721132943008,122.01,,,
-0.21360046539124466,,110.29,,
-0.21359922854084323,121.86,,,
-0.21359876472093964,,110.30000000000001,,
-0.21359026125907743,121.94,,,
-0.21342664977369297,121.81,,,
-0.2134196893637037,121.79,,,
-0.21339354805722954,,,104.86,
-0.21335827774234617,,,104.90000000000002,
-0.213295618725295,,,,99.89
-0.213182962106498,121.67999999999999,,,
-0.21289405475266376,111.2,,,
-0.2127349567919421,134.81,,,
-0.21251766175231757,,,103.78,
-0.21235282812593537,,,106.33,
-0.21234848538551998,121.14,,,
-0.21230908833835416,134.73,,,
-0.21230412465129678,,,,101.07
-0.21199051000171187,122.69,,,
-0.21166110887748424,,,,100.16
-0.21157984222530013,122.09,,,
-0.21151845381922718,121.91,,,
-0.21143140576940445,,,,99.49
-0.21070645127108822,,,103.91,
-0.2103845486469248,121.44,,,
-0.21037722254136138,121.44,,,
-0.2100903064257178,,106.87,,
-0.20991899299435168,,,103.78,
-0.2092623841371708,,,104.05,
-0.20904457528165432,127.46,,,
-0.20897403140847703,127.43000000000002,,,
-0.20891739950581079,127.40000000000002,,,
-0.20889048868812288,127.41,,,
-0.20887703259268398,127.42,,,
-0.20881444008589112,127.43000000000002,,,
-0.208707697018925,127.35,,,
-0.2085968540933547,120.25999999999999,,,
-0.20837303837312737,120.51,,,
-0.2079598451482293,127.0,,,
-0.20795859049102816,127.0,,,
-0.20792534062675683,126.98,,,
-0.20792439955223974,127.0,,,
-0.20784471379924607,126.95,,,
-0.20782086770152985,126.93,,,
-0.20772295814855946,126.86,,,
-0.2076626940854992,126.84,,,
-0.2076413483646411,126.82,,,
-0.2076344421498858,126.82,,,
-0.20761670518309805,126.81,,,
-0.20759802557200036,126.8,,,
-0.2074030143652259,126.72,,,
-0.20735935136630446,126.70000000000002,,,
-0.20735652409982952,126.71,,,
-0.20731254180187764,126.67000000000002,,,
-0.20724514516926895,126.64000000000001,,,
-0.20719093676535094,126.59,,,
-0.20711110335841965,126.53,,,
-0.20691758208204758,119.99,,,
-0.2067890921602008,126.39,,,
-0.20672207845161672,126.35,,,
-0.20669202872250836,126.32,,,
-0.2066559975120732,126.32,,,
-0.20663727257761566,126.34,,,
-0.20649358043387733,126.27,,,
-0.2062740858609039,126.13,,,
-0.20610773078398648,,,103.34,
-0.20599726148455488,125.98,,,
-0.2057041561728602,125.73,,,
-0.20557117049554885,,,103.14,
-0.20521000735975536,,110.29,,
-0.20517810567713457,,,105.19,
-0.2051631015251132,118.78,,,
-0.20502314078265071,127.01,,,
-0.20498474564480706,,,105.04999999999998,
-0.20483666052866834,,,105.03,
-0.2048278084438142,,,105.07,
-0.204793662841658,,,103.07999999999998,
-0.2047365888766507,,,103.08,
-0.20472488849248838,,,103.07,
-0.20466100464835868,,,103.05,
-0.20464629726066264,,,103.1,
-0.2046135595094215,,,103.03,
-0.20457781376621276,,,103.0,
-0.20454918322115812,,,,99.91
-0.2044631209985739,,,102.97,
-0.20445457704131487,,,106.05999999999999,
-0.20435504224079082,,,,100.17
-0.2042407601410563,,,100.5,
-0.20410126617539814,,,103.55,
-0.2039602975198388,,,104.55,
-0.20386174820416092,,108.43,,
-0.2037733182448377,,,104.26999999999998,
-0.2037118177328202,,,104.27999999999999,
-0.20320772633531925,,,104.29000000000002,
-0.20130745968848995,,,,100.55
-0.19954918610161232,125.52,,,
-0.19946572342381297,,107.97,,
-0.1984809611175099,,,101.34,
-0.19774598712542757,123.65,,,
-0.19715858365928696,129.67,,,
-0.19653287867807157,,,,100.93
-0.19606748370328297,129.02,,,
-0.195552554838895,126.92,,,
-0.19546952800610806,,108.09,,
-0.19522300471136567,128.12,,,
-0.19448414966323402,,109.1,,
-0.19424481300134344,,,104.03,
-0.19410455244294111,,,103.96,
-0.19406988949163073,125.98,,,
-0.19362154643227936,,,103.8,
-0.1935495252325249,,,103.65999999999998,
-0.1926648759973616,,,,101.15000000000002
-0.19255128560975,,,,101.11
-0.19206755769496064,,,,100.87
-0.1919160901829724,,,,101.59
-0.19067659436710904,,,102.48,
-0.19063663712760182,,,102.48,
-0.19056293514830702,,,102.45999999999998,
-0.1904553061505765,,,102.43000000000002,
-0.18972046976766044,,105.39000000000001,,
-0.18950473471071605,,,101.87999999999998,
-0.18862247801649878,,,101.12,
-0.18859959244516677,,106.36,,
-0.18839262318460825,,106.26,,
-0.18784945436052336,128.42,,,
-0.18772709796552722,128.4,,,
-0.18741232033831512,,,101.29,
-0.18704364356199543,,,101.38,
-0.18665021892664946,,,101.66,
-0.1861886131898287,118.44999999999999,,,
-0.18550477759626172,118.19500000000001,,,
-0.18537728959895539,118.07,,,
-0.18532514546310475,118.07,,,
-0.18482722801275242,,,101.17,
-0.1847292806225873,,105.07,,
-0.18406549855929277,,,101.65,
-0.18265102857529847,,,100.09,
-0.18195167243163501,122.44,,,
-0.17908143121288755,,103.03,,
-0.17866692949324914,,102.85,,
-0.17863351996605026,,102.80000000000001,,
-0.178426416642264,,103.7,,
-0.17842609522158925,,103.71,,
-0.17790087950904243,,103.65000000000002,,
-0.17740785939785086,118.59000000000002,,,
-0.17728539832413037,118.37,,,
-0.17726734834637592,118.43,,,
-0.17723543662646157,118.37,,,
-0.17671240878659566,115.42,,,
-0.17667803308382102,115.36999999999999,,,
-0.17601125490150682,,,99.42999999999999,
-0.17548925878447486,,,99.34714285714286,
-0.17528024271895182,,,99.14999999999998,
-0.17472359135141768,,,99.04,
-0.17441958748498732,,101.42,,
-0.1741169835763331,,101.82,,
-0.17404422167237166,,,99.27,
-0.1737073684645417,,101.06000000000002,,
-0.17364526519395818,,,99.08000000000001,
-0.1734398677503789,,,99.02000000000001,
-0.17305253872870607,,,98.94,
-0.1724896142520932,,100.84,,
-0.17166510893688536,,,99.68,
-0.17151037209836306,,100.13,,
-0.16935012722787213,115.71,,,
-0.16921572381882255,,100.47,,
-0.16869297753392765,,,97.03,
-0.1686855731319178,,,98.96000000000001,
-0.16632128548493907,,,100.41,
-0.16628951192205998,,,100.5,
-0.1660655389092971,,,98.74,
-0.1660188420171621,,,100.08,
-0.16589909523883295,,,100.3,
-0.16559850030237122,,,96.82,
-0.1655169344430103,,,96.76000000000002,
-0.16527429782178327,117.84999999999998,,,
-0.1652421125814112,,,100.02,
-0.16519930568433683,,,100.95,
-0.16517242469109894,,,100.89,
-0.1651407294443733,,,100.03999999999999,
-0.16505758021361405,,,100.89000000000001,
-0.1649895216125563,,,99.73,
-0.16489006970781883,,,102.62,
-0.1647699985383475,,,101.58,
-0.1646120100151086,,,100.45000000000002,
-0.16458426032986595,120.46,,,
-0.1642981815924338,,,99.48,
-0.1637400888267314,119.79,,,
-0.16318858621110122,,,97.6,
-0.16037408387748409,106.00000000000001,,,
-0.15951201267455883,115.70999999999998,,,
-0.15912565886008279,,101.56,,
-0.15889023978236883,,104.11000000000001,,
-0.1584544173829655,,100.99,,
-0.15840838193190965,118.87,,,
-0.15829453638963276,,100.89,,
-0.15815265017554525,,100.85000000000001,,
-0.15807012834819978,114.95,,,
-0.15769292091037357,,100.63,,
-0.15747545946674613,,100.53,,
-0.1570704827557694,,,99.87000000000002,
-0.15659613701862485,109.65,,,
-0.15597993241810737,,100.28,,
-0.15589308220214637,112.97,,,
-0.15539065197891,114.07,,,
-0.15532141747816597,114.07,,,
-0.15530144877868657,,101.38,,
-0.15520171469914823,116.17,,,
-0.15516127066158714,116.5,,,
-0.15510637613054812,119.79,,,
-0.15440878174666528,115.92,,,
-0.15385529716803426,,100.33,,
-0.15190695648318941,,,97.65,
-0.1518338797258033,114.63999999999999,,,
-0.15173511618047908,110.02,,,
-0.15044761756549963,,98.44,,
-0.14998036261451364,,,97.09,
-0.1499503107318001,,,97.62,
-0.1493628050766801,114.22,,,
-0.14928270998312865,114.12,,,
-0.14928188757334793,,98.05,,
-0.14852558496776103,,,100.86,
-0.1485250906433745,,,100.80999999999999,
-0.1484385750358188,,,100.795,
-0.14833094156272764,112.89,,,
-0.14832517177216697,112.75,,,
-0.1483243475099908,112.76500000000001,,,
-0.14832121529917053,112.79,,,
-0.14831692907860872,112.81,,,
-0.14831495080841361,112.84,,,
-0.14825263059271365,,99.36,,
-0.14823828575986053,,99.37,,
-0.14822394044381781,,,100.72,
-0.1481723262871697,,,98.92,
-0.14806594511724647,,,100.74,
-0.14806545025902684,,,100.73,
-0.1480633058667652,,,100.72,
-0.14797752132331488,,,100.68,
-0.14796465215172816,,,100.71,
-0.1477241911515177,,99.13,,
-0.14765716136515872,,,100.56,
-0.1476082857124038,111.06,,,
-0.1476066344100353,,99.07,,
-0.14746773698217142,,99.4,,
-0.1472098061569126,,99.23,,
-0.14708681686984737,,101.00000000000001,,
-0.1470848328809652,,101.03000000000002,,
-0.14703060027721504,,100.9,,
-0.14701885999458364,,100.93,,
-0.14701456065530993,,100.89,,
-0.1468453637831979,,100.77999999999999,,
-0.14683957384636703,,100.78,,
-0.14672392407704615,,97.56,,
-0.14672078008337697,,100.77,,
-0.14656239210802968,,100.72,,
-0.1464758083116574,,100.75,,
-0.1461543178588034,,,,100.58
-0.14613857666346275,,,,100.58
-0.14602240526671273,,100.6,,
-0.14600367567781591,,100.59999999999998,,
-0.1457747105049909,,100.53,,
-0.14565379522913668,,100.33000000000001,,
-0.14563969451182235,,100.43,,
-0.14546015999316364,,,98.27,
-0.14510069839444084,,99.82,,
-0.14490282403615973,,97.3,,
-0.14476769849795945,106.55,,,
-0.1443855258810739,,,96.68,
-0.1441959760094792,,,97.40000000000002,
-0.14403265281983857,,99.47,97.99,
-0.14350179679696928,,98.98,,
-0.14337640138266827,,98.97999999999999,,
-0.14332019498032367,,99.34,,
-0.14331419029951298,103.8,,,
-0.14321226468276171,,98.84,,
-0.1431493623083867,,98.08,,
-0.14295208595723097,,98.72,,
-0.1429419025637919,,98.71,,
-0.14288530519711495,,98.7,,
-0.14185054469086344,111.45,,,
-0.14169586851404925,,98.83,,
-0.14151852495712958,101.88,,,
-0.14110795902069917,104.46,,,
-0.14039633199300283,101.17000000000002,,,
-0.13952083044062402,109.51,,,
-0.13938803839346436,109.42,,,
-0.13924055585497375,109.42,,,
-0.13912384720856996,,,97.28,
-0.13905326775267268,107.22000000000001,,,
-0.13875785394116147,109.06,,,
-0.13857018704969493,106.94,,,
-0.13814649785829403,108.67,,,
-0.13805144383239565,,93.88,,
-0.13781667356739913,,96.86,,
-0.13776412832264562,,96.8,,
-0.13771816710238027,,96.74,,
-0.13754052824466567,,,98.75,
-0.13694826475602695,107.2,,,
-0.13680011409933035,105.76,,,
-0.13660176659127632,106.96,,,
-0.1365592395912707,,,96.64000000000001,
-0.13637671561709608,,97.71000000000001,,
-0.13633314928069307,,96.3,,
-0.13622853822385028,,,95.76,
-0.13585481732461835,,97.40000000000002,,
-0.13571019577146215,,95.90999999999998,,
-0.1356283579119374,,,96.39,
-0.13555601528258376,,,,97.63
-0.13554361732559206,104.8,,,
-0.13534299273118233,,,,97.57
-0.13517746256743401,,97.92000000000002,,
-0.1351162649445521,,,,97.51
-0.13508651297154006,,,95.63,
-0.13485505774547557,,,,97.41999999999999
-0.13478496751805802,,,,97.42000000000002
-0.13477271757467357,,95.38,,
-0.13473715674629705,,98.21,,
-0.13463113750573552,,94.58,,
-0.13410814910500246,100.9,,,
-0.13333690503578532,110.68,,,
-0.13332836966854145,108.65,,,
-0.13332307765641893,,,95.75,
-0.13329695806930075,,93.53,,
-0.13325427561726078,,93.55,,
-0.13319929442422562,108.67,,,
-0.13278517472604878,102.68,,,
-0.1315505513568438,102.18,,,
-0.13100993038402053,,,,98.27
-0.13018862255088792,,,96.58,
-0.12966489724902897,,,96.46999999999998,
-0.12966007687475178,106.91,,,
-0.1291184778891098,,,96.15000000000002,
-0.12845019825777193,,,95.82000000000001,
-0.12841756880400468,,,96.47,
-0.12834038783305812,,,95.77,
-0.12826509300024602,,,95.6,
-0.12822277712163332,,,95.71,
-0.12803100880272522,,,95.62,
-0.12798832455640374,,,95.49,
-0.1279544506826531,,,95.59,
-0.12785782655431088,107.29,,,
-0.1278521217772154,,,95.50999999999999,
-0.12784295940327006,107.19000000000001,,,
-0.12783345107581745,,,,98.53000000000002
-0.12757370713363148,,,95.31,
-0.127554159554085,102.24,,,
-0.12732834746929178,,,,98.44000000000001
-0.12729061420889876,,,,98.62000000000002
-0.1264766515150072,108.94999999999999,,,
-0.1261970107994106,,,95.25999999999999,
-0.12613557688755705,108.03,,,
-0.12564796440910297,,,95.26,
-0.1254119508481517,,,96.75,
-0.12492561867758767,,,,97.79999999999998
-0.12462826543499217,106.48999999999998,,,
-0.12435632727182266,,,,98.02
-0.12422195081948939,,,,97.80000000000001
-0.12418760936458417,,,,97.75
-0.12381578226822187,106.02,,,
-0.12347524534724719,108.67,,,
-0.1231592571963217,,,94.64,
-0.12308131686878654,,,,98.91
-0.1230203180247228,,,96.34,
-0.12033745385118177,99.91,,,
-0.11998910316941669,,,97.07000000000001,
-0.11961703340953311,,,96.13,
-0.11960945875590412,,,96.13000000000001,
-0.11959751060454371,,,96.91,
-0.11947837899171465,,,96.06000000000002,
-0.119461171491828,,,96.72,
-0.1194491273740852,,,96.06000000000002,
-0.1194478938294311,,,96.06000000000002,
-0.11942139093899917,,,96.79000000000002,
-0.11926054647202577,,,96.65,
-0.1188006877360086,,,95.7,
-0.1187650373233049,,,95.7,
-0.11876380186125102,,,,98.92
-0.11858709511346688,108.79,,,
-0.11834071722982653,106.38,,,
-0.11833665393130677,108.85,,94.95,
-0.1182841810162576,,,,97.71
-0.11826580518563923,108.6,,,
-0.11802207630832906,108.53,,,
-0.11764941804968443,106.6,,,
-0.11755562909258643,,,96.87333333333335,
-0.11714998357698314,106.52000000000001,,,
-0.1171394704679315,101.04,,,
-0.11708089284793388,,,96.67000000000002,
-0.11695862890969078,106.30750000000002,,,
-0.11695189454960642,109.24,,,
-0.11668722376400453,,,,99.91
-0.11663153938598658,106.24,,,
-0.11658879597678473,106.21999999999998,,,
-0.11648892699588165,,,97.72,
-0.11647633090290688,105.28,,,
-0.1163439615063363,,,97.63999999999999,
-0.1162293039482255,106.31000000000002,,,
-0.11618581148805784,,,97.58826086956522,
-0.11591215462053439,108.53000000000002,,,
-0.11547340824632601,103.59000000000002,,,
-0.11483808980450394,104.7,,,
-0.11449196290767827,104.19,,,
-0.11448269588498095,109.07,,,
-0.11443029791571102,104.07,,,
-0.11442905026943495,104.33,,,
-0.11442726791151359,104.12,,,
-0.11426254707493266,104.49,,,
-0.11417870597299673,104.26000000000002,,,
-0.11408163391079795,104.23000000000002,,,
-0.11401850006413738,104.06,,,
-0.11394880194802381,98.71,,,
-0.11391775424871409,,,98.3892,
-0.11389259331013069,108.86000000000001,,,
-0.11375767900071942,103.85,,,
-0.1137349926631358,106.79000000000002,,,
-0.11370178764335126,103.63,,,
-0.11344248871200724,,,95.95000000000002,
-0.11340104397027073,,,96.67,
-0.11326596438674585,108.11,,,
-0.11322617378492228,103.59000000000002,,,
-0.11275461531547548,99.99,,,
-0.11264256455979105,105.18,,,
-0.1123129855294911,,96.23,,
-0.11231119464352435,,96.23999999999998,,
-0.11215733056380228,,96.21,,
-0.1121127197117433,,96.24,,
-0.11193465229056176,,92.95,,
-0.11170399505334994,,,93.74,
-0.11144660733149447,,,95.30999999999999,
-0.11142920150604674,,,95.3,
-0.11118239607853675,,,96.27,
-0.11109067049078036,100.01,,,
-0.11089610962489316,,,96.13999999999999,
-0.11088879035646781,,94.07,,
-0.1108609494767997,108.25,,,
-0.11076511790244037,,,96.79,
-0.1107475056467534,105.96,,,
-0.11065311894917862,,,96.96,
-0.11053721425282903,,94.06,,
-0.11052465896355235,,93.98999999999998,,
-0.11031495044164163,,93.88,,
-0.11016212265796121,,93.86000000000001,,
-0.1096678267436817,104.93098591549297,,,
-0.10965421292271105,,93.64,,
-0.1095864352778616,107.47999999999999,,,
-0.10957165944677683,107.79,,,
-0.10935581061109623,100.26,,,
-0.10879863731436856,105.88000000000001,,,
-0.10861298824512444,,92.93,,
-0.1084842837407689,,,96.8,
-0.10818475077350431,103.22,,,
-0.10803810849010043,,94.13,,
-0.10795906075070283,105.79,,,
-0.10707110392799424,98.38,,,
-0.10691559905868908,96.56,,,
-0.10661934856625022,100.89,,,
-0.10583284672497673,,95.87999999999998,,
-0.1057182899856196,,95.9,,
-0.10561344224109948,,95.81,,
-0.1055734440866738,,95.8,,
-0.10552474585235716,,95.81999999999998,,
-0.10550839597043205,,95.83,,
-0.10550665658611558,,95.83,,
-0.10549239337955474,,95.8,,
-0.10548039106063778,,95.79,,
-0.10545568962268315,,95.83,,
-0.10545168855717135,,95.84,,
-0.10542628965441059,,95.84,,
-0.10539653979050334,,95.83,,
-0.1053098885624566,,95.83,,
-0.10521486611582909,,95.74285714285715,,
-0.10490529411547223,,93.40999999999998,,
-0.10478231127692106,101.39,,,
-0.10470320814034983,,93.29,,
-0.10462809949528284,,95.74,,
-0.10438020384306568,99.19,95.43,,
-0.10372458937434326,98.03,,,
-0.10333219300579621,,96.0,,
-0.10266489020324643,99.78,,,
-0.10241065180987174,99.49,,,
-0.1021504862147894,,95.59,,
-0.10211070350407159,99.46,,,
-0.1018505393387511,95.98,,,
-0.10174636129167314,,96.41,,
-0.10156214904771454,,93.19,,
-0.10134239909540343,,93.31999999999998,,
-0.10045036148206665,96.3,,,
-0.0999457423813831,94.72,,,
-0.09915837892375279,,92.01,,
-0.09913420922294647,99.5,,,
-0.09903504694908793,99.39,,,
-0.0988874982589919,,,94.76,
-0.09888432084184584,,,94.77,
-0.09880929198147936,,,94.7,
-0.09867862367442082,,,94.67,
-0.09865407499472423,,91.93,,
-0.09862775873792218,,93.4,,
-0.0984590509321639,,,94.56,
-0.09805672399692633,,,94.33,
-0.09802082238539767,,,94.34,
-0.09795767813521972,,,94.32,
-0.09729439506165083,98.11,,,
-0.09710498490300656,97.95000000000002,,,
-0.09692489183221575,97.72,,,
-0.09686354452394008,,91.98,,
-0.09664166720671785,97.77000000000001,,,
-0.09662073310405828,,92.33,,
-0.09656218342851519,,91.81,,
-0.09640796630308879,97.01,,,
-0.0963731758770141,97.08999999999999,,,
-0.09632542343047445,95.17,,97.08,
-0.09630429713200372,96.86,,,
-0.09630056885914617,96.87,,,
-0.0962957753202699,96.89,,,
-0.09629382238244455,97.32,,,
-0.09626115380731426,97.3,,,
-0.09624641666615918,96.96,,,
-0.09623878157270171,97.45,,,
-0.0962254642404905,97.31000000000002,,,
-0.09622315586299679,97.44,,,
-0.09621782879300678,97.27,,,
-0.09621409980664875,96.84,,,
-0.09605603352138647,97.11,,,
-0.09604537537796609,97.07000000000001,,,
-0.09596489828229404,,93.27,,
-0.0959606341954069,96.82,,,
-0.0959092843237549,96.82,,,
-0.09586521473102882,97.0,,,
-0.09584957610086697,93.84,,,
-0.09583162655172994,96.705,,,
-0.0958186526715119,96.96,,,
-0.09581065488861773,96.95,,,
-0.09570027103435563,,93.21,,
-0.09569742664975756,97.06,,,
-0.09567822658568392,97.03,,,
-0.09564640246172906,96.50000000000001,,,
-0.09564551348756256,96.5,,,
-0.09562133271992868,,93.45,,
-0.09561937686602229,96.48,,,
-0.09558114711375365,96.76000000000002,,,
-0.0954235708626493,,93.37,,
-0.09541005160685645,96.9,,,
-0.09523995908124372,,,93.72,
-0.0951481252354337,96.67000000000002,,,
-0.09510914360735923,,92.57999999999998,,
-0.09509401284691099,95.79,,98.01,
-0.09509312278642068,96.65,,,
-0.09505787498342588,96.64000000000001,,,
-0.09500802491797034,96.6,,,
-0.094997876196103,96.59,,,
-0.09487642997226187,96.51,,,
-0.0948762518746884,96.49000000000001,,,
-0.09482050388981211,96.44,,,
-0.09481498215014494,96.43,,,
-0.09480500722384955,96.39,,,
-0.09479075694777617,96.42,,,
-0.09478256283586517,96.38,,,
-0.09477650622301792,96.37,,,
-0.09474729083447375,96.35,,,
-0.09464520031073342,96.28,,,
-0.09459797788299695,96.24,,,
-0.094456459301133,94.06450000000001,,,
-0.09404198682106824,99.45999999999998,,,
-0.09397239530851031,99.4,,,
-0.09387798357909927,94.46,,,
-0.09352514866680206,98.08,,,
-0.09329072588187837,,,92.7,
-0.09318133475427881,93.25,,,
-0.0931094654333744,,,95.44,
-0.09310034686940216,98.93999999999998,,,
-0.09291257096973171,,,95.37,
-0.09287285982085425,,,95.37,
-0.09284405811872032,,,95.35,
-0.0927826918715301,,,93.1544522968198,
-0.09278215510387944,,,95.31,
-0.09278000802692465,,,93.16,
-0.09264848018620431,,,94.39,
-0.0925938894088939,,91.43,,
-0.09258995145948035,,,93.61999999999999,
-0.09258708747480204,,,93.61,
-0.09258261246254929,,,93.6,
-0.09243992593520611,97.88,,96.27,
-0.0923908614808906,,,93.60000000000001,
-0.09235791011067895,,,95.9,
-0.0922885969741638,,,93.45,
-0.09226531111619796,,,93.43,
-0.0922418449276744,,,95.11000000000001,
-0.09222643898390148,95.7,,,
-0.09164098413195532,,,94.02,
-0.09111745133526694,,92.49,,
-0.09058612317457404,,92.45,,
-0.09000485066979602,96.09,,,
-0.08961710284892455,99.23,,,
-0.08959890498539602,95.76,,,
-0.0894857375858309,,,93.23,
-0.08944554557750628,95.31,,,
-0.08929898591462293,99.1,,,
-0.08924417165767462,94.28,,,
-0.08917600525268243,95.19,,,
-0.08903477094868517,96.94,,95.11,
-0.08880126854710346,,92.06,,
-0.08867111210256651,,92.09,,
-0.08861712508234643,,92.46,,
-0.08860809652829027,,92.44000000000001,,
-0.08834040893481887,96.25,,,
-0.08806930990438011,97.74000000000001,,,
-0.08802881194539514,92.46,,,
-0.0878731144255247,98.2275,,,
-0.0878226505137244,98.15,,,
-0.08760083250473605,,91.86,,
-0.08752282680667511,94.59999999999998,,,
-0.08686096147982514,,,93.46,
-0.08682905757582493,,,95.3,
-0.08678681772800889,94.24,,,
-0.08672426657009769,95.25,,,
-0.08655034745837609,95.14999999999999,,,
-0.08653638027728783,95.13,,,
-0.08625876198391502,94.94,,,
-0.08622264105891697,94.97,,,
-0.0861912371301955,,93.04,,
-0.08613895296953178,94.96,,,
-0.085910139402678,94.86999999999998,,,
-0.08579023894263293,94.79,,,
-0.08564722560521698,,,95.49,
-0.08550271307488577,,92.58,,
-0.0854834412860489,,,95.4,
-0.08523574469168271,,90.44999999999999,96.00999999999999,
-0.08523501704445802,,,96.00000000000001,
-0.084803318264421,,,95.62,
-0.08462447714148125,100.66,,,
-0.08413020642112334,,,92.58,
-0.08380295071218391,100.23,,,
-0.08374072013597278,,,92.52,
-0.0832566391152072,,,92.41,
-0.08319744060614198,,,92.33999999999999,
-0.08307993450001439,99.22,,,
-0.08099785253172109,97.16000000000001,,,
-0.08072916562582566,99.36,,,
-0.0805373339820209,,92.0,,
-0.07947548513142788,,92.03,,
-0.07913844192626629,99.48,,,
-0.07911687308128501,99.61,,,
-0.07892916304495612,99.42,,,
-0.07865797320376855,99.03,,,
-0.07857640053883252,99.09999999999998,,,
-0.07808444385744706,96.32,,,
-0.07776505583631377,,94.01,,
-0.07622527170524196,,,95.52000000000001,
-0.07573539690810382,94.33,,,
-0.0750509677078175,99.44,,,
-0.07482970120468735,,92.06,,
-0.07480763541145619,99.20000000000002,,,
-0.07450290201183785,,91.27,,
-0.07428798659247027,96.86,,,
-0.07353979297642455,98.24,,,
-0.07340542641982994,96.69,,,
-0.07309436765792499,,,95.06,
-0.07301423527704776,96.9,,,
-0.07266477839712127,96.57999999999998,,,
-0.07253240188703358,,,95.26999999999997,
-0.07242355560215841,98.59,,,
-0.07224702350752099,,91.62,,
-0.07209565456595635,,,92.84,
-0.07206892672012333,,,92.94999999999999,
-0.07203627719513694,,95.8,,
-0.07203358619773692,,95.93999999999998,,
-0.07186491922034333,94.97,,,
-0.07185756107370611,,,,95.98
-0.07179869170025588,,,92.72,
-0.07177607526039587,,,92.73,
-0.07175345771837005,,91.5,,
-0.0712826878209627,99.67,,,
-0.07111953898114587,,96.26,,
-0.07099585180293577,93.23,,,
-0.07084821105373162,96.61999999999999,,,
-0.07081727428119011,92.43,,,
-0.07076870658747547,,,96.07,
-0.07014713178165422,,,,97.78
-0.07012929852104066,,,,97.73
-0.06981917866196208,,,95.8,
-0.06979394191677102,,95.56,,
-0.06967278647536812,,,95.7,
-0.06953698997542412,,,95.63,
-0.0694246077867059,,,95.63,
-0.06933240887019276,,,95.58,
-0.0689203382410003,96.32,,,
-0.06848536124745208,97.24,,,
-0.06814554557069197,89.98000000000002,,,
-0.06804042685301714,89.21,,,
-0.06791760229503008,96.79,,,
-0.06764724278038481,92.99,,,
-0.06763384116210114,92.22,,,
-0.06763058125075028,92.17,,,
-0.0675362150479063,91.08,91.37999999999998,94.39,
-0.06680454629495158,,95.38,,
-0.0667319695046894,95.27000000000001,,,
-0.06667208515372791,93.43999999999998,,,
-0.06653178050895014,,95.26,,
-0.0664568009691735,93.61,,,
-0.06597104860511527,,88.9,,
-0.06570106872118997,92.64,,,
-0.06567051571483795,92.65,,,
-0.06490349024772257,89.96,,,
-0.06263804119471472,,90.92,,
-0.06246594114551818,,89.07999999999997,,
-0.06205154339418528,88.97,,,
-0.061704281247886406,,91.51,,
-0.06120512316010873,,91.23,,
-0.05974645279555002,88.56,,,
-0.05939950888896861,88.28,,,
-0.05885194839214658,89.98999999999998,,,
-0.058789202900341064,,,93.89,
-0.057824823724913155,,,90.59999999999998,
-0.057332080894261894,89.0,,,
-0.057327452627758624,,,91.86,
-0.05728246350946631,86.85,,,
-0.057165249468182355,,,,95.0
-0.057151915219100236,,89.71,,
-0.056583006544169145,,,91.38,
-0.05642536973382151,,90.07,,
-0.056418692188444086,92.96,,,
-0.05595140037809143,92.58,,,
-0.05589198145457153,92.31,,,
-0.05588288227154581,,91.9,,
-0.055617443218015095,91.92,,,
-0.05561465615224748,91.89333333333332,,,
-0.05559458879309509,91.88,,,
-0.05558381152600933,87.72,,,
-0.05524159834226394,85.98,,,
-0.05514173169292813,,91.63,,
-0.05503700711320891,,90.18,,
-0.05490881346754939,,,91.82,
-0.05488015585026229,,89.99999999999999,,
-0.0548153906772898,,89.86,,
-0.054706312021359005,,,93.4,
-0.05461061479262597,89.91,,,
-0.05444039714291282,89.91,,,
-0.054273844859535014,89.77999999999999,,,
-0.054050192490932236,,90.44999999999999,,
-0.0538958106703602,88.55,,,
-0.053871380910199385,,,91.91,
-0.05375536895260968,89.31,,,
-0.05351206180566237,,90.14,,
-0.053476040224902044,,90.16,,
-0.05346577450557388,,90.14,,
-0.05340006862849511,,90.11,,
-0.053291970081659534,,90.07,,
-0.0532852481132271,,90.03,,
-0.05306635854498121,87.92,,,
-0.053004333886207844,90.34000000000002,,,
-0.05294379596305465,,,92.64,
-0.05292735222756417,,92.96,,
-0.05275353692948881,,,92.54,
-0.052694462584687574,91.41,,,
-0.05258713780455626,,,93.00999999999999,
-0.05236661566556433,,90.0,,
-0.052231895161051534,,89.92999999999999,,
-0.05030401153564057,,90.7,,
-0.05026830909571889,,,94.01999999999998,
-0.05015648671881301,90.75,,,
-0.04995589222303787,,87.09999999999998,,
-0.04948518731577578,90.13,,,
-0.049304268980343124,90.59,,,
-0.049243822016066585,90.47999999999999,,,
-0.04907392677591882,,92.53,,
-0.049051508125062426,90.36,,,
-0.04903210289314153,,92.47,,
-0.04787748087423893,,,,97.54
-0.047876914288094596,,,,97.54
-0.047781529342215356,92.01,,,
-0.04753003703322278,,89.83999999999999,,
-0.04750206424162007,,,,97.36999999999999
-0.047468041064446576,,89.52,,
-0.047344024911953664,,89.77999999999999,,
-0.04734175602303292,,89.54,,
-0.04731736478456272,,,,97.31000000000002
-0.047278033645376194,,89.77999999999999,,
-0.04725288270511896,,,,97.17
-0.04717761105591578,92.21,,,
-0.047123892355968255,,,91.72999999999999,
-0.04693450454493109,,,,97.17
-0.0464611790507522,90.46,,,
-0.046374604319962875,,91.02999999999999,,
-0.04606492839822973,,,,97.19
-0.04592970715384803,89.34,,,
-0.04584211788064041,,,,96.98
-0.045598708854119874,,,,96.89
-0.04554006723374848,,,95.11,
-0.04546661270901542,,88.25,,
-0.045396753990987304,,,95.1,
-0.04535736283408198,,,93.33,
-0.0452887186143639,92.8,,,
-0.045073144412991484,,89.77999999999999,,
-0.044560884163357795,91.11,,,
-0.0441843696664741,90.73,,,
-0.04374279071713305,90.38,,,
-0.043349234330608555,,,94.36,
-0.04332768896669825,,90.15,,
-0.043309574856740585,92.43,,,
-0.04273872450917926,90.32,,,
-0.042702832821810865,92.03,,,
-0.04267209365219793,93.0,,,
-0.0411994594761953,,89.28999999999999,,
-0.04054880608292055,,90.19,,
-0.040111539039163646,91.37,,,
-0.03994297261257318,,88.85,,
-0.039887858901919704,,90.43,,
-0.039841189732781834,,91.31,,
-0.03967468787986872,,90.07999999999998,,
-0.03964849598390596,,90.14,,
-0.03909598149939464,91.1,,,
-0.03909194188508136,91.05999999999999,,,
-0.03896626598607533,,89.89,,
-0.03888068044044091,90.93,,,
-0.03858441168776905,,,92.99,
-0.03826503011432625,,,92.48,
-0.03811663236617291,,89.74999999999999,,
-0.038038946195714574,,89.71,,
-0.03803181308958126,,89.62999999999998,,
-0.03752349405151023,89.51,,,
-0.037028562888390515,,,,96.64000000000001
-0.03669312934860802,,88.53,,
-0.03666083525358943,,90.7,,
-0.03656496873954407,94.12,,,
-0.03655985583852439,,90.73,,
-0.036506387577253,,89.59,,
-0.03637324810247433,91.08,90.58,,
-0.03617839335564521,,90.53,,
-0.03617727861184861,,90.51,,
-0.03591505640378967,88.92,,,
-0.035913429846432976,,88.71999999999998,,
-0.03588109119781524,,89.21,,
-0.03587880610944316,,88.93,,
-0.035857077863579834,,89.61,,
-0.035490664224786306,,,93.54,
-0.03545874687202277,,,93.79,
-0.035170255263799466,93.72,,,
-0.035100720046438605,,88.14,,
-0.03501952734484459,87.82,,,
-0.03498811427027404,90.35,,,
-0.03460068381164361,90.14,,,
-0.03439815747075081,90.71,,,
-0.0340806530580704,,,93.82,
-0.03388021080733794,,,,97.92000000000002
-0.03387187247417878,91.78999999999999,,,
-0.033778499759954395,,,,97.88
-0.0337397933733069,,,,97.79
-0.03365536768205335,89.68,,,
-0.03357267845533507,,,93.52,
-0.03351624709526324,88.18,,,
-0.033366637074797256,89.68999999999998,,,
-0.03327917118769774,90.78,,,
-0.03311316675549136,90.58,,,
-0.032912501984946996,,92.03,,
-0.03287827032212898,,92.02,,
-0.03282906975372146,,91.89,,
-0.03280830299252979,89.95,,,
-0.03271549647811711,88.36,,,
-0.03250624226972487,89.95,,,
-0.03243940409878021,89.58,,,
-0.03235907374314084,91.82,,,
-0.032134864650835815,,90.38999999999999,,
-0.03201269534709794,90.05,,,
-0.031926671155945496,88.89,,,
-0.03154714983317386,92.51,,,
-0.03146161353071375,,91.75,,
-0.031402339728364814,93.85,,,
-0.031141337707191963,91.88,,,
-0.03100794755169023,92.55,,,
-0.030940847418002515,,,,96.65
-0.03088430393971786,92.48,,,
-0.030747515785690127,92.47,,,
-0.030727160600028447,92.33,,,
-0.03071365524544456,92.30999999999999,,,
-0.030614604477631646,92.2,,,
-0.030349855590003916,,91.68,,
-0.030303970614331543,91.49000000000001,,,
-0.030004977286960277,92.52,,,
-0.028937092020057564,,90.91,,
-0.02868355734156902,,91.35,94.06,
-0.02834757095637619,87.6,,,
-0.028007950894961664,,,90.35999999999999,
-0.027710824864856654,,85.98,,
-0.027612167975135993,90.56,,,
-0.026905653232153104,89.47,,,
-0.02688048048749403,,,,97.35
-0.026614121999124274,,86.57999999999998,,
-0.026582854152519708,,86.23,,
-0.026551394776630488,,87.73999999999998,,
-0.02653263189168653,85.25,,,
-0.026493777153522302,85.20999999999998,,,
-0.026434446618524565,85.28,,,
-0.02640335680545025,,,92.03999999999999,
-0.026137685433123337,86.74,,,
-0.02561388274159515,85.75,,,
-0.02481913320463547,87.06,,,
-0.024813046909223035,,91.81,,
-0.024502164434597518,,91.17,,
-0.022841853403217094,87.97,,,
-0.022607862064166206,,88.45,,
-0.022176833843789545,,,92.85,
-0.020785396698440928,,,91.31000000000002,
-0.02037905452864075,,,,94.89
-0.020054967076786667,,,91.44,
-0.019931073712552094,88.93000000000002,,,
-0.01971951822743323,88.72,,,
-0.0196374462418194,88.63,,,
-0.019626873909702525,,,91.22,
-0.019613802347475895,,,91.23,
-0.019527867371142316,,,91.20999999999998,
-0.019526521513450912,,,91.2,
-0.019209565296025133,88.14,,,
-0.019066598707600635,90.35,,,
-0.018827907517073306,87.63,,,
-0.018683096266795762,87.65,,,
-0.018664606647408988,87.76999999999998,,,
-0.018649583318612994,87.67,,,
-0.018549608685914487,87.72,,,
-0.018399897599477244,87.05,,,
-0.01835634371506578,87.44,,,
-0.018279825984208853,,,89.51,
-0.018147578310094503,87.30999999999999,,,
-0.01777049618305615,87.34,,,
-0.01772804425724528,87.15,,,
-0.017551829544456443,86.84,,,
-0.017454913462341515,86.72999999999999,,,
-0.016999228934195254,,88.67,,
-0.0165651729143953,,,91.85,
-0.016530934822751364,,88.79,,
-0.015772637180133442,,90.76,,
-0.015626922603666826,,,92.55,
-0.015620721026321727,,,91.97,
-0.015598627271973808,,,92.25,
-0.015522454357652093,,,92.49,
-0.015321208129980834,,,92.48999999999998,
-0.015281065371354319,86.69,,,
-0.015178075500387966,,,92.41,
-0.015159453563192482,,,93.41,
-0.01508010845937846,,,91.46,
-0.015042662442119048,,,92.78,
-0.014989495847983703,86.51999999999998,,,
-0.014923514721377096,,,92.09,
-0.0146262960373984,,91.07,,
-0.014135910828987464,,,92.15999999999998,
-0.014022765425564576,,,91.96,
-0.014015182588612451,,,91.94,
-0.014004683083357228,,,92.17,
-0.013997488848804585,,,91.94,
-0.013996711087429392,,,91.88,
-0.013944598280043241,,,91.81,
-0.013845607668336535,,,91.81,
-0.012777424352095723,,,,97.22999999999999
-0.012592993991825896,86.53,,,
-0.012465061013858691,86.01,,,
-0.012375917379319756,84.98000000000002,,,
-0.01112093397650038,90.95,,,
-0.010891665337964485,89.57,,,
-0.01088892599154434,90.88000000000001,,,
-0.010827286685399007,90.76161290322581,,,
-0.009875501745589488,90.6,,,
-0.008653660467050961,89.13999999999999,,,
-0.008598819003257097,,89.98,,
-0.008340648473816437,89.89,,,
-0.008272199925977386,89.62000000000002,,,
-0.00720510963731813,,,,96.51
-0.006751507304250115,88.24,,,
-0.006735130427596547,88.03,,,
-0.00672723776407147,88.24,,,
-0.0066686308138940165,88.1,,,
-0.0065403423104334335,87.51,,,
-0.006494150336907811,87.62,,,
-0.006467499167419843,87.48,,,
-0.006460589371552472,,,,98.12
-0.006420905540038158,87.51,,,
-0.006326520310487083,87.18,,,
-0.006317633748155971,,,,96.90999999999998
-0.00627912347458881,87.24999999999999,,,
-0.006230339509479266,87.21,,,
-0.005871323960688235,86.84,,,
-0.005722860360337978,86.75,,,
-0.005713962997446198,86.57,,,
-0.005700517791398463,90.14,,,
-0.005648315309714658,86.74,,,
-0.0047241762251298836,,90.07,,
-0.004494111781772392,,90.12,,
-0.0034089393819500824,,,92.70999999999998,
-0.003358681244207018,86.23,,,
-0.003092713144529302,85.90999999999998,,,
-0.002841518150777267,,,92.91999999999999,
-0.0024183680869031,,,92.67339285714284,
-0.002213933775403687,,,92.54,
-0.0021610888111172066,,,92.51,
-0.0021164725815189245,,,92.52,
-0.0021039640022975092,,,93.95,
-0.002090620150784206,,,92.52,
-0.001842399299373243,,,93.80999999999999,
-0.0015808968079942254,,,93.7,
-0.001433542007094557,89.18,,93.54,
-0.0012741744082899187,,,93.33,
-0.0004621862850618941,,,,96.38
-0.0004244197913566561,88.73999999999998,,,
-0.0001967612773805527,88.37,,,
-1.9599615847631924e-05,88.05999999999999,,,
0.00012141473974947026,,,94.04,
0.00014598284634237402,,,92.69,
0.0003383144179363029,87.35,,,
0.0005225806401960575,,,93.0,
0.0005362489472724441,,,92.72,
0.0009260567877400483,87.87,,,
0.0009599205638206598,86.96999999999998,,,
0.001458724778512499,87.96,,,
0.0015308013093859874,,,91.1,
0.0017669628043925911,,,,94.16
0.001839145477447568,,86.6,,
0.0021414992961883428,,,92.37,
0.002178582056069578,,,92.38,
0.002240207311382525,,,94.88,
0.0022765169117779926,84.2,,,
0.0023070409563858973,84.37,,,
0.0023978513216518227,,87.85999999999999,,
0.0024529251961915577,84.97,,,
0.002481913876778652,85.14,,,
0.0024857791608654534,84.38,,,
0.002732832635405691,,86.17,,
0.0030767450159623344,,,90.83,
0.003086226256515001,85.34,,,
0.0031491165728720905,,86.62,,
0.003237044648262133,85.89,,,
0.0037931799974906255,85.02999999999999,,,
0.003852383908487189,,,93.98,
0.003973728015485234,87.47,,,
0.004051347185895171,,,90.83,
0.0040841121260728475,,85.92,,
0.004097296255624716,,,90.86,
0.004144219054833753,,86.02999999999999,90.86,
0.004400238815472024,86.01,,,
0.004421385676564693,,86.39,91.11999999999999,
0.004539715884023021,86.94,,,
0.004559292806330717,87.43,,,
0.00469404651153793,,,91.22,
0.004729182977414537,,,91.24,
0.004730472008309672,86.68,,,
0.004763987972573158,85.85,,,
0.0047740292192153255,,85.84,,
0.004836277001206923,85.93,,,
0.005128863319097787,,,90.84999999999998,
0.005155869714015715,,,91.44,
0.0051706364141232974,,,91.44,
0.005240395507967399,,,90.84,
0.0052419501384528555,,86.07,,
0.0052619431150413565,86.42,,,
0.005304139301127941,87.15,,,
0.005358965429324458,86.51,,,
0.005363226133257015,,86.16,,
0.005373318236647551,83.85,,,
0.005388690034606514,,86.14999999999999,,
0.005403844583869333,,,93.43,
0.005409489750817009,,86.34,,
0.00541668237630244,,86.2,,
0.005440236029106371,87.58,,,
0.0054538135122936815,,86.19,,
0.0054644984562097765,86.59,,,
0.005475619126639852,86.45999999999998,,,
0.005479865265697992,86.66,,,
0.005515251152571787,87.68,,,
0.005574705049855355,86.7,,,
0.005576501843008952,,86.48999999999998,,
0.005589530730042647,,,91.08999999999999,
0.00568048565517465,87.59,,,
0.005688716907522595,,86.60999999999999,,
0.005730925587709379,85.31,,,
0.005832085231116002,,86.66,,
0.005853665994622448,88.25,,,
0.00586985412070673,88.25,,,
0.0059087466667182564,85.38,,,
0.006088382542663862,,,91.44,
0.006143512286018504,87.25,,,
0.006213165051560443,87.33999999999997,,,
0.006259133059456579,88.89,,,
0.006303134498800045,,92.77,,
0.006304692418132696,,,91.44,
0.006305105267564448,87.42,,,
0.006306250342289266,,,92.09,
0.006308781979331934,,87.47,,
0.006342668193727086,,,91.48,
0.006370129386298107,,,,95.67
0.00637478040902284,87.54,,,
0.006428663732457318,87.14,,,
0.006433626960343997,,,91.54999999999998,
0.006440249868146619,,86.8,91.66,
0.0064437561487422634,,86.72,91.59,
0.006447067658404082,,,91.53,
0.006449600004025946,,86.78,,
0.006457002318141392,,86.75999999999999,91.57,
0.006457976314947045,,87.6,92.18999999999998,
0.00646343073189648,,,91.57999999999998,
0.006463508652566841,87.53,,,
0.006467716386687972,,86.78999999999999,,
0.006470638444971755,,86.78999999999999,91.56,
0.00647336571467827,,86.78,91.56,
0.006473560520222854,,,91.60999999999999,
0.00647628780576559,,86.77,91.54,
0.006476474820172884,,,94.55,
0.006485443801046431,,,91.54,
0.00649245701648149,,86.78,91.57,
0.006497342947664242,88.80000000000001,,,
0.00650102885696513,,,91.56,
0.006517978153140147,,86.8,91.62,
0.006518757444851531,,,91.68,
0.0065199263846809075,,87.63,,
0.006521048569471999,88.94,,,
0.006523238395609754,,86.83,,
0.006524991821984516,,86.83,,
0.00652849869306138,,,91.57999999999998,
0.006531031448481439,,86.84,91.74,
0.006620270505967918,,,91.56,
0.006632500217432558,,,95.20999999999998,
0.006633716189690109,,,91.59,
0.00667464004605911,,,91.65,
0.006678147960005543,,86.87,91.69999999999999,
0.006700365316074874,,86.88,,
0.006705627465097841,,,91.72,
0.006994787190784502,,,95.03,
0.007390214614411361,,,94.74,
0.007523175551845673,,,95.17,
0.007534224678194423,,,,97.53
0.007536169037164031,,,94.65,
0.007544087106619468,,,94.89999999999999,
0.0075679982452816486,83.65,,,
0.007861708969077785,83.65,,,
0.008061584808511935,,,93.39,
0.008091141116831846,,,94.49,
0.008091875942662918,84.83,,,
0.008116954470615667,,,94.7,
0.008235468957539016,,,94.76,
0.008312958624847155,,,93.46,
0.008327231660854695,,,92.93,
0.008561719225339326,81.81,,,
0.008645253645185758,84.02,,,
0.008659927395882505,,,92.38,
0.009250557707976448,85.12,,,
0.009431930068171113,90.51,,,
0.009753049357117405,,,90.32999999999998,
0.010268163560799293,89.79,,,
0.010464722441857921,83.97999999999999,,,
0.01094130105423674,84.33,,,
0.010976286190277795,84.37,,,
0.011864697344458497,83.67999999999999,,,
0.01220249032957299,83.76,,,
0.012448245884738585,85.87999999999998,,,
0.012513695708090689,84.1,,,
0.012553718895615296,,,91.91,
0.012560422595986775,,,91.88,
0.012671440893191832,,,91.91,
0.012839296294839153,,,,95.84
0.013021218898300546,,,91.07,
0.013322067270554738,,,92.07999999999998,
0.013568169281477527,,,,96.57
0.015152914240467608,86.21,,,
0.015277584701484992,86.34,,,
0.015300579736631015,86.93,,,
0.01534399561683819,87.15,,,
0.01591132031937903,83.61,,,
0.016104871402158327,86.36,,,
0.018242998208675587,83.6,,,
0.018737322107892806,,,92.27,
0.019006030164146148,84.38,,,
0.019393970284665718,84.85,,,
0.019645030191297153,85.08999999999999,,,
0.019776606167765776,83.84,,,
0.019960229396901452,82.57,,,
0.020091686625479888,85.56,,,
0.020092487077684185,,89.03,,
0.02019195303977961,83.83,,,
0.02087472865836837,81.66,,,
0.02088635316424714,83.78,,,
0.021185274037032187,,89.37,,
0.021403911819843247,,,94.14,
0.021563636735113967,,,91.92,
0.021598758836092413,,,91.99,
0.021629066132800023,,,94.86999999999999,
0.021630671867552742,,88.51,,
0.02190231439257051,83.40999999999998,,,
0.0220284473756569,,86.92,,
0.02208891387328471,86.48999999999998,,,
0.022178521906268678,86.02,,,
0.022321002896903863,86.62,,,
0.023238332869268463,,,92.00000000000001,
0.023606128959805517,,,94.02,
0.02445451737159643,91.82,,,
0.024500738133079958,,90.1,,
0.02520869897467315,,,91.95,
0.025911364414764826,,89.8,,
0.025928771343757484,,88.57,,
0.026060759371782316,84.57,,,
0.026395537705923067,,89.99999999999999,,
0.026869217936403622,,89.12,,
0.027497411496905544,,,93.89,
0.027967842002924126,,,93.01,
0.028879052101643765,,,91.87,
0.028935649177266987,86.46,,,
0.030174198494757,85.74,,,
0.030214201344270997,91.25,,,
0.03023420393406817,90.08,,,
0.0302793146661251,83.13,,,
0.030345456998829512,,,93.84,
0.030525349932718715,86.88,,,
0.03076169523032868,90.51,,,
0.03077742819445861,90.65,,,
0.030841590969193255,90.8,,,
0.0312801141230441,90.89000000000001,,,
0.03137297759163693,90.99999999999999,,,
0.03239660547996115,,,,98.63
0.032548100359704124,86.91,,,
0.03267625996433288,,88.57,,
0.03270066515852643,88.36,,,
0.03290374469320878,,,91.71,
0.033001825830727194,,,91.85,
0.03305846693726178,,,93.44,
0.03318901139905517,,,92.0,
0.03332615966518637,,,91.83,
0.033520446910141555,,,92.36999999999999,
0.03361617975062425,,,91.84999999999998,
0.033807698646646456,,,91.95,
0.033892384129990516,,,92.04,
0.03405130962598357,,,92.26,
0.03411300150503216,83.85,,,
0.03440655002141413,,88.89,,
0.03467844183793911,,88.87,,
0.035045856512389006,89.07,,,
0.03505904215636235,,88.69,,
0.037680369302461436,89.16,,,
0.038208467468536345,83.37999999999998,,,
0.0391628504077115,88.85000000000001,,,
0.03987916604090613,,89.53,,
0.040805352052410315,,,91.19,
0.04085099977741802,,88.93,,
0.04089141941158414,84.7,,,
0.041281408614636694,,,91.38,
0.04173177490259805,,,91.11999999999999,
0.0424044332302318,,,91.57999999999998,
0.042614460019946065,88.18,,,
0.04302058762175265,88.52,,,
0.0436192716340269,,,93.24999999999999,
0.043620318886216314,,,93.25000000000001,
0.043635399550795206,,,93.26,
0.04371302066783711,,,91.99,
0.04377617344027218,89.43,,,
0.043965646570456984,,,96.26,
0.0442488396788856,,,95.69,
0.044486277458941625,,,92.53000000000002,
0.044538543182093715,,,93.68,
0.04455425655859546,,89.86999999999999,,
0.044672922580837326,85.04,,,
0.04501033689391587,,,92.15999999999998,
0.04516547098446466,,,92.24,
0.045242347180729725,,,92.3,
0.045261770325018436,85.31,,,
0.04529070405555369,,,92.33999999999999,
0.04530008957417686,,89.97,,
0.04530810553198328,,,92.38,
0.045331982919275315,,,93.49,
0.04539024116147683,,90.25,,
0.045439849456661685,,,92.33999999999999,
0.04551866572516361,87.01,,,
0.04573543280859349,,,93.69,
0.046026156688683484,87.62,,,
0.046110540891455054,87.75,,,
0.04650128458032676,,87.23,,
0.04668581028175578,,90.84,,
0.04673553381297979,86.81,,,
0.046832044656244465,87.09000000000002,,,
0.04692491977937818,85.34,,,
0.04695414864306002,,87.45,,
0.047226014645649794,87.19,,,
0.04745453998803173,,87.32,,
0.04751972509859281,,90.83,,
0.04778114878725148,85.3,,,
0.04793446295493453,84.8,,,
0.04795663012079654,84.83999999999999,,,
0.048086194608644606,84.94203125,,,
0.04825078973079178,85.06,,,
0.048277243706405626,85.07,,,
0.048414786761505235,87.42999999999999,,,
0.04845664157965324,89.74999999999999,,,
0.04851376086935,85.25,,,
0.04863755765321898,84.16,,,
0.04884001208108324,85.84999999999998,,,
0.048994858953899545,86.02,,,
0.049600626961441074,86.47,,,
0.049786514248033154,85.27,,,
0.04987978876418642,85.26,,,
0.049882850571923765,85.0,,,
0.04991285723284977,85.28,,,
0.04992837155331853,85.28,,,
0.050399939777070246,,,95.92,
0.05076551298675436,89.83,,,
0.05114051665892272,86.07,,,
0.051234031949727754,86.15999999999998,,,
0.05130648192745735,,86.44,,
0.051399207906989375,86.33,,,
0.051482327210785384,86.41,,,
0.051978040153222604,86.32,,,
0.05232142105484683,,,92.15,
0.05399910683334941,,,95.06,
0.05408716441963901,,,95.32,
0.0542845244503225,,91.02,,
0.05702596349384659,,87.59,,
0.05717537227745528,85.47,,,
0.05882083045670683,,,93.08,
0.059094117575529514,,,92.61,
0.059355076400099405,85.38,,,
0.0596321742003898,85.58,,,
0.05976297812237075,,,91.83,
0.06008523870567517,,,94.55,
0.06009918209421805,,87.38,,
0.060201583587765395,83.9,,,
0.06046871145981769,84.84,,,
0.06129676707385734,82.18,,,
0.061408579601417435,,86.71,,
0.061912236493361306,84.89999999999999,,,
0.06210961325245301,84.24,,,
0.062130712886399264,,87.02,,
0.06214659039142845,83.39,,,
0.06215473824278295,83.69,,,
0.06237561352191667,83.4,,,
0.0623935884940412,83.7,,,
0.062448144168704145,83.59,,,
0.06246821203323938,83.51,,,
0.06257232624827158,84.43,,,
0.06266684115393795,,85.76999999999998,,
0.06277350426929895,84.58,,,
0.06288374531888286,,86.55,,
0.06288520977515843,87.31,,,
0.06297706016765114,87.25,,,
0.06300844776750503,87.21999999999998,,,
0.0630546955421194,87.29,,,
0.06308525057805259,87.30999999999999,,,
0.06309613361779687,87.3,,,
0.06311266789305248,87.30999999999999,,,
0.0631143422787186,87.30999999999999,,,
0.06312166777802264,87.32,,,
0.06314678454208189,87.33999999999999,,,
0.06325563756844454,,88.92,,
0.0632836917682349,,88.93,,
0.06340388099092698,,88.97,,
0.0634086975015804,86.63,,,
0.06345539897597119,87.65,,,
0.06349456436111556,87.65,,,
0.06349917224314439,87.41,,,
0.06550697413777806,85.06,,,
0.06900062496943948,85.44,,,
0.06971464024828067,,,94.56,
0.07071867402199405,,,94.48,
0.07088314344658198,88.58,,,
0.07123366641426543,,90.83,,
0.07256838815217126,,89.87,,
0.0727119947079542,,89.93,,
0.07290551954257651,,,95.07,
0.07310807072656567,,,95.11,
0.07329043219219367,,,93.92,
0.07372023980547371,86.47,,,
0.07464936685881152,89.68,,,
0.07498284008873779,,,93.62,
0.075537908197846,87.72,,,
0.07577585851395896,89.25,,,
0.07642562108263307,,,94.12,
0.07696747498394019,,,94.48,
0.07826614034442514,,,,95.5
0.07895923592103049,,,94.09,
0.07946292864075377,,,,96.00000000000001
0.08012481613768196,84.41,,,
0.08017866155062037,,,95.04,
0.08047659822747799,,,92.99,
0.08076907527396493,86.07,,,
0.08086824602105391,,,93.08,
0.08119984608347908,83.22,,,
0.08137605875888543,87.33,,,
0.08138796144851912,87.33,,,
0.08151845190647666,,89.67,,
0.0816097752801177,,,93.89004444444444,
0.08168456919014666,,88.13,,
0.08172134317339186,,,,96.82999999999998
0.08172635800120154,,,,96.83
0.08185446082402148,87.82,,,
0.08191235737110758,,,93.61999999999999,
0.08202356956484103,,,94.10999999999999,
0.08205723039336466,,,93.67,
0.08224167036271535,,,94.62999999999998,
0.08226425916982216,,,94.68999999999998,
0.08229396070306594,,,94.77,
0.08235734336936296,85.32,,,
0.08239981181706124,,,93.76,
0.08273216634856384,85.32999999999998,,,
0.08281044223718692,,,94.94,
0.08379873780024849,87.05,,,
0.08394055750274543,,,94.845,
0.08443949389208827,,,96.12,
0.0855290257861605,,,93.66,
0.08633507160356335,89.62999999999998,,,
0.08663571954009708,,,92.26,
0.08672787014533445,,,94.04,
0.08673377506473834,,,92.84999999999998,
0.0871396811419316,,,93.04999999999998,
0.08718192378854717,91.82,,,
0.08723233941529807,,,93.13,
0.08734697047658813,,,92.51,
0.08759616000870074,,,94.3725,
0.08774488342288445,87.91000000000001,,,
0.08776051864421541,87.97,,,
0.08776432187412464,88.00999999999999,,,
0.08776950244818638,,91.48999999999998,,
0.08795885420202953,,91.645,,
0.08798706849655735,,,92.22,
0.08805365658889341,88.06,,,
0.08807183761149573,,,,98.35000000000001
0.08810355015156701,,,97.92000000000002,
0.08820068032694395,,91.7,,
0.08828265498991206,87.99,,,
0.08829957466920546,88.02,,,
0.08838058492293599,,,95.0,
0.08839898841088312,,,94.77999999999999,
0.08851407720830351,,,,98.42
0.0885498358525163,,,,98.42
0.08868527450129937,87.58,,,
0.0887663108282648,88.03999999999999,,,
0.0888101618652406,86.92,,,
0.08900805684460722,88.18,,,
0.08910386589086161,,,,98.29
0.08912073266361831,88.27,91.25,,
0.08915194933887505,,,92.47,
0.0891525848313719,,91.28,,
0.08925957781912475,,91.28,,
0.08931126933357314,,,,98.34
0.08941298732020542,88.74,,,
0.08947847832540945,,,,98.42
0.08960460778222856,,,,98.43
0.08977148270415891,89.28999999999999,,,
0.08979862856626863,,,92.88,
0.08982704833966793,,,92.87,
0.08985759064403975,,,,98.48
0.09004809447913997,,,,98.50000000000001
0.09018186252322202,86.78,90.55,,
0.09026594412992739,87.33999999999999,,,
0.09037733921275559,87.27999999999999,,,
0.09045000044425744,87.47,,,
0.09049954774560431,,91.97,,
0.09053059968277677,,91.94999999999999,,
0.09054928046142696,,,,96.18000000000002
0.09055947453728641,,,92.62,
0.09070879711180324,,92.04,,
0.09096271810244194,,,92.78,
0.09102149918476443,,91.63999999999999,,
0.09110813548410945,,92.24,,
0.09121220541059394,,92.27,,
0.09121505627357074,87.17,,,
0.09133371893791398,,92.26499999999999,,
0.09136817422289711,,,,96.57
0.0913915080039418,,92.26,,
0.09149452888367393,,92.28,,
0.09172348827488963,,,93.43999999999998,
0.09172923477383765,,,,96.16
0.09228205635447218,87.65,,,
0.0924373997966852,87.70999999999998,,,
0.09327299006316081,88.19,,,
0.09609912024344358,,,92.19,
0.09670317317354371,87.44,,,
0.09686707342153977,,88.19,,
0.09688146805048703,,,,99.18
0.09728424109764489,,,92.27,
0.09773357222106793,,,92.4,
0.0991918584429321,90.44999999999999,,,
0.09951752778196088,,,92.35,
0.09962677489088656,,,93.45,
0.10033070832413937,,87.45,,
0.10047060839517585,,,,98.93
0.10062568604848843,,,92.31,
0.10122347894981831,,,,96.9
0.1021443793392014,,,92.26,
0.10229841028885334,89.33,,,
0.10268324183359678,88.64000000000001,,,
0.10400038482299112,88.46999999999998,,,
0.10430408432781513,,,93.26,
0.10466656527405704,,,,97.63999999999999
0.10466830854569431,,91.66,,
0.1055594041745529,,,,97.53
0.10646571141793593,,90.13,,
0.10711254570051865,,90.23999999999998,,
0.10731153854215303,,90.23999999999998,,
0.10736233805320161,88.06,,,
0.10944847929283763,87.73,,,
0.11066023594390062,,,94.73666666666665,
0.11074681260293007,,90.22,94.68,
0.11136712246610769,,,95.18,
0.11141454492337588,,,94.89,
0.1114222652413206,,,95.17,
0.11206408825340608,,,95.41,
0.11212084622863938,,,94.21,
0.11214977956595584,,,95.41,
0.11297182089673674,92.84,,,
0.11330104495231286,,90.21,,
0.11341259039278517,90.07000000000001,,,
0.11359371805875162,,,,97.18
0.11363202932988581,,,,97.18999999999998
0.11367533790925899,90.18,,,
0.11376558575716578,90.23999999999998,,,
0.1139882510046284,,,94.09,
0.11407300866172543,90.38999999999999,,,
0.1149761405061076,,,,97.78
0.1150469613974725,92.21,,,
0.11529238928319385,91.12,,,
0.11532198576541486,91.0,,,
0.11572454354911987,,,93.35,
0.11801517609220924,,,93.54,
0.11875616689364765,,90.41999999999999,,
0.1190034155581039,87.08,,,
0.12033991112903641,,91.06,,
0.12036703223976164,86.26,,,
0.12176183914456051,,90.96999999999998,,
0.12187577629797008,90.83,,,
0.12225063107248846,,,94.42,
0.1228660031865334,,,96.06000000000002,
0.12325068748959489,,,96.09000000000002,
0.12471608190803041,89.56,,,
0.12472960433757785,,90.1,,
0.12500605192987746,,,96.08,
0.12607890007719447,,,97.35,
0.12618591398835521,91.75999999999999,,,
0.1262295562636131,,,97.44,
0.12630460264375865,93.8,,,
0.12638593240517793,96.35,,,
0.12640587018373495,,,95.68,
0.12659291497370173,90.1,,,
0.12681928494865224,,,96.51,
0.12702542569360364,94.15,,,
0.1270780501549733,94.34,,,
0.12730017044375974,94.46,,,
0.12754349146661004,94.53,,,
0.12777715123491595,94.75,,,
0.12800818128219493,94.88,,,
0.12801817881867894,88.22,,,
0.12829622989541467,,89.72,,
0.1283809365682671,,,96.31,
0.1309848029975944,93.75,,,
0.13276736630024888,92.55,,,
0.13287741760592664,,,97.33999999999999,
0.13289048104957435,,,97.29,
0.138016480440734,,,94.71,
0.138334980975086,,90.2,,
0.1385787788546291,92.33,,,
0.13876767666851553,91.63999999999999,,,
0.13892622035944502,91.73,,,
0.13962823362143006,,89.25,,
0.14005093275822356,91.72999999999999,,,
0.14043021746824502,,90.28000000000002,,
0.1406495645275292,,90.26999999999998,,
0.14108940986397034,,,93.31,
0.1412910441711117,,,93.34999999999998,
0.14131170560769735,,,93.34999999999997,
0.14155700502678714,,,95.25,
0.1418709713364792,,89.91,,
0.14256806750764928,,90.25999999999999,,
0.14260610722964318,88.28999999999999,,,
0.14327998749488224,,90.53399999999999,,
0.14393007037142214,,91.25,,
0.1472583196502999,,,95.61,
0.15056582049824252,,,96.01,
0.15503450665588647,98.6,,,
0.15541577238149928,,,93.8,
0.15562804339460334,94.0,,,
0.15570417055111685,,,,97.33
0.15596379059022358,94.15,,,
0.15596824478167037,94.16999999999999,,,
0.15613351954790544,94.21,,,
0.1561716151775272,94.19999999999999,,,
0.15708532520750884,,,95.78,
0.15736610479757185,,90.33,,
0.15752932311157775,,,,97.5
0.15914926171851618,,,96.17,
0.1594859380444149,,,96.21,
0.16031648018769284,,91.88999999999999,,
0.1612967659046367,99.81,,,
0.16150898601427022,95.86,,,
0.16158476558348234,93.09,,,
0.16179214183158463,93.1,,,
0.16180698939212124,95.15,,,
0.16196358677243894,,95.25,,
0.16199374111437903,93.14,,,
0.1620385254505805,95.20999999999998,,,
0.16206260689765495,95.2,,,
0.16227668306380783,93.22,,,
0.16234445651775942,95.31,,,
0.16244128944962477,93.28,,,
0.1624656128140909,95.34,,,
0.16248295509367083,95.38,,,
0.16255886180837198,95.4,,,
0.1626345531501292,95.41,,,
0.16323448982240008,94.96,,,
0.1646014724056417,93.78,,,
0.16496213290586992,,,95.57,
0.16500392485805038,,,96.44,
0.1650947262188096,,,96.47,
0.16514715406781,,,96.46000000000001,
0.1651815624080284,,91.47,,
0.16518694620974728,,91.49,,
0.16519771396244365,,,96.5,
0.16528690669567836,,,96.5,
0.16547118794468751,,,96.1,
0.16554707162326943,,,96.59,
0.16559274711922756,95.0,,,
0.16570753724385323,,,97.74000000000001,
0.16642466706620063,,,96.36,
0.16643592687009834,,,96.35,
0.16644366811138078,95.53999999999999,,,
0.16646055844902574,,,96.36,
0.1664664232640063,,,96.37,
0.16652343233832245,,,96.36,
0.1665363364001171,,,96.37,
0.16668017735952523,,,96.41999999999999,
0.1667496467061953,,92.42,,
0.16784252188585547,,,95.74,
0.16915511590126941,,,,97.3
0.16934606075571312,,,95.25,
0.16955918144892013,,,,97.35
0.16973634727600562,,,95.38999999999999,
0.16978195062753754,100.44,,,
0.1701352434244452,93.38999999999999,,,
0.170554239874267,96.91,,,
0.17118601322815552,97.08999999999997,,,
0.171213904651476,97.11999999999999,,,
0.17140392174318975,97.21000000000001,,,
0.17147116277298946,96.64,,,
0.1718283099657747,96.81,,,
0.17189353972201515,96.84,,,
0.1723952503923616,97.06,,,
0.1725849635521508,97.13000000000001,,,
0.17269863755872294,97.18,,,
0.17285222413831525,97.17999999999999,,,
0.17297099477324118,97.88,,,
0.17315561850621708,97.28000000000002,,,
0.17342359829172982,97.39,,,
0.17408604250426296,97.68,,,
0.1742804400889948,97.78,,,
0.17642122467802324,100.12,,,
0.1771083039693857,,,,97.01
0.17718082066376128,,,94.16,
0.17753406311661069,98.99,,,
0.17811625494121586,,,96.04,
0.17881527493115734,,91.27,,
0.17892575891872076,,90.85,,
0.17953089270043376,,,,97.58
0.18055856160744854,,,96.66,
0.1806463724049885,,,94.62,
0.18153776352230588,,91.66,,
0.18270296907724526,,,,100.07
0.18383078093688754,,,96.49,
0.18415248726295985,,,,97.82
0.1843002058905907,,,,97.82
0.18435701257787152,,,,97.82
0.18461423037587799,,,,97.88999999999999
0.185203211979718,,,,98.04
0.18527134416882052,,,,98.03999999999999
0.18528679792005875,,,,98.06
0.18541114503801714,,,,98.03
0.18585391044890298,,93.72,,
0.18818563261775512,,,,98.05
0.192953936867287,,92.54,,
0.19585408959917472,,90.4,,
0.1961692486880242,,,96.12000000000002,
0.19767650757530397,,90.84,,
0.1980745782101152,,93.66,,
0.19833838399675008,,,,97.67
0.1986144017515752,,92.97,,
0.19862469802149008,,93.0,,
0.19893480443923006,,91.67,,
0.1989648137797826,,93.03,,
0.19922554014617355,,93.13,,
0.19922769736289836,,,98.2,
0.19934809627670114,,95.7,,
0.19953326547586547,,,97.24,
0.1996472263188669,,,96.12,
0.20024076829812065,,,97.84,
0.20040442012141124,,90.72,,
0.20048163323125223,,,97.08000000000001,
0.2008529154675085,102.44000000000001,,,
0.20119165962258156,,95.17,,
0.20291876208432136,,,97.75,
0.20294529125109917,,,97.75,
0.20327121311998808,,,97.76,
0.2033180291335328,,,97.79,
0.20343798162590887,,,97.82,
0.2036764160573541,,,96.21,
0.2037054869710917,,,97.86000000000001,
0.20376103096514764,,,97.86000000000001,
0.2037692422513373,,,97.91,
0.20377479700845913,,,97.93,
0.20395409594892744,,,97.62,
0.20401394167876874,,,97.34,
0.20415191580569814,,,97.32,
0.20428001115966143,,,98.08,
0.2046242806012939,,,97.80000000000001,
0.20462638706899638,,,97.80000000000001,
0.20463223840682332,,,97.8,
0.204970776543417,,,95.74,
0.20579359707522693,,,,97.91
0.20639679838375002,,94.11,,
0.20809179886882334,,93.61,,
0.2101373203324246,,94.13999999999999,,
0.21077590555947934,,94.33,,
0.21094524973424789,,94.15,,
0.21635741760257532,,95.2,,
0.21782199999371454,,93.71,,
0.2185850733548904,99.08,,,
0.21925654455615717,,,96.5,
0.2202329582166649,,,95.64,
0.22163564007697878,99.16999999999999,,,
0.22318758479891287,,,97.91,
0.22478426017894493,,,97.84,
0.2287203396029429,,,,98.43
0.22912324260157013,107.77,,,
0.23196992761406698,,,98.24,
0.23532232847101153,,94.45,,
0.2364258791664171,,,99.39,
0.23644212233744755,,94.89,,
0.23652388405713864,,,99.19,
0.23672214524915125,,,99.42,
0.2367313191235565,,,99.18,
0.23693344099808167,,,101.32,
0.23740074692602597,,,,101.77
0.23741749422184033,,93.76,,
0.23765798752556777,,,,101.37
0.2378336904676941,,93.76,,
0.23793209632968604,,93.78,,
0.2382508854944907,,,101.51797101449274,
0.23872662000280265,103.84,,,
0.23989581775391322,108.90999999999998,,,
0.2404168110589362,,,,98.8
0.2432650627076829,,,98.52,
0.24428556835452664,,,99.76,
0.24532661998507943,,99.85,,
0.24561553064583985,,95.95,,
0.2492372820812918,,,97.62,
0.24983913203359176,,,98.93,
0.2512681309240947,,,99.2,
0.251649879890504,,,,99.31
0.25605260348303394,,,97.80000000000001,
0.2562809138344404,,,99.53000000000002,
0.2563542140754631,,96.53,,
0.2565884996627825,,,98.04000000000002,
0.2574219823689792,,,99.77000000000001,
0.2578781992608785,,96.15,,
0.25829392645114724,,,99.07,
0.25847677510607103,,,99.26,
0.25860150886655275,,,99.14000000000001,
0.25873666501260817,,,99.16,
0.25895802732292994,,,99.20000000000002,
0.25935687399288354,,,99.425,
0.2613422257960252,102.57000000000001,,,
0.26174780855106206,,,,99.75999999999999
0.2617570124117461,,,,99.74
0.26183537504211873,,,,99.75000000000001
0.2620827165068389,,,97.41,
0.26394586519859353,,,100.31,
0.26609523568362814,,,,98.9
0.26621246570344814,,,,98.88
0.26641240799217036,,,,98.99
0.2667239727313915,,,97.71000000000001,
0.26692432740175187,,96.72,,
0.2678466753395303,,,,98.4
0.2679411191918144,,,98.94,
0.2708438244138631,,,100.89,
0.2713167065654647,107.93,,,
0.2714194444532736,,,97.94,
0.27156506925983726,,95.37,,
0.27159677984010466,,,97.87,
0.2718873015349945,108.07000000000001,,,
0.27279774667068923,,94.41,,
0.27515016342208565,,96.04,,
0.2759594925393103,110.32,,,
0.27824683411183737,,96.89,,
0.27838573197558447,,96.88,,
0.2784867675651006,110.36000000000001,,,
0.2788967693904971,,96.92,,
0.27893055826717705,,,100.37,
0.27895773471006047,,96.93,,
0.2826687205399554,,,99.2,
0.2836363784883549,,96.23,,
0.2842225236577869,,,100.42000000000002,
0.28861827905028825,,98.1,,
0.29611442569464375,114.1,,,
0.2961223162412767,122.89000000000001,,,
0.2977263441200608,113.81,,,
0.29969153987453656,113.95,,,
0.300866593962678,114.18,,,
0.30568732436825385,,,103.43,
0.30700587825893755,,,101.68,
0.30876062550032835,,98.44,,
0.3097309542969384,,,,98.71
0.30992674042067914,,,,98.71
0.3107672178707619,,98.88999999999999,,
0.310853389390191,,98.91999999999999,,
0.31087117028023714,,,,98.61
0.31265236660604656,,100.35,,
0.31339090878538767,,,103.85,
0.3135071025964944,,,99.94,
0.3135629235274573,,,99.99,
0.31417447328176995,,,101.08,
0.3142397490265929,,,103.05,
0.3144559418531083,,99.05000000000001,,
0.31446839225437895,,99.03,,
0.31454691144303415,,99.04,,
0.3179793902911048,,,103.75,
0.3206778728773745,,,102.37000000000002,
0.3232434721286006,,,102.82000000000001,
0.3244726115619836,,,100.11,
0.3268211877261,115.93,,,
0.32803273882405115,116.09000000000002,,,
0.32809387279985636,,,101.33,
0.32823499446047877,,,101.37,
0.3300915611558495,,,101.41,
0.3314137479825656,121.25,,,
0.33585313401641237,,98.61000000000001,,
0.33648131961874395,,98.71,,
0.3418760848476141,,,,101.84
0.34196347412240535,116.88,,,
0.3421525916966546,,,,101.92
0.3422585632148514,,,,101.92
0.34235925165840575,,,,101.94
0.3439611218926659,,100.2,,
0.3445708725227723,,100.22,,
0.3446809033796825,,100.24000000000001,,
0.345026351948434,,100.34,,
0.3451201730362592,,100.36000000000001,,
0.34520470076017506,,100.38,,
0.34544696901550953,,100.43,,
0.3454472276194944,,100.4,,
0.345513174880576,,100.44,,
0.34552326150225365,,100.45000000000002,,
0.3456044772489999,,100.4,,
0.3456792354388858,,100.45000000000002,,
0.3457229560150452,,100.47,,
0.34594962418202324,,100.54000000000002,,
0.3460425387900614,,100.59,,
0.34611061529370124,,100.6,,
0.3468808418480631,,,,100.74
0.34882926578660856,,,102.0,
0.35112956418521124,,,101.28,
0.35324406433322264,,98.85,,
0.357574557295935,,98.26,,
0.3596053104629593,,103.49,,
0.3597204570137005,,103.51,,
0.35974132281074844,,103.51999999999998,,
0.3627161658617959,,,,101.29
0.36846505111317596,,,105.13,
0.3742579497877556,,101.64,,
0.3756368642357679,,,104.97,
0.37565272698876906,,,104.94,
0.3758509030842532,,,,100.47
0.3759608709103863,,,105.13,
0.3759784117081195,,,105.115,
0.37606250237775507,,,105.13,
0.3774710158828485,,,105.44,
0.38278001007124773,,,,100.44
0.3867581927073853,,,,100.61
0.3893321673234478,,104.21,,
0.38979397076491185,,104.23,,
0.38983904119637347,,104.25,,
0.38986721170051974,,104.34,,
0.3898696263682977,,104.25,,
0.3899289225097251,,104.25,,
0.39009449553470765,,104.28,,
0.39011650334728465,,104.34166666666665,,
0.39045717652607026,,104.41,,
0.3909557353451705,,104.48,,
0.3910253363673142,,104.49,,
0.39154796955756876,,104.62,,
0.3925154999546465,,104.88000000000001,,
0.3925550910266846,,106.21000000000001,,
0.39283606377564206,,104.90000000000002,,
0.3928592362914116,,104.90000000000002,,
0.39292282994714434,,,105.22,
0.39312119322378103,,104.99,,
0.39366401625321945,,105.07,,
0.3939802511720081,,105.14,,
0.39403072172649156,,105.15,,
0.394294199561843,,105.16,,
0.3944448802084697,,105.19,,
0.3957164299667295,,,108.64,
0.39573320482249086,,,105.09,
0.395873642415947,,,108.67,
0.396120491403388,,,107.58,
0.39627508713629234,,,107.60999999999999,
0.40215117253918087,,,106.43,
0.4023775753592911,,,104.08,
0.4032152729068559,,,,100.69
0.40369045818016214,,,106.72,
0.4103330795386724,,,,100.11
0.41354716113593426,,,103.96999999999998,
0.41488716766118183,,,104.25,
0.4149272069081462,,,104.15,
0.4150993458703274,,,104.26000000000002,
0.4152962863804859,,,104.29000000000002,
0.4152987902143883,,,104.31000000000002,
0.4166652565600455,,,104.41,
0.42186608865177067,,,105.4,
0.42686343906193236,,,105.76,
0.43082213450046014,,,108.49,
0.43105390958959156,,,108.48,
0.4311964860644979,,108.7,,
0.43152595443607655,,108.76,,
0.43164615124180794,,108.78,,
0.4317156751971125,,108.78,,
0.43201046528729226,,108.83999999999999,,
0.43237690559358666,,108.92,,
0.4326192694261237,,108.96999999999998,,
0.43270192481567515,,108.99000000000001,,
0.4329613249547699,,109.04,,
0.4335804268485721,,,,102.55
0.43587072297486884,,,104.57000000000001,
0.4432831805791815,,,107.01,
0.4462405278777928,,,109.77,
0.4495464228314836,,,107.79,
0.45000591078798347,,,107.81,
0.47163500973215466,,112.0,,
0.47343617530090576,,112.37000000000002,,
0.48097569796825734,,,,101.79000000000002
0.5018513281800072,,117.31000000000002,,
0.5066050755939095,,109.33,,
0.5303685530204241,,114.56999999999998,,
0.5414166119624335,,,111.15,
0.544842928095286,,,111.76,
0.5467739612204432,,,,104.61
0.5469809410014344,,,,105.06
0.5492340780372444,,,113.07999999999998,
0.5512158138696146,,,113.36,
0.5529858385162618,,,113.59000000000002,
0.5710875893114198,,,,104.98519999999999
0.571207311770346,,,112.16,
0.5714582327027138,,,,104.62
0.5727384659784232,,,114.48,
0.5773554846621896,,,113.39,
0.579554561664724,,,,104.02
0.5831455162053745,,,114.38,
0.5831987779288632,,,114.41,
0.5849722441641818,,,114.57,
0.589444499081599,,,,103.59
0.5921462609241135,,,,104.79
0.600772532824341,,,112.74000000000001,
0.6056348148191262,,,115.59,
0.608822784148269,,,114.26,
0.6198827650345875,,,115.21,
0.6220581368808518,,,,106.59
0.6252910770552433,,,,102.51
0.6259111393107764,,,,102.59
0.6260905453675392,,,,102.61
0.6262866783307559,,,,102.64
0.6264230233345234,,,,102.61
0.6268936364055413,,,,102.67
0.627053089192726,,,,102.68
0.6270764109948528,,,,102.68
0.6270924845179244,,,,102.68
0.6271060369508032,,,,102.69
0.6271318817509024,,,,102.7
0.6271649769010372,,,,102.71000000000001
0.6273632608020112,,,,102.72
0.6274260029739274,,,,102.7
0.6274364079223604,,,,102.72
0.6280842991038946,,,,102.80000000000001
0.6282086371040836,,,,102.80000000000001
0.6282897510596968,,,,102.83000000000001
0.6283983364747852,,,,102.85
0.6284103322635581,,,,102.84
0.6286430223891883,,,,102.86000000000001
0.632458245021877,,,,103.2
0.6347205299296894,,,,103.91
0.7027204829534461,,,112.95000000000002,
0.727852271772313,,,,106.11
0.7300803366736335,,,122.62999999999998,
0.73020109262199,,,122.62999999999998,
0.7303991008217037,,,122.67,
0.7510137971928066,,,,105.51000000000002
0.9252847062891543,,,,108.43
0.9452766446000969,,,124.39,
0.9509804457131887,,,,108.44000000000001
0.951022316183457,,,,108.44000000000001
0.9515077641712151,,,,108.52
0.9518962965305238,,,,108.51999999999998
0.9519667822100872,,,,108.53000000000002
0.9519770697349663,,,,108.52
0.9521111985006225,,,,108.52
0.952118820006641,,,,108.56000000000002
0.9525186514344177,,,,108.56000000000002
0.9528141516535942,,,,108.59000000000002
0.9528366514631825,,,,108.57
0.9529708983900489,,,,108.59000000000002
0.952988443386185,,,,108.59000000000002
0.9530685441123967,,,,108.59000000000002
0.9530944828987047,,,,108.61
0.9531959559468373,,,,108.58
0.9532882826923812,,,,108.61
0.9534573166646123,,,,108.59000000000002
0.9536416466385838,,,,108.61
0.9536584403319501,,,,108.62000000000002
0.9539924657958505,,,,108.64
0.9542509844539335,,,,108.66
0.9544751911623324,,,,108.68000000000002
0.9547330733798978,,,,108.68000000000002
0.9591701112142506,,,,109.04
0.9602561976440074,,,,109.11000000000001
0.9604491153669412,,,,109.12
0.9633609362247357,,,125.07,
0.9638857128492722,,,125.11,
0.9641021058120729,,,125.19,
0.9642274889708626,,,125.21,
0.9659230824730289,,,115.72,
0.969323842505295,,,,113.47499999999997
0.9822631061785356,,,126.7,
0.9824104683960158,,,126.7,
0.9904133730301377,,,,111.02
1.2961273325065998,,,139.77,
1.3176425712312958,,,140.97,
1.3211837418100898,,,141.26,
1.3338166927016886,,,,117.39
1.3341390003116076,,,,117.42
1.3344023599251593,,,,113.55000000000001
1.3352718684588063,,,,116.22
1.3367957506148205,,,,117.54
1.342501885714018,,,138.7,
1.3513445674045252,,,142.33,
1.3535997229028593,,,,116.91
1.3562079895478614,,,,118.27000000000001
1.358884177017745,,,,118.35
1.3596072984226812,,,142.85,
1.3608848596453949,,,143.08,
1.3611998200765738,,,143.1,
1.361507893635323,,,143.09,
1.3692392195173189,,,,117.21
1.3696312794488397,,,,115.93
1.3696808809999577,,,,115.94000000000001
1.3697768144196178,,,143.11,
1.3698306341291553,,,,115.94999999999999
1.3700604483917362,,,,115.95
1.3702242943249718,,,,115.95
1.370406423959436,,,,115.97000000000001
1.3704382644046098,,,,115.96
1.3719568288044113,,,141.35,
1.3761642214616736,,,,117.2
1.386874101938619,,,144.15,
