,m,spdy,spdy_up,spdy_dn,epk,ret,spd_ret,cb_ret_up,cb_ret_dn,epk_ret,volatility,epk_up,epk_dn,cdf_m,cdf_ret
0,0.6728917955361184,0.15280735364282738,0.6702143960175102,-0.36459968873185544,0.6397064832697571,-0.3961707415563284,0.10282281456384475,2.4846067706633397,-1.351637417202311,0.5664846767305145,0.8826858145872573,2.805758257650779,-1.5263452911112647,0.010058625218711592,0.010058625218711592
1,0.6797296939908849,0.16694992898493743,0.7036043304789411,-0.36970447250906624,0.608343747535365,-0.38606006867649983,0.11348082414073149,2.7696776239859013,-1.4553096969981183,0.6571839634938916,0.8683338817082474,2.5638423315788805,-1.3471548365081503,0.011162223082550993,0.011162223082550993
2,0.6865675924456514,0.18265274343562798,0.7389997274447344,-0.37369424057347844,0.5790128481622108,-0.3760505991225299,0.12540345431419236,3.0817500161477684,-1.5583662471753335,0.7616918844862174,0.8544025213038489,2.342643909587232,-1.1846182132628102,0.012368391343223428,0.012368391343223428
3,0.6934054909004177,0.20008313222991614,0.7765558085283576,-0.3763895440685253,0.5537316982613346,-0.3661403269560811,0.1387387425247782,3.410130360382974,-1.652859198865824,0.8786355807585748,0.8408874342069461,2.149124525684618,-1.0416611291619489,0.01368842240669077,0.01368842240669077
4,0.7002433893551842,0.2194228583157578,0.8164384173571992,-0.3775927007256836,0.533462954847285,-0.3563273052932146,0.1536494060090286,3.736935420823939,-1.7282865528962947,1.0043244339638222,0.827784264781508,1.984932900415755,-0.918006990721185,0.015134810108595076,0.015134810108595076
5,0.7070812878099506,0.24086850438459662,0.8588240508553624,-0.37708704208616917,0.5185346552731767,-0.3466096440088346,0.1703136122731173,4.0377514703130215,-1.7728704233457029,1.1324405234836592,0.815088602611722,1.8488512405903288,-0.8117819300439755,0.016721350059490825,0.016721350059490825
6,0.7139191862647171,0.26463162388427275,0.9038996535066233,-0.37463640573807777,0.5089469153144985,-0.3369855075515993,0.18892559358337066,4.28524932937544,-1.7760936186009493,1.254577855387245,0.80279598421602,1.7384050086440948,-0.7205111780150976,0.01846324177615677,0.01846324177615677
7,0.7207570847194835,0.29093857856441163,0.9518621088199575,-0.3699849516911342,0.5045658356915603,-0.3274531128629823,0.20969604171851575,4.455552603846327,-1.7318552756922465,1.3618486640770404,0.7909018947870139,1.6507852027383954,-0.6416535313552746,0.02037719067355448,0.02037719067355448
8,0.72759498317425,0.3200299801266919,1.002917353165112,-0.36285739291172825,0.5052350469436656,-0.3180107273945823,0.23285220800553597,4.535044989998088,-1.6407878441975536,1.4471285729002672,0.7794017699562631,1.5833172748578077,-0.5728471809704766,0.022481507456546423,0.022481507456546423
9,0.7344328816290164,0.3521596442832944,1.057279028779292,-0.35295974021270315,0.5108346328069524,-0.3086566672181681,0.2586376223444293,4.524173006257801,-1.5103401141038064,1.506916446076997,0.7682909975845936,1.5336644990658903,-0.5119952334519856,0.024796201848782062,0.024796201848782062
10,0.7412707800837828,0.3875929577751722,1.115166585818414,-0.33998067026806955,0.5213337325345337,-0.2993892952233007,0.2873113341649826,4.436243619721273,-1.3524769289947824,1.541883345363245,0.7575649195778633,1.4999600661468646,-0.45729260107779707,0.02734306693612376,0.02734306693612376
11,0.7481086785385492,0.4266045536775471,1.176802738789938,-0.3235936314348439,0.53675480181107,-0.2902070193977081,0.31914656891023735,4.292282217131469,-1.1802786856300027,1.5560017657507332,0.7472188337274748,1.4806558331005517,-0.40714622947841184,0.03014574969811956,0.03014574969811956
12,0.7549465769933157,0.46947518882538564,1.2424101817575544,-0.3034598041067832,0.5571688277680568,-0.28110829118589564,0.35442868678701545,4.11496051932386,-1.0050828071407767,1.5549388560915418,0.7372479955761979,1.4744809545929392,-0.3601432990568256,0.033229802574582745,0.033229802574582745
13,0.7617844754480821,0.5164877207992005,1.3122074706210534,-0.27923202902265243,0.5827207303821048,-0.2720916039217574,0.39345232746439446,3.9241319095166998,-0.8350381626224701,1.5445468734471146,0.7276476203085855,1.4804814614178108,-0.3150400006536012,0.036622710196581254,0.036622710196581254
14,0.7686223739028486,0.5679220921088488,1.3864039910148658,-0.25055980679716805,0.6136026251894676,-0.26315549133122257,0.43651762662857563,3.734789145937939,-0.6749750093761352,1.529907068280902,0.7184128846665352,1.4979187115278305,-0.2707134611488952,0.04035388474271406,0.04035388474271406
15,0.775460272357615,0.6240492475105777,1.465193948380815,-0.21709545335965963,0.6500344264860778,-0.25429852610121334,0.4839253994391173,3.5569290883551385,-0.5270245170326905,1.514952285661224,0.7095389288892873,1.526204080408656,-0.22613522743650039,0.0444546228132201,0.0444546228132201
16,0.7822981708123815,0.6851239382059338,1.5487493439162465,-0.1785014675043789,0.6922402207979458,-0.24551931851142297,0.5359712036382771,3.396411333514415,-0.39145418182893066,1.5024785758427424,0.7010208586777483,1.564835977853402,-0.18035553625751038,0.04895801630806995,0.04895801630806995
17,0.789136069267148,0.7513764051377168,1.6372119375188192,-0.1344591272433856,0.7404197616274683,-0.23681651512563148,0.5929382228904578,3.2560921387535178,-0.2674127259689703,1.4943397063922739,0.692853747183296,1.613337954482542,-0.1324984312276052,0.05389880961953286,0.05389880961953286
18,0.7959739677219143,0.8230029834067838,1.7306842471201997,-0.08467828030663216,0.7947136054596335,-0.228188797539479,0.6550889501492705,3.136849854033023,-0.1534786323164462,1.4916856108582885,0.685032637020444,1.6711948142006559,-0.08176760328138859,0.05931319558265902,0.05931319558265902
19,0.8028118661766808,0.9001557309525139,1.8292196929878355,-0.02890823108280771,0.8551594692007137,-0.2196348811817966,0.7226557022156218,3.0383691682404605,-0.048017129034351534,1.4951760196030546,0.6775525423032276,1.737782128045453,-0.027463189644025648,0.06523854314497057,0.06523854314497057
20,0.8096497646314472,0.9829312561375341,1.9328120646494404,0.0330504476256277,0.9216371328003239,-0.2111535141667726,0.7958300601806472,2.9596833374623923,0.050609607070610435,1.5051464722665013,0.6704084507050373,1.8122847944680007,0.030989471132647224,0.07171305069611433,0.07171305069611433
21,0.8164876630862137,1.0713589986559877,2.0413845650634217,0.10133343224855396,0.9938249497942454,-0.20274347619438468,0.8747514051390134,2.8995224620932762,0.1439310201488475,1.521726741121062,0.6635953255414354,1.8936499487379967,0.09399995085049437,0.07877532050172309,0.07877532050172309
22,0.8233255615409801,1.1653893028626015,2.1547787681551425,0.1759998375700602,1.070991129568054,-0.19440357749668627,0.9594948021932027,2.856522616762435,0.2333174634887597,1.5449200401255974,0.6571081078755607,1.9802386560500447,0.1617436030860635,0.08646385175888882,0.08646385175888882
23,0.8301634599957466,1.264881707438334,2.2727439071791324,0.2570195076975357,1.1520413775446685,-0.1861326578276695,1.050058574732335,2.8293413622762937,0.31996386471149035,1.574652613493892,0.6509417186457133,2.0699920049721707,0.23409075011716615,0.0948164524495938,0.0948164524495938
24,0.8370013584505129,1.3695939542020015,2.394926986613367,0.34426092179063583,1.2353705092786675,-0.17792958549456073,1.1463520001926848,2.8167127004524026,0.4048908864851666,1.6108017934687846,0.6450910608144654,2.1602184808574383,0.3105225376998965,0.10386957339090719,0.10386957339090719
25,0.8438392569052795,1.4791722847152382,2.5208642724100696,0.4374802970204068,1.3187970539900515,-0.16979325642852502,1.248183641568991,2.8174637921449626,0.4889532967411245,1.6532085444430433,0.6395510215387762,2.2475464219525922,0.39004768602751094,0.11365757159975898,0.11365757159975898
26,0.8506771553600458,1.5931436383229602,2.649974756777381,0.5363125198685395,1.3995651540568839,-0.16172259329287375,1.3552508983285296,2.830507929017335,0.572849547353894,1.7016787381856144,0.6343164743603731,2.327983641588093,0.47114666652567483,0.12421191418580846,0.12421191418580846
27,0.8575150538148123,1.710910381591689,2.781556206587669,0.6402645565957092,1.4744561231027418,-0.15371654462696865,1.4671314079429183,2.854823067357537,0.657129279304846,1.7559761733311916,0.6293822814156981,2.3971346627414407,0.5517775834640427,0.13556033828427472,0.13556033828427472
28,0.8643529522695788,1.831748179661886,2.9147843820380777,0.748711977285694,1.5400398232280152,-0.14577408402412756,1.583276946905178,2.88942203301736,0.7421972262801211,1.8158096296487407,0.6247432956645473,2.4506010565766108,0.6294785898794197,0.14772598681680438,0.14772598681680438
29,0.8711908507243452,1.9548075593292613,3.0487159490247864,0.8608991696337365,1.5930606659631572,-0.13789420934191896,1.70301046061444,2.9333186262083704,0.8283131691497008,1.8808158976790355,0.6203943631365186,2.4845358495300682,0.7015854823962466,0.16072654385349772,0.16072654385349772
30,0.8780287491791117,2.0791196087387105,3.1822955019814474,0.9759437154959738,1.6308991838765392,-0.13007594194332878,1.825526789454614,2.9854927493439725,0.9155884123793206,1.9505405808616465,0.6163303251942326,2.496250391377925,0.7655479763751537,0.17457339674610406,0.17457339674610406
31,0.884866647633878,2.2036061097436765,3.3143669641428364,1.0928452553445167,1.6518661393883027,-0.1223183259673615,1.9498975510344185,3.0448569446807903,1.0039797949946614,2.0244183698377256,0.6125460208122467,2.4845141504039465,0.819218128372659,0.189270854705752,0.189270854705752
32,0.8917045460886446,2.3270942104689896,3.44368944362113,1.2104989773168493,1.6556872388929618,-0.11462042762771563,2.075080486651763,3.11022608764371,1.0932825273460134,2.1017543074948617,0.6090362888704902,2.4501254142885887,0.8612490634973353,0.20481545482008667,0.20481545482008667
33,0.8985424445434109,2.4483355257530963,3.5689574047328305,1.3277136467733623,1.6437275468605186,-0.10698133453824901,2.1999333883726644,3.180291292318478,1.183123156338659,2.1817072243285685,0.605795970460942,2.396074205526509,0.8913808881945281,0.2211953864006131,0.2211953864006131
34,0.9053803429981774,2.5660293141941986,3.6888247769480293,1.4432338514403678,1.6182746099155498,-0.09940015506401066,2.3232325006285213,3.253598336814133,1.2729537298774198,2.263276033345776,0.6028199112061245,2.3263691665334614,0.9101800532976382,0.23839006285118458,0.23839006285118458
35,0.9122182414529438,2.678849137975894,3.801932384109792,1.5557658918419957,1.582311367162909,-0.0918760176966909,2.4436950497621046,3.328530230995434,1.3620478430891827,2.3452890370423085,0.6001029635879677,2.2456810812075814,0.9189416531182365,0.2563698668797114,0.2563698668797114
36,0.9190561399077103,2.7854721830860507,3.9069378517061715,1.6640065144659302,1.5390601386603813,-0.0844080704533905,2.5600053124073687,3.4032931652801617,1.449498869092702,2.426396017186432,0.5976399892854899,2.1587048502213078,0.9194154270994549,0.27509608987985557,0.27509608987985557
37,0.9258940383624767,2.884610221110033,4.002546957975095,1.7666734842449705,1.4915936417800058,-0.07699548029767456,2.670843406725245,3.475905296696591,1.5342205315505315,2.5050629141235614,0.5954258615195273,2.0696638837895267,0.9135233997704848,0.29452107985519094,0.29452107985519094
38,0.9327319368172431,2.9750410464243178,4.0875452522832045,1.8625368405654312,1.4425737927773854,-0.06963743258192645,2.7749157973421514,3.5441889185440436,1.6149502998223138,2.579569609183179,0.5934554674028012,1.9820182531002202,0.9031293324545508,0.31458860463340166,0.31458860463340166
39,0.9395698352720097,3.0556391383172405,4.160828685322052,1.950449591312429,1.3941260277343432,-0.06233313051006756,2.870986361839435,3.6057686466349086,1.6902570413450888,2.648012843989999,0.5917237102933893,1.898365384318789,0.8898866711498972,0.3352344287180191,0.3352344287180191
40,0.946407733726776,3.125404285746603,4.221431989432116,2.02937658206109,1.3478218070195638,-0.05508179461975927,2.9579067870533953,3.6580811879353776,1.7585559394675754,2.7083185637014764,0.5902255121496182,1.820480671302148,0.8751629427369795,0.3563870934244848,0.3563870934244848
41,0.9532456321815426,3.183486976827883,4.268553617292153,2.0984203363636125,1.3047294209082059,-0.04788266228324095,3.034645055768003,3.698405501453093,1.8181356056835634,2.758270553568328,0.5889558158842777,1.749436240745874,0.8600226010705377,0.37796888146426477,0.37796888146426477
42,0.9600835306363089,3.2292094931580744,4.301576190510361,2.1568427958057876,1.2656034377946839,-0.040734987226011085,3.1003108513554896,3.7239247292533135,1.8672039895822645,2.7955643594177886,0.5879095877159661,1.6858892636666658,0.8453176119227019,0.3998969393946874,0.3998969393946874
43,0.9669214290910754,3.2620818519566908,4.320081617364199,2.2040820865491826,1.2307081556661323,-0.03363803906258464,3.1541768461060253,3.7318317497023417,1.903960211416766,2.817895980559554,0.5870818195152699,1.629867036121215,0.8315492752110498,0.42208452482043857,0.42208452482043857
44,0.9737593275458418,3.281811992566533,4.32386029670063,2.2397636884324363,1.2000704098644892,-0.026591102848611273,3.195695039013467,3.719485302213948,1.9266968745298803,2.823091088371914,0.5864675311434087,1.5811194578517955,0.8190213618771832,0.4444423403099589,0.4444423403099589
45,0.9805972260006082,3.2883098898712393,4.312914114456067,2.263705665286412,1.1735603098895535,-0.019593478648662642,3.2245075562381027,3.684597225200681,1.933922955949541,2.809260090575111,0.5860617727808429,1.5392298761982812,0.807890743580826,0.46687991295657927,0.46687991295657927
46,0.9874351244553747,3.2816855751477547,4.287453239778381,2.2759179105171286,1.1509256239674455,-0.012644481119037288,3.240451604319431,3.6255495641745323,1.9245581764056527,2.7750538702900927,0.5858596272433266,1.503660141176385,0.7981911067585061,0.4893069775140022,0.4893069775140022
47,0.9942730229101411,3.262241333972206,4.247887018467752,2.2765956494766595,1.131835957810021,-0.005743439104962863,3.2435585525909563,3.5415935690281333,1.898067551328677,2.719830560178405,0.5858562122827446,1.4738061289787967,0.7898657866412453,0.5116348220685203,0.5116348220685203
48,1.0011109213649076,3.2304586118465304,4.194809523193113,2.2661077004999473,1.1159183669065862,0.0011103047484008575,3.2340473973368806,3.4330843905355777,1.8546107828840956,2.6438475867098368,0.5860466828700265,1.4490403856095704,0.7827963482036017,0.5337775581376243,0.5337775581376243
49,1.007948819819674,3.1869803752905597,4.12898053679733,2.2449802137837893,1.1027858415858818,0.00791739437171563,3.2123131080625815,3.3016075175274477,1.795126783590541,2.5483671505589944,0.5864262334573772,1.4287446861823343,0.7768269969894289,0.5556532816467961,0.5556532816467961
50,1.0147867182744403,3.1325898378022368,4.051302905593077,2.213876770011397,1.0920585728495569,0.014678460634518938,3.1789105612031934,3.149967446791606,1.721332598240557,2.4356500225160818,0.5869901002169964,1.412333021027487,0.7717841246716267,0.5771850970810917,0.5771850970810917
51,1.021624616729207,3.068186560010736,3.962797297656406,2.173575822365066,1.0833767164905146,0.02139412169608504,3.134534918424672,2.9820181452778254,1.6356230348352747,2.30882059005655,0.587733563253382,1.3992637802433563,0.767489652737673,0.5983019838239976,0.5983019838239976
52,1.0284625151839732,2.9947609704306437,3.864575435762249,2.1249465050990386,1.076423122053479,0.028064983344583055,3.079999400023896,2.8023513545553813,1.5408799274085019,2.171615640981942,0.5886519487863211,1.3890652366075786,0.7637810074993793,0.6189394908487142,0.6189394908487142
53,1.0353004136387398,2.9133683311503598,3.7578128495958456,2.068923812704874,1.070916027055705,0.03469163932499961,3.0162114383219727,2.6158943198244913,1.4402223491216124,2.0280583344730516,0.5897406313016099,1.3813227679725075,0.7605092861389022,0.6390402530939023,0.6390402530939023
54,1.0421383120935062,2.825103099164104,3.6437221149693864,2.0064840833588216,1.0664426191284107,0.04127467165626438,2.9441481752530123,2.427489619900435,1.336742795187031,1.882116207543733,0.5909950356665236,1.3754615032682551,0.7574237349885665,0.6585543296562166,0.6585543296562166
55,1.0489762105482727,2.7310745193103836,3.5235274295462222,1.938621609074545,1.0626556387856014,0.047814650938008976,2.8648321999911515,2.241528865385301,1.2332744338419765,1.7374016496136389,0.5924106392070488,1.370997482840011,0.7543137947311919,0.6774393700496555,0.6774393700496555
56,1.055814109003039,2.6323841409218467,3.3984412271736066,1.8663270546700867,1.05917125460514,0.05431213664735634,2.77930831630113,2.0616912711428648,1.1322220808012018,1.5969566759720333,0.5939829737439025,1.367403488848996,0.7509390203612839,0.6956606199801505,0.6956606199801505
57,1.0626520074578056,2.530105789725247,3.269643368880474,1.7905682105700196,1.0555679704222896,0.06076767742613375,2.68862199653215,1.8908073954683748,1.0354706102994968,1.463139002883936,0.5957076275843528,1.3641053385631956,0.7470306022813834,0.7131907822115626,0.7131907822115626
58,1.069489905912572,2.4252683610008186,3.1382632797588847,1.7122734422427521,1.0514069429250255,0.06718181135887118,2.5938000312195033,1.7308394283649378,0.9443663968829316,1.3376029126239346,0.5975802474669086,1.3605058533413323,0.7423080325087186,0.7300097510892538,0.7300097510892538
59,1.0763278043673383,2.31884163979813,3.0053652376903766,1.6323180419058834,1.0462766359344506,0.0735550662419438,2.49583373083948,1.5829503719256315,0.8597552201414118,1.2213527960335218,0.5995965404559292,1.3560406095341517,0.7365126623347497,0.7461042411480308,0.7461042411480308
60,1.083165702822105,2.211725207374087,2.871936870528623,1.5515135442195516,1.039857124321222,0.07988795984419012,2.3956648886947187,1.4476274885043303,0.7820553712190718,1.114841429861701,0.6017522757833151,1.3502599714752304,0.7294542771672133,0.7614673310346167,0.7614673310346167
61,1.0900036012768712,2.104740365954145,2.738880788943489,1.4705999429648002,1.0319905427451004,0.08618100015932947,2.2941745786428176,1.3248280620642716,0.7113460652887449,1.0180870636765083,0.6040432866344608,1.342920541467631,0.7210605440225696,0.776097943840945,0.776097943840945
62,1.0968414997316378,1.9986249100939348,2.6070091763669807,1.390240643820889,1.0227376056782476,0.09243468565048878,2.192174743788441,1.2141234639304077,0.6474560202833187,0.9307897421068633,0.6064654718757151,1.3340603879962005,0.7114148233602947,0.7900002840256457,0.7900002840256457
63,1.1036793981864041,1.8940304938770511,2.4770410769094613,1.311019910844641,1.0123898291626117,0.09864950548712773,2.0904024356289215,1.1148267456534724,0.5900427224716783,0.8524347340625753,0.6090147977207258,1.3240183834357673,0.700761274889456,0.8031832495658413,0.8031832495658413
64,1.1105172966411705,1.791522288642427,2.349602066443124,1.2334425108417297,1.0014800585380006,0.10482593977464999,1.9895164888555907,1.0260969610561912,0.5386578561910086,0.7823774086235998,0.6116872993330746,1.3134526039447574,0.6895075131312437,0.8156598360015792,0.8156598360015792
65,1.117355195095937,1.6915805941756252,2.225225959541485,1.1579352288097655,0.9906754050097905,0.11096445977696502,1.8900963648256068,0.9470191026315931,0.4927979455708344,0.7199085241012136,0.6144790823627881,1.3032052012759048,0.6781456087436762,0.8274465467743408,0.8274465467743408
66,1.1241930935507036,1.59460405459504,2.1043581928618265,1.0848499163282534,0.9806548936617377,0.11706552813226068,1.792642865123693,0.8766619087539459,0.45194140502597013,0.664301656889958,0.6173863244143599,1.2941451853834638,0.6671646019400117,0.8385628218665859,0.8385628218665859
67,1.13103099200547,1.5009141351786157,1.9873605304818698,1.0144677398753617,0.9719906733515246,0.12312959906223411,1.6975804032261017,0.814117342652785,0.41557420907119114,0.6148457758619881,0.6204052764441137,1.2870129309465361,0.6569684157565131,0.8490304943463709,0.8490304943463709
68,1.1378688904602363,1.4107605345180998,1.8745167550226969,0.9470043140135027,0.9650227557755204,0.12915711857501694,1.6052605241172002,0.7585258672428749,0.3832066406689112,0.5708662539558931,0.6235322640848423,1.282252572579447,0.647792938971594,0.8588732821110405,0.8588732821110405
69,1.1447067889150029,1.3243272341020962,1.7660390365043086,0.8826154316998838,0.9597488241254398,0.13514852466202043,1.515966375621698,0.7090912683013081,0.354383387314695,0.5317373278080015,0.6267636888958055,1.2798603283227248,0.6396373199281549,0.8681163199827617,0.8681163199827617
70,1.1515446873697692,1.2417389214188725,1.6620747054471823,0.8214031373905628,0.9557392910325526,0.14110424748891873,1.42991785806017,0.6650880937489997,0.32868886401803055,0.49688847888351517,0.6300960295363917,1.2792625512713398,0.6322160307937653,0.8767857353885302,0.8767857353885302
71,1.1583825858245356,1.1630675600374847,1.5627131948124227,0.7634219252625467,0.9520916336663261,0.1470247095809801,1.3472772076848547,0.6258640218828915,0.3057492047321897,0.4658066133075406,0.6335258428618022,1.2792431065250682,0.624940160807584,0.8849082691893793,0.8849082691893793
72,1.1652204842793021,1.088338918458371,1.4679929545092683,0.7086848824074736,0.9474481422557468,0.1529103260029424,1.2681548016260749,0.5908387842657761,0.2852319645424583,0.43803537440411716,0.6370497649394495,1.2779541133790036,0.6169421711324898,0.8925109418203871,0.8925109418203871
73,1.1720583827340687,1.017538906916652,1.3779081804526794,0.6571696333806247,0.9401100762557034,0.15876150453362647,1.1926150056097233,0.559500718019783,0.2668442549027194,0.4131724864612512,0.6406645119848194,1.273057330578154,0.6071628219332527,0.8996207637633533,0.8996207637633533
74,1.1788962811888348,0.9506196063662125,1.2924152360841301,0.6088239766482947,0.928101983063041,0.16457864583547085,1.1206819187703219,0.5314016329159751,0.2503298060223742,0.39086571946917464,0.6443668812158239,1.2618013930258474,0.5944025731002347,0.9062644884842959,0.9062644884842959
75,1.1857341796436014,0.8875049056128828,1.2114386768936172,0.5635711343321483,0.9100330578505698,0.17036214361916552,1.0523449011865633,0.5061504492475006,0.23546530935976534,0.37080787930363296,0.6481537516247933,1.242189464598655,0.5778766511024843,0.9124684053078886,0.9124684053078886
76,1.192572078098368,0.8280956904382473,1.1348768172132588,0.5213145636632357,0.8850687393474198,0.17611238480354824,0.9875637984102433,0.4834059723217421,0.22205632339192966,0.3527311478568359,0.65202208466761,1.212956431875616,0.5571810468192234,0.9182581692445371,0.9182581692445371
77,1.1994099765531343,0.7722745523181374,1.062606803134583,0.4819423015016916,0.8533433663116433,0.18182974967093357,0.9262738026884794,0.4628691834253794,0.20993300522468283,0.3364010943250311,0.6559689248694537,1.1741529793137309,0.5325337533095555,0.923658664505245,0.923658664505245
78,1.2062478750079006,0.7199100040034159,0.9944891758273307,0.44533083217950115,0.816017698788726,0.1875146120180256,0.8683899125260497,0.4442755007473804,0.19894593452985693,0.32161071763861865,0.6599914003471274,1.1272530791571893,0.5047823184202627,0.9286938983055508,0.9286938983055508
79,1.2130857734626672,0.6708602049889261,0.9303719259956688,0.4113484839821834,0.775054198308685,0.19316733930256474,0.8138109706543148,0.427387549418309,0.1889623016493517,0.30817492553383036,0.664086723247918,1.074871727178069,0.47523666943930126,0.933386921545277,0.933386921545277
80,1.2199236719174338,0.6249762120718017,0.8700940530115606,0.3798583711320427,0.7327966510991187,0.19878829278585292,0.7624232754916811,0.41198903363341105,0.17986272024108702,0.29592587693724903,0.668252190105223,1.020202042689712,0.4453912595085255,0.9377597730294516,0.9377597730294516
81,1.2267615703722001,0.5821047791895366,0.8134886518107444,0.3507209065683289,0.6915209612974719,0.20437782767129628,0.7141037730397187,0.39788029005607684,0.17153888468330053,0.2847095873696887,0.6724851821115386,0.9663972443036457,0.41664467829129814,0.9418334440445024,0.9418334440445024
82,1.2335994688269665,0.5420907369659522,0.7603855573571318,0.3237959165747727,0.6531032061388448,0.20993629323909735,0.6687228451772175,0.3848759942963573,0.16389221775063895,0.27438410602349816,0.6767831653093056,0.9161016994887452,0.3901047127889443,0.9456278603023122,0.9456278603023122
83,1.240437367281733,0.5047789863168535,0.7106135808163196,0.29894439181738724,0.618863675127729,0.21546403297722372,0.6261467168460196,0.37280527554162435,0.156833544097311,0.26481940981946767,0.6811436907006808,0.8712187791898578,0.3665085710656001,0.9491618784957737,0.9491618784957737
84,1.2472752657364994,0.4700161424996159,0.6640023739537426,0.27602991104548913,0.5895932821785927,0.2209613847087767,0.5862395090366528,0.3615141674797584,0.15028368482621346,0.25589892615298593,0.6855643942772034,0.8329316881581027,0.34625487619908274,0.9524532949589367,0.9524532949589367
85,1.2541131641912657,0.4376518665204365,0.6203839590810857,0.2549197739597874,0.5655893650921624,0.22642868071587952,0.5488649671361582,0.35086991129612133,0.14417471175331822,0.24752231152471976,0.6900429969706875,0.8017389993552069,0.32943973082911804,0.9555188641812091,0.9555188641812091
86,1.2609510626460323,0.4075399201875962,0.5795939614678389,0.2354858789073535,0.5466968443292072,0.23186624786019588,0.5138878954312286,0.3407661928427913,0.1384514535318363,0.2396088231873138,0.6945773045268934,0.7774997589950836,0.31589392966333085,0.9583743251795909,0.9583743251795909
87,1.2677889611007989,0.37953897962192773,0.541472579823725,0.21760537942013045,0.5325324335225551,0.2372744077001896,0.481175328672141,0.3311280484225326,0.13307274883077166,0.2321003986266521,0.6991652073035685,0.7597420188737969,0.3053228481713132,0.9610344339788538,0.9610344339788538
88,1.2746268595555652,0.35351323996142847,0.5058653285024187,0.20116115142043825,0.5225133207096248,0.24265347660523104,0.4505974708633485,0.3219150415367223,0.1280119367081226,0.22496348912242245,0.7038046799947183,0.7476986509939596,0.29732799042528996,0.9635130006823034,0.9635130006823034
89,1.2814647580103316,0.3293328415377639,0.47262358269618243,0.18604210037934535,0.5159008774259319,0.24800376586665135,0.42202843008604546,0.31312149702873343,0.12325618761727747,0.21818884232300545,0.7084937812832451,0.7403662503461226,0.2914355045057413,0.9658229298320278,0.9658229298320278
90,1.2883026564650981,0.30687414512889877,0.4416049552621206,0.1721433349956769,0.5118299289768277,0.2533255818058406,0.3953467763700163,0.3047730881393492,0.1188044997776301,0.21178879395848965,0.7132306534240264,0.736545051042624,0.2871148069110313,0.9679762629555226,0.9679762629555226
91,1.2951405549198645,0.28601988113625265,0.412673531084198,0.15936623118830726,0.5093379166160904,0.2586192258794845,0.3704359475729199,0.2969197880369685,0.1146644599675771,0.2057921240022728,0.7180135217598075,0.7348799521558486,0.2837958810763322,0.9699842223744692,0.9699842223744692
92,1.3019784533746308,0.26665919479922895,0.3856999821386874,0.14761840745977048,0.5074068057496038,0.2638849947820324,0.3471845260228245,0.2896259038724086,0.11084811166355797,0.20023700776798328,0.7228406941724408,0.7339210487829634,0.28089256271624435,0.97185725551108,0.97185725551108
93,1.3088163518293974,0.24868760691827618,0.36056158377984887,0.1368136300567035,0.5050246167526469,0.26912318054547935,0.3254864064319614,0.28295838403223533,0.10736741077237429,0.1951628974023048,0.7277105604720623,0.7322137114938133,0.2778355220114803,0.9736050790684605,0.9736050790684605
94,1.315654250284164,0.23200690706167904,0.3371421502511786,0.12687166387217946,0.5012639078482398,0.2743340706365488,0.30524087337098105,0.2769747016502967,0.10422974766784084,0.1906022246590688,0.7326215917268057,0.7284144850495176,0.2741133306469621,0.9752367225845588,0.9752367225845588
95,1.3224921487389303,0.21652499391367863,0.3153319051060143,0.11771808272134296,0.49528788874944735,0.27951794805135705,0.28635260445658467,0.27171139933486854,0.10143390017093405,0.18657264975290128,0.7375723395361836,0.7213027499151563,0.2692730275837383,0.9767605709660254,0.9767605709660254
96,1.3293300471936966,0.20215567530307643,0.2950273001092574,0.10928405049689549,0.486629771593519,0.28467509140763686,0.2687316133911122,0.2671739970147016,0.09896662637796307,0.18307031169633234,0.7425614352507078,0.7101906362548489,0.2630689069321891,0.9781844056996074,0.9781844056996074
97,1.3361679456484632,0.18881843853737257,0.27613079431255416,0.10150608276219095,0.4750739532979716,0.289805775034594,0.25229314512103174,0.26332863963389125,0.09679999202869666,0.18006431583129395,0.747587589141027,0.6947549672454757,0.25539293935046736,0.9795154445164165,0.9795154445164165
98,1.3430058441032295,0.17643819995976395,0.2585506033519204,0.09432579656760749,0.4606651921667624,0.29491026906047074,0.2369575336690172,0.2600957851264976,0.09488951794299474,0.1774926515347462,0.7526495895194772,0.6750537208218303,0.2462766635116944,0.9807603793496308,0.9807603793496308
99,1.3498437425579959,0.16494504113657604,0.24220042761144578,0.08768965466170632,0.4437029035909943,0.2999888394978872,0.2226500316441784,0.25734649899834927,0.09317335170756717,0.1752599253529582,0.757746301817262,0.6515202411765557,0.23588556600543295,0.981925412480575,0.981925412480575
100,1.3566816410127625,0.15427393776133225,0.2269991667189483,0.0815487088037162,0.42469972337432355,0.30504174832702485,0.20930061904754502,0.2549024835635318,0.09157288419125884,0.17323768387739533,0.7628766676203788,0.6249045348209356,0.22449491192771154,0.9830162908128304,0.9830162908128304
101,1.363519539467529,0.14436448621460252,0.21287062687491526,0.07585834555428977,0.40433066218827185,0.3100692535767195,0.19684379775880126,0.25254160687458377,0.08999545293012566,0.17126852990235472,0.7680397036674429,0.596200102820447,0.21246122155609667,0.9840383382504678,0.9840383382504678
102,1.3703574379222954,0.1351606317318741,0.19974322673884295,0.07057803672490523,0.38337685206428185,0.3150716094035263,0.18521837700804988,0.25001099288804524,0.08833984173467395,0.16917541731135963,0.7732345008127393,0.5665623821602858,0.20019132196827788,0.9849964861856976,0.9849964861856976
103,1.3771953363770617,0.1266104012888698,0.1875497069694671,0.06567109560827249,0.36266592043464696,0.32004906616881706,0.1743672541918598,0.24704913354788444,0.08650499929496155,0.166777066421423,0.7784602229573951,0.5372219534329009,0.18810988743639298,0.9858953021242504,0.9858953021242504
104,1.3840332348318283,0.11866564360002652,0.176226847997227,0.06110443920282605,0.34301321492703324,0.3250018705139681,0.16423719457514555,0.24341651958842114,0.0844016112822278,0.16390906543532446,0.7837161059522751,0.5093988104234487,0.17662761943061778,0.9867390164947285,0.9867390164947285
105,1.3908711332865946,0.11128177802646111,0.1657152001367669,0.05684835591615531,0.3251778849232772,0.32993026543369447,0.15477861271781124,0.2389310310246003,0.08196493912381202,0.16044798507420616,0.7890014564753688,0.4842384731424578,0.16611729670409658,0.9875315477015548,0.9875315477015548
106,1.397709031741361,0.10441755369002559,0.15595882966867405,0.05287627771137712,0.3098555509990587,0.33483449034758767,0.14594535786488724,0.23350082948990686,0.07916611539195965,0.15633347244093326,0.7943156508869842,0.4628025403047871,0.15690856169333026,0.9882765254909526,0.9882765254909526
107,1.4045469301961275,0.09803481967800631,0.14690508397299532,0.04916455538301731,0.2975874438181699,0.3397147811699066,0.1376945050310747,0.22714569699628354,0.07601858899614877,0.15158214299621614,0.7996581340658031,0.4459345013027552,0.14924038633358463,0.9889773127062107,0.9889773127062107
108,1.411384828650894,0.09209830688543552,0.1385043781280841,0.04569223564278694,0.28884039286608654,0.34457137037767344,0.1299861530825379,0.2199994836314871,0.07257725989055282,0.14628837176101997,0.805028418228715,0.4343799614248428,0.14330082430733027,0.9896370255127058,0.9896370255127058
109,1.4182227271056604,0.08657542176946054,0.13071000457505372,0.04244083896386737,0.28403637625649775,0.3494044870771245,0.12278323076220708,0.21229169654387942,0.06892997774482928,0.14061083714435435,0.8104260817375286,0.4288329791662053,0.13923977334679033,0.9902585521754936,0.9902585521754936
110,1.4250606255604268,0.08143605207217985,0.12347796648644283,0.03939413765791688,0.283606063747257,0.35421435706856386,0.11605131130915211,0.2043130461097276,0.06518358289159737,0.13474831450066246,0.815850767895165,0.43001961838347735,0.1371925091110367,0.9908445704729267,0.9908445704729267
111,1.4318985240151934,0.07665238439660327,0.11676683441124573,0.036537934381960804,0.2880490954156465,0.35900120290966275,0.10975843607974145,0.1963745596123718,0.06144827689798414,0.12891141825517796,0.8213021837345019,0.4387936695182359,0.1373045213130571,0.9913975638291772,0.9913975638291772
112,1.43873642246996,0.0721987333879669,0.1105376246706967,0.0338598421052371,0.29799589227059897,0.36376524397725246,0.10387494738146594,0.18877046230893518,0.05782409443802345,0.12329727837347933,0.826780098802101,0.45623734028977836,0.13975444425141959,0.9919198362469536,0.9919198362469536
113,1.4455743209247263,0.06805138217209972,0.10475369695429873,0.031349067389900696,0.3142664366035766,0.3685066965276519,0.09837333057142207,0.18175178625664448,0.054391865502180343,0.11807182587941242,0.8322843439397363,0.48376050584282554,0.14477236736432766,0.9924135261193959,0.9924135261193959
114,1.4524122193794926,0.0641884336292684,0.09938066772446365,0.02899619953407316,0.3379194121417008,0.37322577375557237,0.09322806534597898,0.17551288348673677,0.0512092211383803,0.11336105231255852,0.8378148100661068,0.5231886013867078,0.15265022289669386,0.9928806189972369,0.9928806189972369
115,1.4592501178342592,0.060589672030555985,0.09438633548040676,0.02679300858070522,0.37027920990752167,0.3779226858516379,0.08841548605012794,0.17018905454951128,0.04831077269477984,0.10924991362214555,0.8433714469609782,0.5768193911022659,0.16373902871277748,0.9933229593840774,0.9933229593840774
116,1.4660880162890253,0.057236434530305025,0.08974061372252404,0.024732255338086005,0.4128362593923946,0.3825976400585611,0.08391365075999156,0.16586150352544426,0.04571095389021776,0.10578622870783101,0.8489542620542351,0.6472831438367931,0.17838937494799603,0.9937422616291116,0.9937422616291116
117,1.4729259147437919,0.0541114919892004,0.08541546761263025,0.02280751636577056,0.4671923068333841,0.3872508407260141,0.07970221883634436,0.1625656591891926,0.043408050510064,0.10298685484962831,0.8545633192216671,0.7374671790820568,0.19691743458471148,0.9941401199829358,0.9941401199829358
118,1.4797638131985584,0.051198938595101995,0.0813848508091467,0.02101302638105729,0.5349810674694576,0.391882489364225,0.07576233660720698,0.16029979660555702,0.041388339739662224,0.10084406817260962,0.8601987375898377,0.8503956440590177,0.21956649087989769,0.9945180178784057,0.9945180178784057
119,1.4866017116533248,0.048484089750292114,0.07762463968799119,0.019343539812593045,0.6174757087619712,0.3964927846963421,0.07207653081073767,0.1590321074701147,0.03962973502606344,0.09933092124808907,0.8658606903516178,0.9885991395444568,0.24635227797948575,0.9948773364947129,0.9948773364947129
120,1.4934396101080911,0.04595338770253404,0.07411256303482693,0.017794212370241164,0.7153495033191591,0.40108192270959564,0.0686286094136184,0.15870545692950985,0.03810472191594279,0.09840508942272633,0.8715494035942123,1.153699167945126,0.2769998386931923,0.995219362659242,0.995219362659242
121,1.5002775085628577,0.04359431441090833,0.07082812620011775,0.016360502621698917,0.8286415510647508,0.4056500967052905,0.06540356941190344,0.15923987838906004,0.03678262559851404,0.09801125199378705,0.8772651551415962,1.3463023595294705,0.31098074260003117,0.995545296138119,0.995545296138119
122,1.5071154070176243,0.04139531115579198,0.06775252954423223,0.015038092767351727,0.9572189176718587,0.410197497347662,0.062387511221182634,0.16053341062920073,0.035631382880328216,0.09808239675476448,0.883008273412148,1.5666992514147662,0.3477385839289514,0.9958562563629781,0.9958562563629781
123,1.5139533054723906,0.03934570442233232,0.06486858169714567,0.013822827147518969,1.1018487853884,0.4147243127116266,0.059567559266329666,0.16246223174906982,0.03461902956275633,0.09854063065591308,0.8887791362937102,1.816599016392226,0.3870985543845739,0.9961532886381009,0.9961532886381009
124,1.520791203927157,0.03743563760967278,0.0621606086708058,0.012710666548539758,1.2656806154556495,0.41923072832945696,0.05693178839019502,0.16488122113863588,0.03371508527382761,0.09929815320623174,0.8945781700367212,2.1016198057017936,0.42974142520950526,0.9964373698689388,0.9964373698689388
125,1.5276291023819235,0.03565600814156922,0.05961436018590742,0.011697656097231016,1.4557542597371702,0.42371692723640897,0.05446915571182794,0.16762606293774873,0.03289194132191859,0.10025900212983366,0.9004058481666117,2.433919647919436,0.4775888715549046,0.9967094138500538,0.9967094138500538
126,1.5344670008366899,0.03399840957820466,0.05721691472162577,0.01077990443478355,1.68435604754437,0.42818309001532995,0.05216943757868509,0.17051774502667588,0.03212625155979616,0.10132199829323602,0.9062626904167974,2.834651900746059,0.5340601943426809,0.9969702761476757,0.9969702761476757
127,1.5413048992914562,0.03245507835309169,0.05495658479704827,0.009953571909135116,1.969278020104542,0.4326293948402766,0.05002317127250831,0.17336978908698636,0.03140021653313494,0.10238500281006065,0.9121492616825218,3.334602779984631,0.6039532602244526,0.9972207586094145,0.9972207586094145
128,1.5481427977462228,0.031018844782699673,0.05282282388598995,0.009214865679409389,2.339131918017833,0.4370560175191659,0.0480216011447445,0.17599784450817335,0.03070257092859704,0.1033502077183852,0.9180661709970932,3.9833705677030076,0.6948932683326577,0.9974616135311662,0.9974616135311662
129,1.5549806962009893,0.029683088020198478,0.050806136187023315,0.008560039853373641,2.8344438187887007,0.4414631315354865,0.04615662887504347,0.17823058387642016,0.030029067659388113,0.10412982576790412,0.924014070530295,4.851487775593041,0.8173998619843602,0.9976935475090184,0.9976935475090184
130,1.5618185946557557,0.028441694646461846,0.048897990258769716,0.007985399034153975,3.5156988768927633,0.4458509080890957,0.04442076756236517,0.1799204066037752,0.02938231680924151,0.10465136170650836,0.9299936546101835,6.04431668267192,0.9870810711136065,0.9979172250016518,0.9979172250016518
131,1.568656493110522,0.027289020613634696,0.04709073730575825,0.007487303921511139,4.475486690762624,0.45021951613612504,0.04280709937620495,0.18095248321892626,0.02877097099617031,0.10486172710754829,0.9360056587683441,7.723031583068938,1.22794179845631,0.9981332716268472,0.9981332716268472
132,1.5754943915652886,0.02621985627706619,0.04537753468872466,0.007062177865407724,5.859267952247485,0.4545691224280175,0.04130923651216571,0.1812511567846089,0.028208405685861773,0.10472978123523534,0.9420508588091313,10.140373461398427,1.578162443096544,0.9983422772138333,0.9983422772138333
133,1.5823322900200552,0.025229394270579353,0.043752275046290645,0.006706513494868057,7.901370736648971,0.4588998915497196,0.03992128521198469,0.18078343616303016,0.027711165944929998,0.1042473010539801,0.9481300699026559,13.702387857789795,2.1003536155081477,0.9985447986313863,0.9985447986313863
134,1.5891701884748215,0.02431319999879339,0.04220952125824995,0.006416878739336829,10.988638968970946,0.4632119859570505,0.03863781262450852,0.17955993150716268,0.027297497639821883,0.10342871457349227,0.9542441457024553,19.077093520516904,2.9001844174249882,0.9987413624101312,0.9987413624101312
135,1.5960080869295878,0.02346718453722929,0.04074444735932914,0.006189921715129439,15.775534797919715,0.4675055660132685,0.03745381629888692,0.1776338383340923,0.026986242899530492,0.10231004061681138,0.9603939774871237,27.389968580142014,4.16110101569741,0.9989324671759111,0.9989324671759111
136,1.6028459853843544,0.022687579747670106,0.03935278542399831,0.006022374071341905,23.397288541544388,0.4717807900248559,0.036364696116640415,0.17509844233505686,0.02679628157675306,0.10094736195590495,0.9665804933260609,40.58381218795834,6.210764895130447,0.999118585909861,0.999118585909861
137,1.6096838838391208,0.021970915430043314,0.03803077839192989,0.005911052468156736,35.81536096776616,0.476037814276542,0.03536622848093299,0.1720832933487248,0.026746583133133217,0.09941493824092901,0.9728046572698217,61.994961490296234,9.635760445236087,0.9993001680493528,0.9993001680493528
138,1.616521782293887,0.02131399834805542,0.03677513877396586,0.005852857922144976,56.512074603832005,0.48027679306558424,0.03445454259740751,0.16874898027308483,0.02685683423564414,0.09780290725436448,0.9790674685638566,97.50584343787574,15.51830576978827,0.9994776414431177,0.9994776414431177
139,1.6233596807486537,0.02071389297701165,0.035583013186101145,0.0058447727679221545,92.14098742169367,0.4844978787353256,0.03362609869022341,0.16528053649071983,0.027148549047719694,0.09621454276921977,0.9853699608861926,158.28284784734416,25.999126996043184,0.9996514141725236,0.9996514141725236
140,1.6301975792034202,0.02016790383578057,0.034451952681510425,0.005883854990050716,155.2882291089652,0.4887012217080463,0.03287766801069686,0.16187991312051253,0.0276465587715229,0.09476323594601771,0.9917132016087215,265.2721256914182,45.30433252651219,0.9998218762502211,0.9998218762502211
141,1.6370354776581864,0.01967355927490741,0.03337988889967024,0.005967229650144578,270.600420127219,0.4928869705171283,0.032206314504834695,0.15875847068698395,0.028380809065674816,0.09356963987632938,0.9980982910807384,459.12444381994885,82.07639643448913,0.999989401206271,0.999989401206271
142,1.643873376112953,0.019228596604426468,0.032365116112592754,0.006092077096260185,487.70273191692024,0.4970552718385507,0.031609378018032604,0.15613078723368615,0.029388456065428115,0.09275962164955713,1.0045263619362503,820.8896297344018,154.51583409943873,1.0001543475713002,1.0001543475713002
143,1.6507112745677195,0.018830948453121138,0.03140627932428435,0.006255617581957924,909.4093517706682,0.5012062705217284,0.03108445892237062,0.154211088984818,0.030716328719664007,0.09246370885224099,1.0109985784222189,1516.7140514949526,302.1046520463838,1.0003170602651847,1.0003170602651847
144,1.6575491730224856,0.018478730261044435,0.030502368653758855,0.006455091868330013,1755.0754017967424,0.5053401096197161,0.030629404062699782,0.15321329198566247,0.032423904072605356,0.09281859802913392,1.0175161357495628,2897.0581941771575,613.0926094163273,1.0004778718993357,1.0004778718993357
145,1.6643870714772522,0.018170228814222422,0.02965272029655136,0.006687737331893486,3507.026818435254,0.5094569304187903,0.030242293924175243,0.1533551685180574,0.03458701512981618,0.09397109182393679,1.024080259464191,5723.256783545094,1290.7968533254148,1.0006371039998279,1.0006371039998279
146,1.6712249699320187,0.017903891738478894,0.02885702438395914,0.006950759092998648,7259.250160321902,0.5135568724674227,0.02992143093230551,0.15486673231696868,0.03730257609143938,0.09608465420420403,1.0306922048395957,11700.269524946634,2818.230795697169,1.0007950681581572,1.0007950681581572
147,1.6780628683867853,0.01767831787588628,0.0281153400018963,0.007241295749876257,15573.753065874807,0.5176400736046646,0.02966532880306311,0.15800271868252636,0.04069466757960255,0.09934869313106445,1.0373532562889451,24768.27069332769,6379.235438421924,1.0009520671158103,1.0009520671158103
148,1.6849007668415514,0.017492248473555294,0.027428117420846707,0.00755637952626388,34263.287916326764,0.521706669987953,0.029472702866876272,0.16305905480005617,0.044922372336301905,0.10399071356817904,1.0440647267964445,53725.36787446394,14801.20795818958,1.0011083957883289,1.0011083957883289
149,1.691738665296318,0.017344559120237663,0.026796227111590794,0.00789289112888453,77764.51881152371,0.525756796120354,0.02934246129622394,0.17039341012811826,0.05018977595688717,0.11029159304250272,1.0508279573677202,120141.17469643765,35387.86292660976,1.0012643422341487,1.0012643422341487
150,1.6985765637510846,0.01723425237197837,0.026220994210909822,0.008247510533046917,182592.5338367809,0.5297905848772556,0.029273697172813997,0.18045016687146556,0.05675851342598064,0.1186043401487231,1.0576443164982774,277804.7848756196,87380.2827979422,1.0014201885730991,1.0014201885730991
151,1.7054144622058507,0.017160451011469985,0.025704235532021235,0.008616666490918735,443657.10648842354,0.5338081675325258,0.02926568133293593,0.19379030630548916,0.06496308503426168,0.12937669566987542,1.0645151996593345,664543.5340254846,222770.6789513625,1.0015762118588936,1.0015762118588936
152,1.7122523606606173,0.017122391891980254,0.02524829370983039,0.008996490074130118,1115856.219069577,0.5378096737841473,0.0293178559371994,0.21112658921346478,0.07522877728186259,0.1431776832476637,1.0714420288005917,1645416.4660373966,586295.9721017574,1.0017326849098651,1.0017326849098651
153,1.7190902591153838,0.01711942031911054,0.024856059418040862,0.009382781220180218,2906191.542620494,0.5417952317793393,0.029429828712284906,0.23336379676039248,0.08809125424459364,0.16072752550249306,1.0784262518690078,4219562.830812952,1592820.2544280363,1.0018898771016271,1.0018898771016271
154,1.7259281575701504,0.01715098492824846,0.02453096782555425,0.009771002030942668,7841284.584908466,0.5457649681391833,0.02960136781772528,0.2616424349958141,0.10421556874171647,0.1829290018687653,1.0854693423432993,11215350.061126096,4467219.1086908365,1.0020480551251836,1.0020480551251836
155,1.7327660560249165,0.01721663301866197,0.024276950293070136,0.010156315744253805,21929681.82238687,0.54971900798276,0.029832397293775254,0.2973819960409819,0.12441041448730875,0.21089620526414532,1.092572798783169,30922759.11136923,12936604.53340451,1.002207483713725,1.002207483713725
156,1.739603954479683,0.017316006307750154,0.02409831871486528,0.010533693900635029,63613914.14616047,0.5536574749508131,0.030122993048757304,0.34230686362230567,0.14962685837744946,0.24596686099987758,1.0997381443926495,88530135.0986532,38697693.19366775,1.0023684263409776,1.0023684263409776
157,1.7464418529344496,0.017448837072881473,0.023999561554242002,0.010898112591520945,191565285.13764006,0.557580491228946,0.03047337934911444,0.3984833752628534,0.18094983442296594,0.2897166048429097,1.1069669265975066,263483625.47679472,119646944.7984854,1.002531145893993,1.002531145893993
158,1.7532797513892162,0.01761494464873084,0.02398504235780663,0.011244846939655051,596329363.1819139,0.5614881775703678,0.030883925774461612,0.4683009654918022,0.21955236101278072,0.3439266632522915,1.1142607166348135,811980129.3927194,380678596.9711084,1.0026959053226197,1.0026959053226197
159,1.7601176498439823,0.017814232252789247,0.0240586167500657,0.011569847755512796,1881677798.7972066,0.5653806533181952,0.03135514460655428,0.554438929740429,0.26663104007460026,0.4105349849075146,1.1216211091553898,2541258268.4432573,1222097329.151156,1.0028629682682304,1.0028629682682304
160,1.766955548298749,0.018046684112309946,0.024223219582680904,0.011870148641938989,6142480289.785766,0.5692580364273232,0.03188768862064094,0.6598268622197516,0.3233361653581565,0.49158151378895404,1.12904972183842,8244763853.337325,4040196726.234206,1.0030325996737304,1.0030325996737304
161,1.7737934467535155,0.018312362866732212,0.024480506448961898,0.012144219284502527,20751680220.670033,0.5731204434858718,0.03248234924758202,0.7876554939847739,0.3907378738073403,0.5891966838960571,1.1365481950154714,27741457788.159313,13761902653.180748,1.0032050663765897,1.0032050663765897
162,1.7806313452082816,0.018611407224291776,0.024830642238426133,0.01239217221015742,72541385381.33589,0.576967989736221,0.033140055082009796,0.941529956888351,0.4698872165588447,0.7057085867235978,1.1441181913072678,96781998597.76001,48300772164.91178,1.0033806376869787,1.0033806376869787
163,1.7874692436630482,0.018944029850554017,0.02527229943050825,0.012615760270599786,262638801887.17218,0.5808007890956441,0.033861870708899997,1.1258683725933405,0.5620258466762813,0.8439471096348108,1.1517613952692296,350373521142.2525,174904082632.09186,1.0035595859524578,1.0035595859524578
164,1.7943071421178147,0.01931051546856355,0.025802868119147195,0.012818162817979904,968548529426.6294,0.5846189541765443,0.03464899582322012,1.3466193413981462,0.6689638489867537,1.0077915951924499,1.1594795130463016,1294182437153.155,642914621700.1038,1.0037421871106897,1.0037421871106897
165,1.8011450405725813,0.019711219151885395,0.026418817712270247,0.013003620591500545,3782838074285.049,0.5884225963063081,0.03550276461905766,1.612319715206346,0.7936007612862199,1.202960238246283,1.1672742720374716,5070113053357.887,2495563095212.211,1.0039287212315318,1.0039287212315318
166,1.8079829390273474,0.020146564793195793,0.027116117357755768,0.013177012228635817,12340795879888.537,0.5922118255467823,0.03642464542610701,1.935492429675114,0.9405479065374509,1.4380201681062825,1.1751474205682517,16610001397368.96,8071590362408.113,1.0041194730498124,1.0041194730498124
167,1.814820837482114,0.020617043729953433,0.027890628277218155,0.01334345918268871,30279473456903.73,0.5959867507133844,0.037416240568399456,2.334442681135257,1.1168461434588235,1.7256444122970402,1.1831007275710657,40961912371046.96,19597034542760.496,1.004314732489584,1.004314732489584
168,1.8216587359368805,0.021123213514461087,0.028738413213125206,0.013508013815796967,38052198605037.75,0.5997474793938508,0.03847928642967802,2.8356560628530456,1.3328530350580874,2.0842545489555664,1.1911359822735927,51770522815140.01,24333874394935.492,1.0045147951813649,1.0045147951813649
169,1.8284966343916467,0.02166569680886421,0.029655944810969684,0.013675448806758738,269948581138527.06,0.6034941179666367,0.03961565369675805,3.4772100390722374,1.6034696646080344,2.5403398518401357,1.199254993893629,369504858056001.3,170392304221052.84,1.0047199629725494,1.0047199629725494
170,1.8353345328464132,0.02224518039403707,0.030640221378314562,0.013850139409759576,46061891468267.336,0.607226771618972,0.040827347766574214,4.313874789733887,1.9499783143325373,3.131926552033212,1.2074595913408972,63445048621405.125,28678734315129.54,1.0049305444322616,1.0049305444322616
171,1.8421724313011798,0.022862414277284485,0.031688811239295844,0.014036017315273127,63471696055897.336,0.6109455443645796,0.042116509294599966,5.4249511323419695,2.4028893811465823,3.9139202567442757,1.215751622925242,87975949125885.11,38967442985909.57,1.0051468553511378,1.0051468553511378
172,1.849010329755946,0.02351821088349061,0.032799849026781805,0.014236572740199415,32630191103638.355,0.6146505390610676,0.04348541486095285,6.926486000719508,3.0063986484419307,4.966442324580719,1.2241329560697771,45507940515393.76,19752441691882.95,1.0053692192362487,1.0053692192362487
173,1.8558482282107125,0.02421344432246743,0.033972003716974154,0.014454884927960704,65094364149343.24,0.6183418574270001,0.04493647774472991,8.990507254075148,3.825407205425424,6.407957229750285,1.2326054770307078,91328848196273.89,38859880102412.59,1.0055979678024722,1.0055979678024722
174,1.862686126665479,0.024949049712130134,0.035204432841392026,0.01469366658286824,55798585028694.11,0.622019600058653,0.046472248772272164,11.87563471753903,4.956666047870163,8.416150382704597,1.2411710906218767,78734763926992.42,32862406130395.797,1.0058334414595143,1.0058334414595143
175,1.8695240251202456,0.025726022552452363,0.0364967323357854,0.014955312769119326,57929852790474.72,0.6256838664464635,0.04809541723259496,15.976379325539755,6.54666142528228,11.261520375411019,1.2498317199438913,82183335073841.94,33676370507107.508,1.0060759897958251,1.0060759897958251
176,1.8763619235750117,0.026545418134488546,0.0378488875962771,0.015241948672699993,52342703946682.83,0.62933475499118,0.049808811832931926,21.903577284785577,8.82068726257777,15.362132273681674,1.2585893061178366,74631075996851.25,30054331896514.406,1.0063259720590547,1.0063259720590547
177,1.8831998220297783,0.027408350972302375,0.039261228656488636,0.015555473288116111,95140177780390.5,0.6329723630197174,0.05161540167316953,30.617433283670444,12.130763144522748,21.374098214096595,1.2674458080226723,136284020809191.86,53996334751589.125,1.0065837576330021,1.0065837576330021
178,1.8900377204845449,0.028315994252326046,0.04073439072849738,0.015897597776154713,72870800664800.39,0.6365967868007248,0.0535182972299198,43.65072331119989,17.03576828888719,30.34324580004354,1.2764032020388971,104829363946300.0,40912237383300.8,1.0068497265119345,1.0068497265119345
179,1.8968756189393114,0.029269579280512437,0.042269280338974424,0.016269878222050446,87937820436070.77,0.6402081215598733,0.05552075131381527,63.488729942321335,24.437461351377202,43.96309564684927,1.285463481792759,126994253958596.45,48881386913545.06,1.007124269770865,1.007124269770865
180,1.9037135173940776,0.030270394923049615,0.04386704679569246,0.016673743050406767,78953015994493.1,0.6438064614948669,0.05762615999186661,94.22560745669779,35.814892550636536,65.02025000366716,1.294628657906128,114416599324055.25,43489432664930.94,1.0074077900326421,1.0074077900326421
181,1.9105514158488441,0.03131978702614992,0.04552905845654977,0.01711051559575007,112841424944233.66,0.6473918997901872,0.05983806344689498,142.71549677739287,53.63466357854156,98.17508017796722,1.3039007577484985,164035720559557.66,61647129328909.664,1.0077007019309867,1.0077007019309867
182,1.9173893143036107,0.03241915780764358,0.04725688320629734,0.017581432408989822,292005814044337.9,0.6509645286315711,0.06216014675909827,220.62243450958195,82.08028454403255,151.35135952680724,1.3132818251932141,425652163197143.5,158359464891532.25,1.0080034325696348,1.0080034325696348
183,1.9242272127583768,0.03356996520828079,0.04905227254446856,0.018087657872093016,142379796815371.16,0.6545244392202335,0.06459624058512582,348.1279646759354,128.36957788363404,238.2487712797847,1.3227739203759257,208044677880418.78,76714915750323.5,1.0083164219768446,1.0083164219768446
184,1.9310651112131434,0.034773722188716646,0.0509171487338753,0.018630295643557993,788899001423466.0,0.6580717217868375,0.06715032170564907,560.7434560200439,205.17284698020777,382.95815150012584,1.3323791194550225,1155139147126394.5,422658855720537.7,1.0086401235542812,1.0086401235542812
185,1.93790300966791,0.036031995969696376,0.05285359454929972,0.019210397390093035,201737537017852.7,0.6616064656052155,0.06982651343401661,922.028426221919,335.12446265435364,628.5764444381363,1.3420995143754835,295919049166284.0,107556024869421.38,1.008975004520703,1.008975004520703
186,1.9447409081226765,0.03734640720095653,0.054863845211416615,0.01982896919049644,1316395604127857.5,0.6651287590058513,0.07262908585510747,1547.7223003631775,559.3800013667199,1053.5511508649486,1.3519372126359053,1933854688437346.0,698936519818369.1,1.0093215463491751,1.0093215463491751
187,1.9515788065774426,0.0387186290469098,0.0569502821627708,0.0204869759310488,370213089687948.1,0.6686386893891243,0.07556245586768293,2652.287799369256,954.1191763122366,1803.2034878407462,1.3618943370556762,544537356747205.06,195888822628691.2,1.0096802451966809,1.0096802451966809
188,1.9584167050322092,0.04015038618530907,0.059115428415506564,0.021185343955111575,2378276838633436.5,0.6721363432383225,0.07863118701880371,4640.179072064434,1662.912581196983,3151.5458266307082,1.3719730255463087,3501656336693836.0,1254897340573036.5,1.01005161232616,1.01005161232616
189,1.9652546034869758,0.04164345370484904,0.06136194523122984,0.02192496217846823,796146271836772.8,0.6756218061324281,0.08183998909855132,8287.833154997703,2961.288593118117,5624.560874057909,1.3821754308846068,1173127576659361.8,419164967014183.56,1.01043617451941,1.01043617451941
190,1.9720925019417423,0.04319965589408187,0.06369262994891892,0.022706681839244812,1615549866229454.5,0.6790951627586813,0.08519371747518224,15112.756799569474,5387.7593159039,10250.258057736686,1.3925037204852693,2381931468298447.5,849168264160461.4,1.0108344744799571,1.0108344744799571
191,1.9789304003965085,0.044820864912135744,0.06611041480637121,0.023531315017900272,inf,0.6825564969249274,0.0886973721466906,28134.944823512564,10014.341183494029,19074.643003503297,1.4029600761785435,inf,inf,1.0112470712249437,1.0112470712249437
192,1.985768298851275,0.046508999336327295,0.06861836664024794,0.024399632032406648,1030393513900669.0,0.6860058915717504,0.09235609649337373,53474.97901093978,19014.877134109596,36244.928072524686,1.4135466939898733,1520220192425082.5,540566835376255.44,1.0116745404652894,1.0116745404652894
193,1.9926061973060412,0.04826602256841571,0.07121968734802178,0.02531235778880963,1.0883021590839356e+16,0.6894434287843971,0.09617517568913839,103767.01442689907,36880.08040550878,70323.54741620392,1.4242657839158621,1.605861336518227e+16,5707429816496441.0,1.0121174749714643,1.0121174749714643
194,1.9994440957608077,0.05009394110693778,0.07391771506135184,0.026270167152523734,578311470981936.5,0.6928691898044993,0.10016003477965636,205576.62892807176,73061.40889379954,139319.01891093564,1.4351195697092407,853345965283488.0,303276976680385.06,1.0125764849259804,1.0125764849259804
195,2.0062819942155743,0.05199480266089991,0.07671592593850174,0.02727367938329809,2539538813582098.0,0.6962832550415929,0.10431623637135552,415810.239720172,147826.8693714443,281818.5545458082,1.4461102886601847,3746972035095764.0,1332105592068431.8,1.0130521982586669,1.0130521982586669
196,2.013119892670341,0.053970694113621945,0.07961793655653515,0.02832345167070874,inf,0.6996857040844437,0.1086494779413584,858666.9519335778,305463.981687795,582065.4668106864,1.4572401913833237,inf,inf,1.013545260965701,1.013545260965701
197,2.019957791125107,0.05602373931469762,0.08262750683971072,0.029419971789684515,inf,0.7030766157121795,0.11316558871668542,1810353.6345902404,644586.2267430866,1227469.9306666637,1.4685115415989556,inf,inf,1.014056337408598,1.014056337408598
198,2.0267956895798735,0.05815609670663785,0.08574854351883623,0.03056364989443947,inf,0.7064560679052354,0.11787052612780387,3896835.4905260224,1388962.5495796415,2642899.020052832,1.479926615924494,inf,inf,1.0145861105938125,1.0145861105938125
199,2.03363358803464,0.0603699567750553,0.08898510409371557,0.03175480945639503,inf,0.7098241378561132,0.12277037180595184,8563899.062300762,3056073.1000635684,5809986.081182165,1.491487703661523,inf,inf,1.0151352824302304,1.0151352824302304
