,m,spdy,ret,spd_ret,volatility,cdf_m,cdf_ret,sigma_prime,sigma_double_prime
0,0.36787944117144233,3.3507188191998805e-05,-1.0,1.2326605667298872e-05,0.7475157786663071,5.857016125432324e-07,5.857016125432324e-07,-0.3205453508788976,1.7484194756838927
1,0.3715766910220457,4.044643722679767e-05,-0.99,1.5028953308364365e-05,0.7463365582207928,7.218372101158721e-07,7.218372101158721e-07,-0.31575861291697205,1.0647103113929197
2,0.37531109885139957,4.9214116275087655e-05,-0.9799999999999999,1.8470604058203696e-05,0.7451692078553191,8.898978233196075e-07,8.898978233196075e-07,-0.30945834017822554,1.0346381214937594
3,0.37908303810339883,5.983226658654311e-05,-0.97,2.268139739423924e-05,0.7440136952267724,1.0963401984032117e-06,1.0963401984032117e-06,-0.3032607896719868,1.0053522545416804
4,0.38289288597511206,7.267813681584936e-05,-0.9599999999999999,2.7827941552714606e-05,0.7428699874255893,1.3497138591223035e-06,1.3497138591223035e-06,-0.29716460188317295,0.9768336689103535
5,0.38674102345450123,8.820249930508249e-05,-0.95,3.4111524852492535e-05,0.7417380509862785,1.6604129718933436e-06,1.6604129718933436e-06,-0.2911684293996811,0.9490637440633691
6,0.39062783535852114,0.00010694315180711615,-0.94,4.17749718968315e-05,0.7406178518979158,2.0410584644636742e-06,2.0410584644636742e-06,-0.2852709369297851,0.9220242722830756
7,0.39455371037160114,0.00012954070388300934,-0.9299999999999999,5.1110765361190213e-05,0.739509355614607,2.5069552362921854e-06,2.5069552362921854e-06,-0.27947080131620405,0.8956974506247859
8,0.39851904108451414,0.00015675699040828593,-0.92,6.247064550080449e-05,0.7384125270659192,3.076638214860594e-06,3.076638214860594e-06,-0.2737667115472122,0.8700658728699234
9,0.40252422403363597,0.00018949649624070734,-0.91,7.627693010638354e-05,0.7373273306672739,3.7725232930885255e-06,3.7725232930885255e-06,-0.2681573687644656,0.8451125217900304
10,0.4065696597405991,0.00022883122066121484,-0.9,9.303583152225607e-05,0.7362537303303028,4.621681783945064e-06,4.621681783945064e-06,-0.2626414862677531,0.820820761338399
11,0.4106557527523455,0.00027602945741477826,-0.89,0.00011335308461648726,0.7351916894731609,5.656759996641725e-06,5.656759996641725e-06,-0.2572177895169964,0.7971743291329269
12,0.4147829116815814,0.0003325890156046206,-0.88,0.00013795224028579543,0.7341411710307949,6.917068882783539e-06,6.917068882783539e-06,-0.25188501613089004,0.774157328987436
13,0.418951549247639,0.0004002754577046922,-0.87,0.0001676960231311886,0.7331021374651663,8.44987248527218e-06,8.44987248527218e-06,-0.24664191588285025,0.7517542235632001
14,0.4231620823177488,0.0004811659827110342,-0.86,0.00020361119918446718,0.7320745507754244,1.0311908151816596e-05,1.0311908151816596e-05,-0.24148725069402374,0.7299498271856686
15,0.4274149319487267,0.0005776996338487405,-0.8499999999999999,0.00024691744968826377,0.7310583725080289,1.2571176204789758e-05,1.2571176204789758e-05,-0.23641979462366175,0.7087292987103374
16,0.43171052342907973,0.000692734559915989,-0.84,0.0002990607994587448,0.7300535637668163,1.530904199431582e-05,1.530904199431582e-05,-0.23143833385631493,0.6880781346487366
17,0.4360492863215356,0.0008296131055560062,-0.83,0.0003617522026006893,0.7290600852230156,1.8622699036296986e-05,1.8622699036296986e-05,-0.22654166668662354,0.6679821621896104
18,0.44043165450599925,0.0009922355464563833,-0.8200000000000001,0.0004370119433854492,0.7280778971252004,2.262804826347331e-05,2.262804826347331e-05,-0.2217286035015571,0.6484275325799804
19,0.4448580662229411,0.0011851433182057908,-0.81,0.0005272205647340678,0.7271069593091857,2.746305528855686e-05,2.746305528855686e-05,-0.2169979667595236,0.6294007144561281
20,0.44932896411722156,0.0014136126094332366,-0.8,0.0006351770894596787,0.7261472312078614,3.3291654990552644e-05,3.3291654990552644e-05,-0.2123485909675504,0.6108884873179817
21,0.45384479528235583,0.0016837591976020829,-0.79,0.000764165348340501,0.7251986718609617,4.030828066414749e-05,4.030828066414749e-05,-0.2077793226555511,0.5928779352056217
22,0.4584060113052235,0.002002655395659604,-0.78,0.0009180292719432033,0.7242612399247711,4.8743103349568884e-05,4.8743103349568884e-05,-0.2032890203481463,0.5753564403524354
23,0.46301306831122807,0.0023784599454803063,-0.77,0.0011012580372121929,0.7233348936817628,5.8868075735074576e-05,5.8868075735074576e-05,-0.19887655453445335,0.5583116770394794
24,0.46766642700990924,0.002820561635045468,-0.76,0.0013190819820229416,0.7224195910501678,7.100388408098901e-05,7.100388408098901e-05,-0.19454080763521142,0.5417316055446963
25,0.4723665527410147,0.0033397373255736377,-0.75,0.001577580207541715,0.7215152895934752,8.552792081018001e-05,8.552792081018001e-05,-0.19028067396766304,0.5256044661705428
26,0.4771139155210344,0.0039483249470602935,-0.74,0.0018838007752413175,0.720621946529861,0.00010288339958119952,0.00010288339958119952,-0.1860950597082851,0.5099187734013222
27,0.48190899009020244,0.00466041185033283,-0.73,0.0022458943681983056,0.7197395187415444,0.0001235897435835076,0.0001235897435835076,-0.18198288285342373,0.49466331014139264
28,0.4867522559599717,0.005492038685172567,-0.72,0.002673262219827184,0.7188679627840691,0.00014825438619003872,0.00014825438619003872,-0.1779430731777506,0.4798271220931381
29,0.4916441974609651,0.006461418701711367,-0.71,0.003176719012062156,0.71800723489551,0.0001775861306669846,0.0001775861306669846,-0.17397457219068332,0.46539951219040293
30,0.4965853037914095,0.007589172040883381,-0.7,0.0037686713034473453,0.717157291005603,0.00021241022198581483,0.00021241022198581483,-0.1700763330906819,0.4513700351909556
31,0.5015760690660556,0.008898574184391453,-0.69,0.0044633118596997465,0.7163180867447987,0.00025368528847957705,0.00025368528847957705,-0.1662473207178648,0.4377284922704507
32,0.5066169923655897,0.010415817271443154,-0.6799999999999999,0.005276830019088093,0.7154895774532344,0.0003025223136313704,0.0003025223136313704,-0.16248651150464455,0.4244649258453207
33,0.5117085777865426,0.012170282455434289,-0.6699999999999998,0.006227637926530791,0.7146717181896295,0.0003602057981327844,0.0003602057981327844,-0.1587928934243814,0.4115696143668896
34,0.5168513344916993,0.014194820867446892,-0.6599999999999999,0.007336612108210547,0.7138644637400984,0.0004282172688887531,0.0004282172688887531,-0.15516546593852001,0.3990330672919621
35,0.522045776761016,0.016526040075140087,-0.65,0.008627349427810186,0.7130677686268825,0.0005082612842000067,0.0005082612842000067,-0.15160323994180172,0.3868460201119083
36,0.5272924240430485,0.019204592178053616,-0.64,0.01012643596232406,0.7122815871170003,0.0006022940722342218,0.0006022940722342218,-0.14810523770604864,0.37499942946429976
37,0.5325918010068972,0.022275458868758004,-0.63,0.011863726757166886,0.7115058732308126,0.0007125549223435668,0.0007125549223435668,-0.1446704928221848,0.36348446838322207
38,0.5379444375946745,0.025788227921972242,-0.62,0.013872633766048638,0.7107405807505058,0.0008416004250582088,0.0008416004250582088,-0.14129805014056712,0.3522925215874144
39,0.5433508690744998,0.029797354662629887,-0.61,0.016190418552061048,0.7099856632284908,0.000992341625903559,0.000992341625903559,-0.13798696571029334,0.34141518085055794
40,0.5488116360940265,0.03436240102458561,-0.5999999999999999,0.018858485526421883,0.709241073995713,0.001168084119847479,0.001168084119847479,-0.13473630671667766,0.3308442405459133
41,0.5543272847345071,0.039548243863645145,-0.5899999999999999,0.021922670636952545,0.7085067661698818,0.0013725710664771462,0.0013725710664771462,-0.1315451514172627,0.3205716931584287
42,0.559898366565402,0.045425243256470946,-0.58,0.025433519500134127,0.7077826926636106,0.0016100290503570092,0.0016100290503570092,-0.12841258907697964,0.3105897249472503
43,0.5655254386995371,0.05206936062855268,-0.5700000000000001,0.029446548012266656,0.7070688061924691,0.0018852166459490949,0.0018852166459490949,-0.12533771990159923,0.30089071170982634
44,0.5712090638488149,0.05956221574276467,-0.56,0.03402247749518575,0.7063650592829516,0.002203475471669325,0.002203475471669325,-0.12231965497002775,0.2914672145620178
45,0.5769498103804866,0.06799107088204707,-0.55,0.03922743545296329,0.7056714042803544,0.0025707834330174206,0.0025707834330174206,-0.11935751616557765,0.2823119758570903
46,0.5827482523739896,0.07744873001540437,-0.54,0.04513311206506185,0.7049877933565672,0.0029938097603767755,0.0029938097603767755,-0.11645043610596442,0.2734179151540087
47,0.5886049696783552,0.08803334038941425,-0.53,0.0518168616505955,0.7043141785177756,0.003479971343495758,0.003479971343495758,-0.11359755807233077,0.2647781252702664
48,0.5945205479701944,0.09984808388295319,-0.5199999999999999,0.05936173754386726,0.7036505116120733,0.0040374897526095355,0.0040374897526095355,-0.1107980359371069,0.256385868426273
49,0.6004955788122659,0.1130007456468182,-0.5100000000000001,0.06785644816340373,0.7029967443369886,0.004675448216792777,0.004675448216792777,-0.1080510340910193,0.24823457242850136
50,0.6065306597126334,0.1276031480686196,-0.5,0.0773952215794687,0.7023528282469182,0.00540384770508473,0.00540384770508473,-0.1053557273691176,0.24031782697871118
51,0.6126263941844161,0.1437704389988586,-0.48999999999999994,0.0880775656341813,0.7017187147604746,0.0062336611271737175,0.0062336611271737175,-0.1027113009757754,0.23262938001298825
52,0.6187833918061408,0.16162022448690141,-0.48000000000000004,0.10000791069247475,0.7010943551677427,0.007176884540560979,0.007176884540560979,-0.10011695040917358,0.22516313411804142
53,0.6250022682827008,0.18127153803782187,-0.47000000000000003,0.11329512244873254,0.7004797006374451,0.008246584123070111,0.008246584123070111,-0.09757188138467228,0.21791314306611884
54,0.631283645506926,0.20284364063651447,-0.46,0.12805187292891568,0.699874702224022,0.00945693754685617,0.00945693754685617,-0.09507530975742301,0.21087360834714855
55,0.6376281516217733,0.22645464850983896,-0.44999999999999996,0.14439385895548698,0.6992793108746178,0.010823268276574871,0.010823268276574871,-0.09262646144460918,0.20403887581448849
56,0.6440364210831414,0.2522199888091704,-0.43999999999999995,0.16243885891828808,0.6986934774359782,0.01236207121444366,0.01236207121444366,-0.09022457234663167,0.1974034324120806
57,0.6505090947233166,0.2802506870810317,-0.4299999999999999,0.1823056207486694,0.6981171526612602,0.014091028033219821,0.014091028033219821,-0.08786888826783294,0.1909619029105711
58,0.6570468198150567,0.3106514945224032,-0.42000000000000004,0.20411257654673956,0.6975502872167492,0.016029010479506,0.016029010479506,-0.08555866483669776,0.18470904677405578
59,0.6636502501363194,0.3435188675363291,-0.41,0.22797638236702997,0.6969928316884887,0.018196069899364065,0.018196069899364065,-0.08329316742538419,0.17863975504212498
60,0.6703200460356393,0.37893881694683335,-0.39999999999999997,0.254010285220492,0.6964447365888191,0.020613411240927415,0.020613411240927415,-0.08107167106875432,0.1727490473125701
61,0.6770568744981647,0.41698464930531093,-0.39000000000000007,0.2823223233723671,0.6959059523628288,0.023303349829452702,0.023303349829452702,-0.07889346038302802,0.16703206874372512
62,0.6838614092123558,0.4577146279186361,-0.38000000000000006,0.3130133704655476,0.6953764293947136,0.026289249293546146,0.026289249293546146,-0.07675782948391466,0.16148408717409315
63,0.6907343306373547,0.5011695864160196,-0.37,0.3461750388088692,0.6948561180140498,0.02959543915108087,0.02959543915108087,-0.07466408190439916,0.1561004902362393
64,0.697676326071031,0.5473705327090425,-0.36000000000000004,0.3818874622599879,0.6943449685019758,0.03324711074282305,0.03324711074282305,-0.07261153051217333,0.15087678259820164
65,0.7046880897187134,0.5963162859169346,-0.35,0.42021698439096283,0.6938429310972872,0.037270190433274175,0.037270190433274175,-0.07059949742667111,0.14580858320137824
66,0.7117703227626098,0.6479811930647167,-0.3399999999999999,0.46121378293177434,0.6933499560024418,0.04169118928276905,0.04169118928276905,-0.0686273139358674,0.1408916226069754
67,0.7189237334319262,0.7023129759279609,-0.33,0.5049094666918161,0.692865993389478,0.04653702873223209,0.04653702873223209,-0.06669432041288069,0.13612174034808855
68,0.7261490370736909,0.75923076112608,-0.32,0.5513146861084285,0.6923909934058431,0.05183484223034418,0.05183484223034418,-0.06479986623222737,0.1314948823993296
69,0.7334469562242893,0.8186233482702712,-0.3099999999999999,0.6004168030829667,0.6919249061801372,0.057611753168764546,0.057611753168764546,-0.06294330968592272,0.12700709862789136
70,0.7408182206817179,0.8803477715075767,-0.3,0.6521776696693585,0.6914676818277666,0.06389462996920658,0.06389462996920658,-0.06112401789954204,0.12265454036397022
71,0.7482635675785652,0.9442282090091721,-0.2900000000000001,0.7065315682815222,0.6910192704565121,0.07070981967956036,0.07070981967956036,-0.059341366747938225,0.11843345798115616
72,0.7557837414557255,1.0100552927291722,-0.28,0.7633833682160117,0.6905796221720106,0.0780828619758922,0.0780828619758922,-0.057594740771049,0.11434019854254655
73,0.7633794943368531,1.0775858670175436,-0.2700000000000001,0.8226069542683919,0.6901486870831498,0.08603818602247737,0.08603818602247737,-0.055883533089545565,0.11037120350180596
74,0.7710515858035663,1.1465432393676291,-0.26000000000000006,0.8840439829067683,0.6897264153073775,0.09459879320068365,0.09459879320068365,-0.054207145320416164,0.10652300644463382
75,0.7788007830714049,1.2166179597192994,-0.25,0.9475030197281253,0.689312756975926,0.10378592926588592,0.10378592926588592,-0.05256498749258452,0.10279223088341231
76,0.7866278610665535,1.2874691563718077,-0.23999999999999994,1.0127591086659151,0.6889076622389503,0.11361875001489552,0.11361875001489552,-0.050956477962519946,0.09917558809941646
77,0.794533602503334,1.3587264467919218,-0.22999999999999995,1.0795538185861402,0.6885110812705831,0.12411398502900894,0.12411398502900894,-0.04938104332992606,0.09566987502828546
78,0.8025187979624785,1.4299924305916396,-0.22,1.1475958064938456,0.6881229642739043,0.13528560448399285,0.13528560448399285,-0.04783811835338648,0.09227197220414751
79,0.8105842459701871,1.500845759900794,-0.21000000000000002,1.2165619286067375,0.6877432614858282,0.14714449437219412,0.14714449437219412,-0.04632714586617206,0.08897884172496225
80,0.8187307530779819,1.5708447695443173,-0.1999999999999999,1.286098921137628,0.6873719231819067,0.15969814574861052,0.15969814574861052,-0.044847576692189126,0.0857875252886273
81,0.8269591339433624,1.6395316361407177,-0.1899999999999999,1.3558256618956719,0.6870088996810498,0.17295036377812845,0.17295036377812845,-0.04339886956197033,0.08269514225391847
82,0.8352702114112721,1.7064370218258387,-0.17999999999999988,1.4253360119804899,0.6866541413501649,0.1869010024131763,0.1869010024131763,-0.041980491028924004,0.07969888775042533
83,0.8436648165963837,1.7710851451330323,-0.16999999999999998,1.4942022241452393,0.6863075986087123,0.20154573045976898,0.20154573045976898,-0.04059191538560828,0.07679603083944674
84,0.8521437889662113,1.832999209016501,-0.16,1.5619788911433896,0.685969221933183,0.21687583458830728,0.21687583458830728,-0.03923262458041969,0.07398391268482771
85,0.8607079764250578,1.8917071044946827,-0.15,1.6282073938985238,0.6856389618614913,0.23287806450949322,0.23287806450949322,-0.0379021081342996,0.07125994481952085
86,0.8693582353988059,1.9467472982644065,-0.13999999999999996,1.6924207959865372,0.6853167689972927,0.24953452506500995,0.24953452506500995,-0.03659986305776445,0.06862160737980193
87,0.8780954309205613,1.9976748043105748,-0.13000000000000003,1.7541491181302422,0.6850025940142166,0.2668226193805716,0.2668226193805716,-0.03532539376825538,0.06606644745030342
88,0.8869204367171575,2.044067133265202,-0.12000000000000004,1.8129249145147612,0.6846963876600252,0.284715046502965,0.284715046502965,-0.03407821200756847,0.06359207739093915
89,0.8958341352965282,2.085530109397771,-0.11000000000000003,1.8682890621872263,0.6843981007606907,0.3031798561039566,0.3031798561039566,-0.032857836759841046,0.06119617322974348
90,0.9048374180359596,2.121703443804922,-0.09999999999999994,1.9197966659304493,0.6841076842243958,0.3221805618978346,0.3221805618978346,-0.0316637941696413,0.05887647309082675
91,0.9139311852712282,2.152265953780684,-0.09,1.967022974157691,0.6838250890454571,0.34167631440415414,0.34167631440415414,-0.03049561746042959,0.05663077564482496
92,0.9231163463866359,2.1769403225450508,-0.0799999999999999,2.0095691968495317,0.6835502663081721,0.36162213261517306,0.36162213261517306,-0.029352846853459076,0.05445693860480794
93,0.9323938199059483,2.195497300455101,-0.06999999999999995,2.047068114564529,0.6832831671905889,0.38196919302264465,0.38196919302264465,-0.02823502948695883,0.05235287725581016
94,0.9417645335842487,2.2077592584157215,-0.05999999999999999,2.079189368268189,0.683023742968202,0.40266517334753316,0.40266517334753316,-0.027141719335613847,0.05031656301830736
95,0.9512294245007141,2.2136030162427045,-0.04999999999999988,2.1056443232135926,0.6827719450175733,0.42365464722629187,0.42365464722629187,-0.026072477130549308,0.04834602203406005
96,0.9607894391523232,2.212961882935384,-0.040000000000000036,2.1261904063709567,0.682527724819878,0.4448795250665485,0.4448795250665485,-0.025026870279749362,0.046439333799383274
97,0.9704455335485082,2.205826861821101,-0.030000000000000023,2.14063482583561,0.682291033964377,0.4662795353207545,0.4662795353207545,-0.02400447278876936,0.044594629823259437
98,0.9801986733067553,2.192246990936586,-0.02000000000000005,2.148837592076768,0.682061824151817,0.4877927395643493,0.4877927395643493,-0.023004865181857247,0.042810092317276616
99,0.990049833749168,2.1723288073310467,-0.01000000000000006,2.1507137745466314,0.6818400471977598,0.5093560740292813,0.5093560740292813,-0.0220276344237056,0.04108395290467751
100,1.0,2.1462349427219443,0.0,2.1462349427219443,0.6816256550358355,0.5309059096548288,0.5309059096548288,-0.02107237384145198,0.03941449139042702
101,1.0100501670841682,2.114181876558446,0.010000000000000113,2.1354297576641788,0.6814185997209308,0.5523786222923606,0.5523786222923606,-0.0201386830472479,0.03780003451372441
102,1.0202013400267558,2.076436890580456,0.019999999999999966,2.1183836982511717,0.6812188334323009,0.5737111644518484,0.5737111644518484,-0.01922616786122684,0.03623895478395934
103,1.030454533953517,2.0333142858245825,0.03000000000000008,2.0952379247803985,0.6810263084766187,0.5948416299129053,0.5948416299129053,-0.018334440235058997,0.034729669281975614
104,1.0408107741923882,1.985170938349302,0.03999999999999999,2.0661873012475667,0.6808409772909466,0.6157098026448993,0.6157098026448993,-0.017463118175935828,0.03327063855836013
105,1.0512710963760241,1.9324012832072819,0.05000000000000007,2.031477615635755,0.6806627924456485,0.6362576817864058,0.6362576817864058,-0.01661182567095033,0.03186036549192552
106,1.0618365465453596,1.875431827146825,0.06000000000000002,1.9914020546188387,0.6804917066472285,0.6564299749162386,0.6564299749162386,-0.015780192612260838,0.030497394221732532
107,1.0725081812542165,1.8147152988000506,0.07000000000000006,1.9462970046102444,0.6803276727411041,0.6761745524940825,0.6761745524940825,-0.014967854722474187,0.02918030908566775
108,1.0832870676749586,1.7507245506019953,0.08000000000000007,1.8965372647281953,0.6801706437143149,0.6954428571407274,0.6954428571407274,-0.014174453480753456,0.027907733579102225
109,1.0941742837052104,1.683946329248848,0.09000000000000005,1.8425307686038765,0.6800205726981629,0.7141902623455265,0.7141902623455265,-0.013399636049324771,0.026678329358789415
110,1.1051709180756477,1.614875031139948,0.10000000000000007,1.7847129207423766,0.6798774129707913,0.7323763762071416,0.7323763762071416,-0.012643055200660901,0.025490795238007347
111,1.1162780704588715,1.5440065560735545,0.1100000000000002,1.723540659189635,0.6797411179596949,0.7499652869064779,0.7499652869064779,-0.011904369245155127,0.024343866246422777
112,1.1274968515793757,1.4718323666015332,0.12000000000000005,1.6594863593958502,0.6796116412441711,0.7669257477494087,0.7669257477494087,-0.011183241959236593,0.023236312674771525
113,1.138828383324622,1.3988338522010022,0.13000000000000014,1.5930316944418206,0.6794889365577051,0.7832313007724465,0.7832313007724465,-0.010479342514238245,0.02216693916595281
114,1.1502737988572274,1.3254770870498602,0.14000000000000007,1.5246615642190546,0.6793729577902952,0.7988603390484271,0.7988603390484271,-0.009792345405705805,0.021134583819030366
115,1.1618342427282833,1.2522080581042345,0.15000000000000013,1.4548582009257875,0.6792636589907143,0.8137961089335923,0.8137961089335923,-0.009121930383304838,0.020138117316862013
116,1.17351087099181,1.1794484267538894,0.15999999999999986,1.3840955505698769,0.679160994368713,0.8280266545368491,0.8280266545368491,-0.008467782381300025,0.019176442074170942
117,1.1853048513203654,1.107591873011805,0.16999999999999996,1.3128340203639026,0.6790649182971613,0.8415447076433149,0.8415447076433149,-0.007829591449617389,0.01824849140668165
118,1.1972173631218102,1.0370010564106313,0.18,1.2415156703104675,0.6789753853141313,0.8543475271679708,0.8543475271679708,-0.007207052685515231,0.017353228719082722
119,1.2092495976572515,0.9680052129595483,0.19000000000000003,1.1705599143014558,0.6788923501249207,0.8664366929354337,0.8664366929354337,-0.0065998661657741394,0.016489646717936398
120,1.2214027581601699,0.9008983930650378,0.2,1.100359782111702,0.6788157676040202,0.8778178591666249,0.8778178591666249,-0.006007736879588233,0.015656766631416536
121,1.2336780599567432,0.8359383316158997,0.20999999999999994,1.0312787791913798,0.6787455927970201,0.8885004734951658,0.8885004734951658,-0.005430374661922492,0.014853637469961455
122,1.2460767305873808,0.7733459287906242,0.21999999999999997,0.9636483665604825,0.678681780922465,0.8984974676321462,0.8984974676321462,-0.004867494127557744,0.014079335274733333
123,1.2586000099294778,0.7133053088608801,0.22999999999999998,0.8977660688150529,0.6786242873736477,0.9078249259486858,0.9078249259486858,-0.004318814605682871,0.013332962420053834
124,1.2712491503214047,0.6559644145228651,0.24000000000000002,0.83389420460327,0.6785730677203531,0.9165017382560546,0.9165017382560546,-0.00378406007517545,0.012613646892714795
125,1.2840254166877414,0.6014360862791188,0.24999999999999992,0.7722592212955899,0.678528077710541,0.924549242941612,0.924549242941612,-0.003262959100350667,0.011920541637270477
126,1.2969300866657718,0.5497995701669443,0.26,0.7130516041854191,0.6784892732719838,0.9319908663766381,0.9319908663766381,-0.0027552447673650166,0.011252823862958403
127,1.3099644507332473,0.501102392759556,0.26999999999999996,0.6564263206923878,0.6784566105138425,0.93885176416345,0.93885176416345,-0.0022606546214127745,0.010609694416297756
128,1.3231298123374369,0.4553625397798381,0.27999999999999997,0.6025037518043959,0.6784300457281951,0.9451584693497227,0.9451584693497227,-0.0017789306041832965,0.009990377141933236
129,1.336427488025472,0.4125708738234129,0.29,0.5513710565362977,0.678409535391513,0.9509385522248152,0.9509385522248152,-0.0013098189921854414,0.009394118263149249
130,1.3498588075760032,0.37269372743673734,0.30000000000000004,0.5030839105088102,0.6783950361660852,0.9562202957441157,0.9562202957441157,-0.0008530703356343441,0.008820185785867865
131,1.3634251141321778,0.33567560998626367,0.31,0.45766855685690994,0.6783865049013923,0.9610323900208162,0.9610323900208162,-0.0004084393979122838,0.00826786890915923
132,1.3771277643359572,0.30144197019615304,0.32000000000000006,0.4151241064932545,0.6783838986354309,0.9654036486976314,0.9654036486976314,2.4314904369487695e-05,0.0077364774577127595
133,1.3909681284637803,0.26990196071089007,0.33,0.3754250251587315,0.6783871745959902,0.9693627493804032,0.9693627493804032,0.00044542956068332383,0.00722534132062319
134,1.404947590563594,0.240951156339411,0.34000000000000014,0.33852374654256734,0.6783962902018786,0.9729379996964928,0.9729379996964928,0.0008551375252180784,0.006733809910219281
135,1.4190675485932573,0.2144741835327368,0.3500000000000001,0.3043533538623412,0.6784112030641033,0.9761571299468956,0.9761571299468956,0.0012536677750135908,0.006261251635138029
136,1.4333294145603404,0.19034722492220668,0.36000000000000004,0.27283027646093194,0.6784318709870034,0.9790471127637514,0.9790471127637514,0.0016412453674464458,0.005807053380716237
137,1.4477346146633245,0.1684403691937097,0.37000000000000005,0.24385695298840343,0.6784582519693367,0.9816340096738845,0.9816340096738845,0.0020180914970436307,0.005370620007689471
138,1.4622845894342247,0.148619783004818,0.3800000000000001,0.21732441837300387,0.67849030420532,0.9839428440115718,0.9839428440115718,0.0023844235517433755,0.0049513738626676546
139,1.4769807938826427,0.13074968790049393,0.39000000000000007,0.1931147778351793,0.6785279860856247,0.9859974992250575,0.9859974992250575,0.0027404551685856248,0.004548754301241498
140,1.4918246976412706,0.11469413110508098,0.4000000000000002,0.17110353745706566,0.6785712561983299,0.9878206412845388,0.9878206412845388,0.003086396288734256,0.004162217219723574
141,1.5068177851128535,0.10031854454721746,0.4099999999999999,0.15116176710038334,0.6786200733298295,0.9894336636255582,0.9894336636255582,0.0034224532118698535,0.003791234603645452
142,1.5219615556186337,0.08749109141962752,0.41999999999999993,0.1331580775997884,0.6786743964656972,0.990856652850299,0.990856652850299,0.0037488286500627545,0.0034352940866187445
143,1.5372575235482813,0.07608380392490252,0.42999999999999994,0.11696040000372865,0.6787341847915095,0.9921083732579885,0.9921083732579885,0.004065721781010286,0.0030938985177510646
144,1.552707218511336,0.06597351957263453,0.43999999999999995,0.10243756007102854,0.6787993976936274,0.9932062681809389,0.9932062681809389,0.004373328300653139,0.0027665655433609855
145,1.5683121854901687,0.05704262645787726,0.44999999999999996,0.08946064616625281,0.6788699947599364,0.9941664760601107,0.9941664760601107,0.0046718404751929,0.0024528271969830413
146,1.5840739849944818,0.049179630372082166,0.46,0.07790417306405985,0.6789459357805456,0.9950038591980792,0.9950038591980792,0.004961447192530217,0.0021522295029297155
147,1.5999941932173602,0.042279558398708714,0.47000000000000003,0.06764704792972821,0.6790271807484486,0.9957320431720077,0.9957320431720077,0.005242334013153021,0.0018643320879639408
148,1.6160744021928934,0.03624421486534624,0.48000000000000004,0.05857334787146521,0.6791136898601446,0.996363464968432,0.996363464968432,0.005514683220354162,0.0015887078013044305
149,1.632316219955379,0.0309823062119001,0.48999999999999994,0.050572920961308825,0.6792054235162209,0.9969094280090534,0.9969094280090534,0.005778673869885392,0.0013249423494657538
150,1.6487212707001282,0.026409451548119318,0.5,0.04354182451490875,0.6793023423218976,0.9973801623660982,0.9973801623660982,0.006034481839052263,0.001072633935723766
151,1.6652911949458864,0.022448095476926788,0.51,0.03738261574103076,0.6794044070875349,0.9977848886112112,0.9977848886112112,0.006282279875227882,0.0008313929129585918
152,1.6820276496988864,0.01902733921779446,0.52,0.032004510664530264,0.6795115788291056,0.9981318838977922,0.9981318838977922,0.006522237643729074,0.0006008414399197316
153,1.6989323086185506,0.016082705242855686,0.5299999999999999,0.02732342754707648,0.6796238187686281,0.9984285490381231,0.9984285490381231,0.006754521775183091,0.00038061315572189813
154,1.7160068621848585,0.013555849600660516,0.54,0.02326193093747932,0.6797410883345681,0.9986814754991586,0.9986814754991586,0.0069792959123059824,0.00017035285134271185
155,1.7332530178673953,0.01139423490882705,0.55,0.01974909204201451,0.6798633491622028,0.9988965114006157,0.9988965114006157,0.007196720756071406,-3.028383962154421e-05
156,1.7506725002961012,0.009550775701582427,0.56,0.016720280377256556,0.6799905630939523,0.9990788257528421,0.9990788257528421,0.007406954111320509,-0.0002216307510955567
157,1.7682670514337353,0.007983466470788975,0.5700000000000001,0.01411690071652211,0.6801226921796757,0.9992329703173035,0.9992329703173035,0.007610150931888205,-0.0004040114756648596
158,1.7860384307500734,0.0066550013814944894,0.58,0.011886088224043988,0.6802596986769383,0.9993629386074645,0.9993629386074645,0.007806463365063729,-0.0005777396638745022
159,1.8039884153978571,0.005532393311449133,0.5900000000000001,0.009980373443278826,0.6804015450512406,0.9994722216709746,0.9994722216709746,0.007996040795498042,-0.0007431192969333469
160,1.822118800390509,0.004586598587005779,0.6000000000000001,0.008357327515227775,0.6805481939762208,0.9995638604045373,0.9995638604045373,0.008179029888704984,-0.0009004449666529484
161,1.8404313987816376,0.003792152588320573,0.6100000000000001,0.00697919669251624,0.6806996083338239,0.9996404942502378,0.9996404942502378,0.008355574633821193,-0.0010500021430463365
162,1.8589280418463423,0.003126820290953365,0.6200000000000001,0.005812533920667349,0.6808557512144398,0.9997044062064252,0.9997044062064252,0.00852581638590474,-0.0011920674320115318
163,1.8776105792643434,0.0025712648100697953,0.6300000000000001,0.00482783400947717,0.6810165859170118,0.9997575641577838,0.9997575641577838,0.008689893907723562,-0.0013269088304080545
164,1.8964808793049517,0.0021087361235414457,0.6400000000000001,0.003999177737795996,0.6811820759491163,0.9998016585886034,0.9998016585886034,0.008847943410944872,-0.0014547859725925717
165,1.9155408290138962,0.0017247813733156272,0.65,0.003303889141708743,0.6813521850270123,0.9998381367912053,0.9998381367912053,0.009000098596841194,-0.001575950369097215
166,1.9347923344020317,0.0014069774790145357,0.66,0.002722209241073619,0.6815268770756643,0.9998682337189819,0.9998682337189819,0.009146490696467982,-0.0016906456414736185
167,1.9542373206359394,0.0011446862395538449,0.6699999999999999,0.002236988569754535,0.6817061162287364,0.9998929996615402,0.9998929996615402,0.009287248510211305,-0.001799107750952705
168,1.9738777322304475,0.0009288316412220568,0.6799999999999999,0.001833400093599278,0.6818898668285578,0.999913324939113,0.999913324939113,0.009422498446940682,-0.0019015652149695081
169,1.9937155332430823,0.0007516987262007444,0.69,0.0014986734267454628,0.6820780934260643,0.9999299618257869,0.9999299618257869,0.009552364562616692,-0.00199823932767951
170,2.0137527074704766,0.0006067530949930662,0.7000000000000001,0.0012218506878083782,0.6822707607807116,0.9999435439172573,0.9999435439172573,0.009676968598348523,-0.0020893443650629477
171,2.0339912586467506,0.0004884799101454744,0.71,0.0009935638672604451,0.6824678338603649,0.9999546031597872,0.9999546031597872,0.009796430017912625,-0.0021750877935628955
172,2.0544332106438876,0.00039224112739071477,0.72,0.0008058331986918843,0.6826692778411592,0.9999635847537665,0.9999635847537665,0.009910866044883584,-0.002255670460582246
173,2.0750806076741224,0.00031414959440743365,0.7299999999999999,0.0006518857312635565,0.682875058107342,0.9999708601386175,0.9999708601386175,0.010020391699157668,-0.002331286797526055
174,2.0959355144943643,0.0002509586177496634,0.7399999999999999,0.0005259930796099353,0.6830851402510836,0.9999767382565757,0.9999767382565757,0.010125119832986694,-0.002402124997140294
175,2.117000016612675,0.0001999655966649486,0.75,0.00042332717146165963,0.6832994900722713,0.9999814752817593,0.9999814752817593,0.010225161166626157,-0.002468367203504848
176,2.1382762204968184,0.0001589283507907253,0.7599999999999999,0.0003398327132585846,0.6835180735782759,0.9999852829885707,0.9999852829885707,0.01032062432333268,-0.00253018968602348
177,2.159766253784915,0.00012599282013859393,0.77,0.0002721150411545276,0.6837408569836966,0.9999883359203395,0.9999883359203395,0.010411615864001654,-0.0025877630125202902
178,2.181472265498201,9.963088427902054e-05,0.78,0.00021734201084174404,0.6839678067100847,0.9999907775056478,0.9999907775056478,0.010498240321309108,-0.0026412522171357826
179,2.203396426255937,7.858712796011188e-05,0.7900000000000001,0.00017315859689702852,0.684198889385646,0.9999927252563506,0.9999927252563506,0.010580600233310613,-0.0026908169651821386
180,2.225540928492468,6.183346810352571e-05,0.8000000000000002,0.00013761291401503,0.6844340718449191,0.9999942751681627,0.9999942751681627,0.01065879617663647,-0.0027366117088649913
181,2.2479079866764717,4.8530648543690375e-05,0.8100000000000002,0.00010909243245995048,0.6846733211284373,0.9999955054320664,0.9999955054320664,0.010732926799224109,-0.002778785844698291
182,2.270499837532406,3.7995701049195906e-05,0.8200000000000002,8.626923305912918e-05,0.6849166044823669,0.9999964795528457,0.9999964795528457,0.010803088852536029,-0.0028174838619236748
183,2.293318740264183,2.9674561754273724e-05,0.8300000000000001,6.805322858020272e-05,0.6851638893581279,0.9999972489598803,0.9999972489598803,0.010869377223375791,-0.0028528454890018283
184,2.316366976781092,2.311911936603959e-05,0.8400000000000001,5.355236463175433e-05,0.6854151434119943,0.9999978551850102,0.9999978551850102,0.010931884965219279,-0.0028850058358318555
185,2.339646851925991,1.796805411363796e-05,0.8500000000000001,4.2038901242208906e-05,0.685670334504676,0.9999983316728274,0.9999983316728274,0.010990703329101426,-0.0029140955314397384
186,2.363160693705795,1.3930903497342484e-05,0.8600000000000001,3.292096357272835e-05,0.685929430700882,0.9999987052801882,0.9999987052801882,0.011045921794077155,-0.0029402408581191935
187,2.386910853524277,1.0774861949198013e-05,0.8700000000000001,2.5718634931766486e-05,0.6861924002688662,0.9999989975140277,0.9999989975140277,0.011097628097243838,-0.002963563881934319
188,2.41089970641721,8.313886281057031e-06,0.8800000000000001,2.004394599418647e-05,0.6864592116799557,0.9999992255496867,0.9999992255496867,0.011145908263313969,-0.002984182579804662
189,2.435129651289875,6.399737240139182e-06,0.8900000000000001,1.5584189913926953e-05,0.6867298336080617,0.9999994030658712,0.9999994030658712,0.011190846633762163,-0.0030022109624014957
190,2.45960311115695,4.9146397560536e-06,0.9,1.2088063234205068e-05,0.687004234929174,0.9999995409270045,0.9999995409270045,0.011232525895544255,-0.0030177591943627764
191,2.484322533384817,3.7652908105877008e-06,0.9100000000000001,9.354196805489808e-06,0.6872823847208384,0.9999996477390478,0.9999996477390478,0.011271027109422713,-0.0030309337098014194
192,2.5092903899362975,2.877984645054645e-06,0.9199999999999999,7.2216992122198465e-06,0.6875642522616205,0.9999997303008005,0.9999997303008005,0.011306429737851873,-0.0030418373268852805
193,2.5345091776178545,2.1946606485156583e-06,0.9299999999999999,5.562387555419689e-06,0.687849807030552,0.9999997939691682,0.9999997939691682,0.011338811672450847,-0.003050569356469523
194,2.5599814183292713,1.6697101842633434e-06,0.94,4.274427045709303e-06,0.6881390187065627,0.9999998429538741,0.9999998429538741,0.011368249261084692,-0.003057225709986685
195,2.585709659315846,1.2674052635180401e-06,0.95,3.2771420321463414e-06,0.6884318571678982,0.9999998805545054,0.9999998805545054,0.011394817334535966,-0.0030618990024494828
196,2.611696473423118,9.598348122371847e-07,0.9600000000000001,2.5067971941885958e-06,0.6887282924915237,0.9999999093505931,0.9999999093505931,0.01141858923277795,-0.0030646786542354696
197,2.6379444593541526,7.252537317475799e-07,0.97,1.913179063289451e-06,0.6890282949525125,0.9999999313535705,0.9999999313535705,0.01143963683084206,-0.003065650988503979
198,2.664456241929417,5.467664354919527e-07,0.9799999999999999,1.4568352419240312e-06,0.6893318350234225,0.9999999481278908,0.9999999481278908,0.011458030564352456,-0.0030648993260337506
199,2.691234472349262,4.1128043256683693e-07,0.9899999999999999,1.1068520779265876e-06,0.6896388833736606,0.9999999608872792,0.9999999608872792,0.011473839454594457,-0.003062504079742926
200,2.718281828459045,3.092904321183942e-07,1.0,8.407385613436768e-07,0.6899494108688307,0.9999999705628978,0.9999999705628978,0.011423668139151497,0.0005059779966782765
