moneyness,3,10,17,24,52,87,143,241,325
-0.7786529185534968,,,,,,,,100.88,
-0.716647859168319,,,,,,,108.6,,
-0.7165919975145119,,,,,,,108.6,,
-0.7165706106751908,,,,,,,108.6,,
-0.7163585759427753,,,,,,,108.59000000000002,,
-0.7162897724058822,,,,,,,108.57,,
-0.7162608428258859,,,,,,,108.54,,
-0.716222747407207,,,,,,,108.48,,
-0.7162089560551342,,,,,,,108.53000000000002,,
-0.7161831314153699,,,,,,,108.55,,
-0.7161662144839671,,,,,,,108.54,,
-0.716123711866987,,,,,,,108.535,,
-0.7159462620037116,,,,,,,108.34,,
-0.7159296194326865,,,,,,,108.34,,
-0.7159163039716854,,,,,,,108.34,,
-0.7158097858058355,,,,,,,108.41000000000001,,
-0.715801103402216,,,,,,,108.38000000000001,,
-0.715424321900624,,,,,,,108.27,,
-0.7151745730644866,,,,,,,108.18999999999998,,
-0.7122168618615756,,,,,,,107.01,,
-0.711080305048637,,,,,,,109.65,,
-0.7110570868125371,,,,,,,109.61,,
-0.7110249403537416,,,,,,,109.59,,
-0.7037222484962978,,,,,,,111.65,,
-0.6805431618134075,,,,,134.77,,,,
-0.6793514633953865,,,,,134.22,,,,
-0.6792481005250708,,,,,134.17,,,,
-0.6784228714229235,,,,,,,105.84,,
-0.6428777411588582,,,,,,,,90.8,
-0.6428678568214382,,,,,,,,90.80999999999999,
-0.64281804418948,,,,,,,,90.84,
-0.6427493297084299,,,,,,,,90.80000000000001,
-0.6424706919818868,,,,,122.01999999999998,,,,
-0.6421028106203128,,,,,121.84,,,,
-0.6414600535407702,,,,,,,,90.53999999999999,
-0.6414511190310574,,,,,,,,90.55,
-0.6414405127400669,,,,,,,,90.57,
-0.6414371057376875,,,,,121.67000000000002,,,,
-0.6414313843993609,,,,,121.68,,,,
-0.6414065683917461,,,,,121.67000000000002,,,,
-0.6414048967237138,,,,,,,,90.53999999999999,
-0.6413581480021677,,,,,,,,90.53999999999999,
-0.6413189777232184,,,,,121.63,,,,
-0.6412830158628238,,,,,121.59,,,,
-0.6411069625069827,,,,,121.53,,,,
-0.6410318539358614,,,,,,,,90.55,
-0.6410272794139555,,,,,,,,90.53999999999999,
-0.6410163902941601,,,,,,,,90.81999999999996,
-0.6409829456128655,,,,,121.5,,,,
-0.6409311230489544,,,,,121.52000000000001,,,,
-0.6408864430861573,,,,,,,,90.7,
-0.6408545220186705,,,,,121.49000000000001,,,,
-0.6407214241946456,,,,,,,,90.67,
-0.6407170999259159,,,,,,,,90.68,
-0.6406733996087293,,,,,,,,90.66,
-0.6406380184492848,,,,,,,,90.66,
-0.640623231192466,,,,,,,,90.65,
-0.640605601125767,,,,,121.19,,,,
-0.6405414595885925,,,,,121.14999999999999,,,,
-0.640515357183941,,,,,121.16,,,,
-0.6404773597807775,,,,,121.14,,,,
-0.6402138065433236,,,,,121.04999999999998,,,,
-0.6396104188627907,,,,,120.99000000000001,,,,
-0.6395743084241936,,,,,120.75,,,,
-0.6393605501915447,,,,,120.69,,,,
-0.6392758607193596,,,,,120.67,,,,
-0.6392290107497127,,,,,120.63,,,,
-0.6392034333401284,,,,,120.64,,,,
-0.6391563041378308,,,,,120.63,,,,
-0.6391048645777093,,,,,120.61,,,,
-0.6390925559771957,,,,,120.61,,,,
-0.6390463098170199,,,,,120.59,,,,
-0.6390045478207065,,,,,120.58,,,,
-0.6389158448240844,,,,,,,,90.16,
-0.6388866369458331,,,,,120.52,,,,
-0.6388503813107962,,,,,,,103.02,,
-0.6388370770579018,,,,,,,,90.23999999999998,
-0.6387970279497054,,,,,,,,90.19,
-0.638727997406067,,,,,,,,90.13,
-0.638693406967617,,,,,,,,90.16999999999999,
-0.638593644994513,,,,,,,,90.11,
-0.6385388438809506,,,,,,,,90.10333333333331,
-0.6385355774972492,,,,,,,,90.16,
-0.6384236355237931,,,,,,,,90.08,
-0.6384026509424854,,,,,120.74,,,,
-0.6383793754739491,,,,,120.74,,,,
-0.6383477918872369,,,,,,,,90.16,
-0.6383018779547346,,,,,,,,90.15,
-0.6382874211557006,,,,,,,,90.12,
-0.6381727070416476,,,,,120.73,,,,
-0.6380558895998074,,,,,120.61,,,,
-0.6380354518937352,,,,,120.63,,,,
-0.6375752552330962,,,,,,,,90.01,
-0.6375243493018357,,,,,,,,89.94,
-0.6375041143283025,,,,,,,,89.94,
-0.6374010648805526,,,,,,,,89.94,
-0.6373107169968166,,,,,120.41,,,,
-0.637265394592679,,,,,,,,89.89,
-0.6371447647246655,,,,,120.35,,,,
-0.637046187505932,,,,,120.29,,,,
-0.637042894089298,,,,,120.3,,,,
-0.6369718734883282,,,,,120.26,,,,
-0.6367907704176252,,,,,,,,89.74,
-0.6361595549503676,,,,,,,,89.43,
-0.6349207102544566,,,,,,,,89.19,
-0.6349153122176868,,,,,,,,89.19,
-0.6341429505932006,,,,,,,,,84.92
-0.6333182443790895,,,,,,,,,84.88
-0.6329047986317627,,,,,,,,,83.94
-0.6329008905824394,,,,,,,,,83.95
-0.6328095667795471,,,,,,,,,83.92
-0.6321857344340542,,,,,,,101.07,,
-0.6319726010962063,,,,,,,101.01,,
-0.6319358920659365,,,,,131.03,,,,
-0.6318978884742628,,,,,131.02,,,,
-0.6318922651730328,,,,,131.02,,,,
-0.631883457247497,,,,,131.02,,,,
-0.631872954939225,,,,,131.01,,,,
-0.6318539137426358,,,,,131.1,,,,
-0.6318483568655864,,,,,,,,89.73,
-0.6318312108095829,,,,,131.01,,,,
-0.6318142664976203,,,,,,,100.96,,
-0.6318074205532462,,,,,131.0,,,,
-0.6318052514880591,,,,,130.99,,,,
-0.6318001676413837,,,,,,,,89.72,
-0.6317876268859838,,,,,131.0,,,,
-0.6317770513148137,,,,,130.98,,,,
-0.6301538522989821,,,,,,,,,84.29
-0.6299264423293096,,,,,130.32,,,,
-0.6284133025065008,,,,,,,102.58,,
-0.6279647027791408,,,,,,,101.6,,
-0.6279041384315676,,,,,129.73,,,,
-0.6278882846208089,,,,,129.69,,,,
-0.6278062247547941,,,,,,,101.61000000000001,,
-0.5977198026998487,,,,,128.99,,,,
-0.5907653599246562,,,,,129.61,,,,
-0.5907353648361686,,,,,129.6,,,,
-0.5907253147368838,,,,,129.6,,,,
-0.5907199087975128,,,,,129.59,,,,
-0.590651598924158,,,,,129.57,,,,
-0.5906435251249049,,,,,129.57,,,,
-0.5905071364368797,,,,,129.53,,,,
-0.5903838512929533,,,,,129.49,,,,
-0.59015767379457,,,,,129.46,,,,
-0.590133698387586,,,,,130.05,,,,
-0.5624524394917302,,,,,121.18999999999998,,,,
-0.5623608444247506,,,,,121.15000000000002,,,,
-0.5623206996595402,,,,,121.15000000000002,,,,
-0.5604172592638857,,,,,123.61,,,,
-0.5574938145932271,,,,,,,92.13000000000001,,
-0.5574219236951139,,,,,,,91.04,,
-0.5574215156210842,,,,,,,92.13,,
-0.556885882605777,,,,,122.66,,,,
-0.5337659268249209,,,,,,,91.57,,
-0.5333213073824081,,,,,,,91.47,,
-0.5332323319910173,,,,,,,91.47,,
-0.5332241197459662,,,,,,,91.45,,
-0.5332187564911767,,,,,,,91.47,,
-0.5332104599636407,,,,,,,91.45999999999998,,
-0.5331939498345083,,,,,,,91.45999999999998,,
-0.5331932793477345,,,,,,,91.45999999999998,,
-0.5330259326864066,,,,,,,91.41,,
-0.5329005117613854,,,,,,,91.39,,
-0.5208167347014753,,,,,,,88.6,,
-0.5205399752561746,,,,,,,88.55,,
-0.5186165781044603,,,,,,,93.13,,
-0.5135706310410786,,,,,,,91.68,,
-0.5134580315447614,,,,,,,91.68,,
-0.49764638360116853,,,,,114.68,,,,
-0.4948922785625789,,,,,111.95,,,,
-0.49481007565219115,,,,,111.95,,,,
-0.4947282106954489,,,,,111.92,,,,
-0.494649967495164,,,,,111.89000000000001,,,,
-0.4946017145636833,,,,,111.88,,,,
-0.4894651125984695,,,,,112.16000000000001,,,,
-0.4894581309171575,,,,,112.16000000000001,,,,
-0.4894354158594124,,,,,112.15,,,,
-0.4886150178792974,,,,,112.09,,,,
-0.48799073116935054,,,,,,,,81.17999999999999,
-0.48797106890245323,,,,,,,,81.29,
-0.48792621455672147,,,,,,,,81.17999999999999,
-0.48726982535311547,,,,,,,,81.19,
-0.48722362727018,,,,,,,,81.19,
-0.4872081321464644,,,,,,,,81.17999999999999,
-0.48714886639751753,,,,,,,,81.11,
-0.4871337425151291,,,,,,,,81.17999999999999,
-0.4867900679948173,,,,,,,,81.66999999999997,
-0.4867689963749394,,,,,,,,81.66,
-0.4867355039899899,,,,,,,,81.65,
-0.48673079965324995,,,,,,,,81.65,
-0.48643152077898066,,,,,,,,81.09,
-0.4854817654737683,,,,,114.43999999999998,,,,
-0.4852084767778463,,,,,114.37,,,,
-0.48119412066943,,,,,114.83,,,,
-0.48115201300974264,,,,,114.83,,,,
-0.480872852968916,,,,,114.75000000000001,,,,
-0.48071958171220475,,,,,114.74,,,,
-0.48039859366167936,,,,,114.7,,,,
-0.4803954116687973,,,,,114.65,,,,
-0.48037641532473885,,,,,114.68,,,,
-0.48023307833815665,,,,,114.65,,,,
-0.48017662855556864,,,,,114.64,,,,
-0.47431611812492314,,,,,111.74,,,,
-0.4742516629607668,,,,,111.76000000000002,,,,
-0.4720471863106763,,,,127.09,,,,,
-0.4714506723411722,,,,126.95,,,,,
-0.46623889865869395,,,,125.7,,,,,
-0.4661520847294939,,,,125.68,,,,,
-0.4649013643766645,,,,,,97.05,,,
-0.46489630582246333,,,,,,97.05,,,
-0.4648877156056579,,,,,,97.05,,,
-0.46488437489130463,,,,,,97.05,,,
-0.46486318424600026,,,,,,97.02,,,
-0.4648613705542466,,,,,,97.03,,,
-0.46473734215327245,,,,,,97.01,,,
-0.46463303360516295,,,,,,98.01000000000002,,,
-0.46461860678770805,,,,124.95,,,,,
-0.46422706628422006,,,,129.26,,,,,
-0.46354569473067764,,,,119.1,,,,,
-0.46354137794761663,,,,,,96.42,,,
-0.46350837624372176,,,,,,96.37,,,
-0.4627378235795774,,,,,,96.19,,,
-0.4623339866572802,,,,118.18,,,,,
-0.46228686171434064,,,,,,97.39,,,
-0.462204927529425,,,,,,97.12,,,
-0.4621541157939161,,,,,,97.11,,,
-0.46203210915153325,,,,,,97.37000000000002,,,
-0.46201657706253885,,,,123.44000000000001,,,,,
-0.46199766722188507,,,,123.43,,,,,
-0.4618969209741818,,,,,,97.2,,,
-0.4618096542736978,,,,,,96.04,,,
-0.4617262224735762,,,,,,95.37,,,
-0.46172602931440043,,,,123.42,,,,,
-0.46171521217930345,,,,124.62,,,,,
-0.46163300706499,,,,123.39,,,,,
-0.45948088544237886,,,138.29,,,,,,
-0.45941562829418603,,,138.27,,,,,,
-0.4592881853387073,,,,,,96.44,,,
-0.4592037749018635,,,,126.91,,,,,
-0.45918856652521445,,,,126.90999999999998,,,,,
-0.45918573923270356,,,,,,96.44,,,
-0.4591306498761589,,,,126.88,,,,,
-0.4590989562232558,,,,126.85,,,,,
-0.4590988586985919,,,,126.88,,,,,
-0.4590914467212287,,,,126.86,,,,,
-0.45898804796395565,,,,,,96.41,,,
-0.4589360410097624,,,,126.84,,,,,
-0.4588683096507049,,,,123.57,,,,,
-0.45876316558599706,,,,126.76000000000002,,,,,
-0.4587490065789058,,,,126.76000000000002,,,,,
-0.45863385169743554,,,,126.72,,,,,
-0.45858783464911534,,,,126.70000000000002,,,,,
-0.4584938222267708,,,,126.67000000000002,,,,,
-0.4584555042672803,,,,126.66,,,,,
-0.45840417707583747,,,,,,96.20999999999998,,,
-0.45840046158723335,,,,,,96.2,,,
-0.4580375648616126,,,,,,96.23,,,
-0.45738333967893374,,,129.63,,,,,,
-0.45596607549522505,,,,,,90.78735099337749,,,
-0.4557171470869982,,,,,,90.69,,,
-0.45534540360539555,,,130.98,,,,,,
-0.4518771927196137,,,,130.62,,,,,
-0.45182871767022814,,,,130.6,,,,,
-0.45180447693010506,,,,130.6,,,,,
-0.451776727666252,,,,130.54,,,,,
-0.4517602971751583,,,,130.545,,,,,
-0.4517411604227295,,,,130.57,,,,,
-0.4517354491958878,,,,130.57,,,,,
-0.4516934630163585,,,,130.54,,,,,
-0.45169336280298744,,,,130.53,,,,,
-0.45169025617031233,,,,130.54,,,,,
-0.4514953698895824,,,,130.43,,,,,
-0.4513379763552272,,,,125.7,,,,,
-0.4511911347611144,,,,,,,,,78.3
-0.45118691805232825,,,,,,,,,78.37
-0.4509346008203038,,,,,,,,,78.33
-0.4508323825106223,,,,,,97.24000000000001,,,
-0.45068335905661094,,,,130.12,,,,,
-0.4502918125912859,,,136.68,,,,,,
-0.45026179449576453,,,,,,,,,78.31
-0.45021091741838104,,,136.67,,,,,,
-0.45001961596703055,,,,,,,,,78.67
-0.44999450911184935,,,,,,,,,78.65
-0.4498206140111983,,,136.56,,,,,,
-0.44976339826125233,,,136.5,,,,,,
-0.4497354419715759,,,136.56,,,,,,
-0.44973261590694613,,,,125.65,,,,,
-0.4497278720903445,,,,,,,,,78.28
-0.44972221977654314,,,136.49,,,,,,
-0.4496184388096788,,,136.47,,,,,,
-0.44926520964270533,,,,,,,,,77.25
-0.44886758823354345,,,136.53,,,,,,
-0.4486345158101296,,,136.39,,,,,,
-0.4486058366174982,,,136.05,,,,,,
-0.4485533348185631,,,136.15,,,,,,
-0.4484855136447441,,,136.06,,,,,,
-0.44841098235797683,,,136.02,,,,,,
-0.4483693983291477,,,136.01,,,,,,
-0.44693742520980895,,,135.7,,,,,,
-0.44671281942421615,,167.65,,,,,,,
-0.44659279172353694,,,,131.89,,,,,
-0.4465811536163431,,,,131.88,,,,,
-0.44657094434735867,,,,131.89,,,,,
-0.44624834174451344,,,,131.5,,,,,
-0.44620571537853504,,,,131.52,,,,,
-0.4462009105564628,,,,131.51,,,,,
-0.4461999904746399,,,,127.97,,,,,
-0.44617790759367626,,,,131.51,,,,,
-0.446176169514398,,,,131.49,,,,,
-0.446161548768614,,,,131.48,,,,,
-0.44615612969472684,,,,131.49,,,,,
-0.4461335320360058,,,,131.49,,,,,
-0.44612371528395767,,,,131.48999999999998,,,,,
-0.44612167008348047,,,,131.46,,,,,
-0.44590376973829293,,,,131.38,,,,,
-0.445477499325331,,,,131.24,,,,,
-0.4453588833077613,,,,131.2,,,,,
-0.44523077844847325,,,,,,95.94999999999999,,,
-0.44301970949022007,,151.21,,,,,,,
-0.4429545541900308,,,134.16,,,,,,
-0.44226390287360506,,,133.92,,,,,,
-0.4406490410207483,,,,126.86000000000001,,,,,
-0.43315196558098734,,,,,102.41,,,,
-0.43305947152992974,,,,,104.05,,,,
-0.43175401199425223,,,,,105.04,,,,
-0.431704865867253,,,,,105.04,,,,
-0.4316317869159151,,,,,105.01999999999998,,,,
-0.43156222333067584,,,,,104.98,,,,
-0.43151405394967157,,,,,104.99,,,,
-0.4314676945730749,,,,,104.97,,,,
-0.4296569136810692,,,,,103.0,,,,
-0.4296400386989233,,,,,103.0,,,,
-0.42959479662113353,,,,,102.99,,,,
-0.42959164465841104,,,,,102.99,,,,
-0.4294895428998904,,,,,,,84.03999999999999,,
-0.4285316298813667,,,,,,,84.33,,
-0.42836410848291584,,,,,,,84.28,,
-0.42826156675984217,,,,,104.06,,,,
-0.427447897311349,,,,,,,82.85,,
-0.42554920189037393,,,,,103.47000000000001,,,,
-0.42550238021545095,,,,,103.46,,,,
-0.4254881465637189,,,,,103.47000000000001,,,,
-0.425461224467811,,,,,103.45,,,,
-0.4254183089378516,,,,,103.43,,,,
-0.42536228214496463,,,,,103.41000000000001,,,,
-0.42524771823344143,,,,,103.38000000000001,,,,
-0.42514735988146546,,,,,103.38000000000001,,,,
-0.4248907292385553,,,,,103.25,,,,
-0.42462424816819244,,,,,103.19,,,,
-0.4237220496189722,,,,,,,84.6875,,
-0.42251109500558726,,,,,103.96,,,,
-0.4221324360494735,,,,,103.95,,,,
-0.4219918378022396,,,,,103.78,,,,
-0.4213534326218512,,,,,103.64,,,,
-0.42126500257446653,,,,,103.64,,,,
-0.420333960097239,,,,,103.32,,,,
-0.41757948947930157,,,,,,,,77.86,
-0.417253980565056,,,,,103.71000000000001,,,,
-0.4171762883272614,,,,,103.69,,,,
-0.4166031462956943,,,,,103.56,,,,
-0.4161538551360945,,,,,103.52,,,,
-0.4149793085494192,,,,,103.15,,,,
-0.41388409667908554,,,,,102.73,,,,
-0.4134313587294337,,,,,,,,78.84,
-0.4132545431975757,,,,,105.21,,,,
-0.4116834879226893,,,,,103.35,,,,
-0.41108474692931307,,,,,,,,78.72,
-0.4102757605830162,,,,,105.03333333333333,,,,
-0.4102072844929672,,,,,105.18,,,,
-0.40999175279096944,,,,,,,80.86,,
-0.4097045312924851,,,,,105.03,,,,
-0.40928424263871255,,,,,103.88,,,,
-0.4085043033160358,,,,,,,,78.74999999999999,
-0.40840041826090423,,,,,,,,78.74000000000001,
-0.40825185392844954,,,,,,,,77.05,
-0.4080957701043971,,,,,104.6,,,,
-0.4080677407277511,,,,,104.6,,,,
-0.40784351968929544,,,,,,,,77.1,
-0.4078189732210188,,,,,104.49,,,,
-0.40714578303721805,,,,,104.5,,,,
-0.4070204333346429,,,,,104.47,,,,
-0.40694273605856734,,,,,105.36000000000001,,,,
-0.40689931782300914,,,,,104.44,,,,
-0.4068251073878264,,,,,104.42,,,,
-0.4068003664490736,,,,,104.36,,,,
-0.40660610587482204,,,,,104.37,,,,
-0.40635401558840145,,,,,104.21,,,,
-0.4061464583873833,,,,,105.2,,,,
-0.4060116447704616,,,,,104.18,,,,
-0.4059938928747111,,,,,104.12,,,,
-0.4055849749714123,,,,,104.09,,,,
-0.40545244697193217,,,,,105.1,,,,
-0.40498403962657537,,,,,105.01,,,,
-0.4044942816563396,,,,,103.81,,,,
-0.4044622526773609,,,,,,,84.16,,
-0.4042947370929285,,,,,,,84.12,,
-0.4041404418633795,,,,,104.7,,,,
-0.40407242009914746,,,,,,,84.09,,
-0.40389502442353853,,,,,,,84.03,,
-0.4035132324997306,,,,,,,83.98,,
-0.4032315756141027,,,,,104.41,,,,
-0.4022913534533271,,,,,104.24,,,,
-0.4004214287882405,,,,,103.7,,,,
-0.3988258693494563,,,,,,,83.84,,
-0.39866804973015224,,,,,,,,79.46,
-0.38483268064080745,,,,110.83,,,,,
-0.3847997013290436,,,,110.79,,,,,
-0.38458941564127536,,,,110.77,,,,,
-0.38456030614432135,,,,110.74,,,,,
-0.3844806467525639,,,,110.73,,,,,
-0.384328197399156,,,,110.67,,,,,
-0.38429397253704833,,,,110.62,,,,,
-0.3842828161426268,,,,110.66,,,,,
-0.3842557358337476,,,,110.67,,,,,
-0.38299147241328424,,,,110.24000000000001,,,,,
-0.3827586140003397,,,,110.24000000000001,,,,,
-0.3827369514118746,,,,110.24000000000001,,,,,
-0.382735427353427,,,,110.24000000000001,,,,,
-0.38265191922053277,,,,110.22,,,,,
-0.3826307936351704,,,,110.19,,,,,
-0.38262578426369565,,,,110.2,,,,,
-0.3826240418545621,,,,110.2,,,,,
-0.3825813497583158,,,,110.19999999999999,,,,,
-0.38256762604484995,,,,110.18,,,,,
-0.38244920644723024,,,,110.14,,,,,
-0.3824074709638873,,,,110.14,,,,,
-0.3823763018845816,,,,110.12,,,,,
-0.3823722692913375,,,,110.13,,,,,
-0.3822780878153471,,,,110.12,,,,,
-0.38150851839482025,,,,109.82,,,,,
-0.37900651688303855,,,,114.24,,,,,
-0.3785723213981341,,136.16,,,,,,,
-0.37819574078295104,,135.96,,,,,,,
-0.3781612726302659,,136.04,,,,,,,
-0.37813133084514794,,136.02,,,,,,,
-0.3780276724373851,,135.98,,,,,,,
-0.37776262284076956,,,121.12,,,,,,
-0.37698752106004685,,134.17,,,,,,,
-0.3767343479741997,,134.66,,,,,,,
-0.3764509763085221,,,,113.49,,,,,
-0.37642520247028266,,,,113.46,,,,,
-0.37623972354944546,,,123.81999999999998,,,,,,
-0.3762304967326062,,,123.80999999999999,,,,,,
-0.37616178727152594,,,123.8,,,,,,
-0.3761432175538326,,,123.8,,,,,,
-0.37612942854525144,,133.88,,,,,,,
-0.376066814330854,,,123.8,,,,,,
-0.37600496628733115,,,123.75,,,,,,
-0.375975817814892,,,,113.35000000000001,,,,,
-0.37597337010930265,,,123.74,,,,,,
-0.37592864047124164,,,,113.25,,,,,
-0.3759020444379142,,,,113.32000000000001,,,,,
-0.3758370471029031,,,,113.31,,,,,
-0.37580409807794035,,,,113.16,,,,,
-0.37579986788358344,,,,113.25,,,,,
-0.3757739288592732,,,,113.28,,,,,
-0.3757658015969694,,,,113.3,,,,,
-0.3757650222593275,,,,113.34,,,,,
-0.3756488792005451,,,,113.2,,,,,
-0.37553915503310975,,,,113.26,,,,,
-0.3755182083724452,,,,113.24,,,,,
-0.37545781172908077,,,,113.24,,,,,
-0.3753822437590424,,,,113.21,,,,,
-0.37537143091697267,,,,113.19,,,,,
-0.3753639620342647,,,120.34,,,,,,
-0.3749872765267007,,,119.42,,,,,,
-0.3749315773315901,,142.51,,,,,,,
-0.3748229409257693,,,119.76,,,,,,
-0.37477257352361915,,,119.71999999999998,,,,,,
-0.37469762163560516,,,119.7,,,,,,
-0.374658518884062,,,119.65,,,,,,
-0.3743857808970307,,,,112.95000000000002,,,,,
-0.37283549851424735,,,,109.33,,,,,
-0.37278660874321123,,,122.83000000000001,,,,,,
-0.37272579496700275,,,122.83000000000001,,,,,,
-0.3726879068567004,,,119.42,,,,,,
-0.372588499081111,,133.34,,,,,,,
-0.3723526732396286,,,,111.75,,,,,
-0.3720885089685495,,,,109.04,,,,,
-0.3720137008668005,,,125.32,,,,,,
-0.3719965736133056,,,125.32,,,,,,
-0.3719730221142653,,,,109.01,,,,,
-0.3719537513920196,,,125.28,,,,,,
-0.37195273711072063,,,125.30000000000001,,,,,,
-0.3719349303054137,,,125.30000000000001,,,,,,
-0.37192794254899275,,,125.28,111.7,,,,,
-0.3717926650152591,,,125.26,,,,,,
-0.37173323721450213,,,125.25,,,,,,
-0.37165890844944627,,,122.36,,,,,,
-0.3716406337381224,,,122.39,,,,,,
-0.3716028400678957,,,122.37000000000002,,,,,,
-0.371573166030549,,,121.3,,,,,,
-0.37156199522961686,,,121.28,,,,,,
-0.37148175689884066,,,121.28,,,,,,
-0.37144157360859165,,,121.29,,,,,,
-0.3713834341933646,,,121.29999999999998,,,,,,
-0.37134752914432856,,,121.26,,,,,,
-0.3712316565818212,,,121.21,,,,,,
-0.37123154362476396,,,121.21,,,,,,
-0.37121990883047973,,,125.02,,,,,,
-0.3712091773278151,,,125.01,,,,,,
-0.3712007048301128,,,121.22,,,,,,
-0.37107189474834246,,,121.18000000000002,,,,,,
-0.37107019952708065,,,121.19,,,,,,
-0.3709702783456519,,,124.93000000000002,,,,,,
-0.3709555813763312,,,121.18000000000002,,,,,,
-0.3707766755183407,,,121.14,,,,,,
-0.3707670601230276,,,121.06999999999998,,,,,,
-0.3707044963163738,,,121.05,,,,,,
-0.3706943129645063,,,121.05,,,,,,
-0.37063411130749324,,,121.04,,,,,,
-0.37058204795697225,,,121.02,,,,,,
-0.37047347948660847,,,121.03000000000002,,,,,,
-0.37045830635297505,,,120.92,,,,,,
-0.3704049681164082,,,120.96,,,,,,
-0.3703991920962433,,,120.96,,,,,,
-0.3703264731302115,,,120.96,,,,,,
-0.37014777592881154,,,120.88000000000001,,,,,,
-0.3697715800114594,,,120.76999999999998,,,,,,
-0.3695923405829613,,,120.73,,,,,,
-0.3695262494143349,,,120.7,,,,,,
-0.3694008425165086,,,124.32186046511627,,,,,,
-0.369226848733029,,,112.5,,,,,,
-0.36922605298248845,,,120.64,,,,,,
-0.3691869450534794,,,120.61,,,,,,
-0.36916750297031986,,,120.63,,,,,,
-0.3691611357118242,,,120.59,,,,,,
-0.3691536312778676,,,120.59,,,,,,
-0.36908619706610657,,,124.37,,,,,,
-0.36908505977198014,,,120.62,,,,,,
-0.36906618009050474,,,120.56,,,,,,
-0.369039337152388,,,120.57,,,,,,
-0.36902420855805085,,,122.3,,,,,,
-0.3689459377787907,,129.99,,,,,,,
-0.3689363801325306,,,124.26,,,,,,
-0.36872057336044106,,,120.47,,,,,,
-0.3686336854132555,,,124.11000000000001,,,,,,
-0.36861523430418064,,,120.38,,,,,,
-0.3686107922094509,,,120.38,,,,,,
-0.36857764537552584,,,120.4,,,,,,
-0.36856636782416263,,,124.14000000000001,,,,,,
-0.3685598745057853,,,120.4,,,,,,
-0.3685295705874786,,,123.91,,,,,,
-0.3685271780489944,,,124.11999999999999,,,,,,
-0.3685168101727251,,129.63,,,,,,,
-0.368496984933962,,129.62,,,,,,,
-0.3684914017397881,,,120.35,,,,,,
-0.3684903762444123,,,120.34,,,,,,
-0.3684893507457059,,,120.39,,,,,,
-0.3683850743257375,,,120.29,,,,,,
-0.3683818828102964,,,120.29,,,,,,
-0.3683647848569247,,,120.29,,,,,,
-0.3683593133163392,,,120.36000000000001,,,,,,
-0.36835452564056526,,,120.22,,,,,,
-0.36829786596580216,,129.52,,,,,,,
-0.36827802697705514,,,124.08000000000001,,,,,,
-0.36822146761792063,,,120.25,,,,,,
-0.36817425104278323,,,123.94,,,,,,
-0.36810261435808067,,,120.20000000000002,,,,,,
-0.3680066550704917,,129.4,,,,,,,
-0.3677027248941399,,129.27,,,,,,,
-0.3668133488771611,,143.97,,,,,,,
-0.3667967386775568,,129.03,,,,,,,
-0.36655172295216576,,143.90999999999997,,,,,,,
-0.36536982710679544,,136.63,,,,,,,
-0.36533139040116314,,136.51,,,,,,,
-0.3645677917205725,,142.8,,,,,,,
-0.36390117992797244,,,,,95.01,,,,
-0.36322801913154135,,,123.79,,,,,,
-0.3630525723667819,,,123.75,,,,,,
-0.3623512114871519,,,123.41999999999999,,,,,,
-0.3603369817884283,,145.82,,,,,,,
-0.36033020120539383,,145.81,,,,,,,
-0.35969066106999714,,145.95,,,,,,,
-0.35935308898585594,,,,,96.86,,,,
-0.359294125184775,,146.0,,,,,,,
-0.3592191701119316,,146.0,,,,,,,
-0.3591771264683521,,,,,96.79,,,,
-0.35908634278919027,,145.85,,,,,,,
-0.35895369847211955,,,,,96.76000000000002,,,,
-0.35884226860840096,,,,,97.7,,,,
-0.3583718042905678,,,,,95.26,,,,
-0.3579377694941558,,,128.61,,,,,,
-0.3579206903636737,,,,,95.23999999999998,,,,
-0.3548218286715029,,,,,94.56,,,,
-0.35470953263639504,,,127.32,,,,,,
-0.3544982893282522,,153.35,,,,,,,
-0.35430549098610464,,148.3,,,,,,,
-0.3542693954873024,,148.27999999999997,,,,,,,
-0.3542374660720977,,148.24,,,,,,,
-0.3540492805031771,,148.11999999999998,,,,,,,
-0.3538929518766548,,,126.93999999999998,,,,,,
-0.3537398887989459,,144.57,,,,,,,
-0.3537074296316649,,144.57,,,,,,,
-0.35351547203714295,,144.52000000000004,,,,,,,
-0.35307633458965904,,,,114.18,,,,,
-0.35242531521160336,,,127.43,,,,,,
-0.3523161452225636,,,,113.93,,,,,
-0.3522255217592074,,143.42,,,,,,,
-0.35218211900488505,,143.85,,,,,,,
-0.35213331393435365,,143.44,,,,,,,
-0.35208390180257654,,143.37,,,,,,,
-0.352083062210948,,143.39,,,,,,,
-0.3520325627704569,,143.38,,,,,,,
-0.3516744627812518,,,,,95.82,,,,
-0.3514589741053782,,,,,95.82,,,,
-0.35131813082504737,,,,113.70000000000002,,,,,
-0.3512613461687478,,,,,95.78,,,,
-0.3512253371015127,,,,,95.77,,,,
-0.351197626104203,,,,,95.59,,,,
-0.35107821958936225,,,,,95.76,,,,
-0.35106617124174033,,,,,95.64,,,,
-0.3502733905189005,,,,,95.38999999999999,,,,
-0.35026424392235367,,,,,95.43,,,,
-0.35020466747987344,,,,,95.38,,,,
-0.3496625027105138,,142.33,,,,,,,
-0.34966008590804454,,142.34,,,,,,,
-0.349641596774817,,142.37,,,,,,,
-0.34951105533839555,,142.25,,,,,,,
-0.3488385419118212,,150.61,,,,,,,
-0.34859385608614346,,133.38,,,,,,,
-0.34833195608119416,,,,,95.86,,,,
-0.3479634196300643,,141.8,,,,,,,
-0.34789879016594116,216.1,,,,,,,,
-0.34767009502272284,,,,,95.65,,,,
-0.34475972526336907,,146.035,,,,,,,
-0.34367853958265615,,,,,95.46,,,,
-0.34317308702810634,,,,,95.41,,,,
-0.3418892604370879,,,,,94.92,,,,
-0.33944602641004873,,,,,97.02,,,,
-0.33823991670646414,,,,,96.62,,,,
-0.33744546578043866,,,,,96.05,,,,
-0.33663504811330713,,,,,94.38,,,,
-0.33644185746881694,,,,,95.77,,,,
-0.3351182944602241,,,,,96.41,,,,
-0.3344927947753248,,,,,96.05,,,,
-0.3343598982901924,,,,,96.97,,,,
-0.33358903768776127,,,,,95.02,,,,
-0.3330892934155165,,,,,95.72,,,,
-0.33299353059308545,,,,,96.63,,,,
-0.3328883451517105,,,,,96.61000000000001,,,,
-0.33281626593943636,,,,,95.66,,,,
-0.33279079340256124,,,,,96.56,,,,
-0.33271485886455865,,,,,96.18,,,,
-0.332653876113124,,,,,96.53,,,,
-0.33217750573492566,,,,,96.33,,,,
-0.33212311568276964,,,,,95.38,,,,
-0.33207156704730545,,,,,96.31,,,,
-0.3315047512371341,,,,,96.31,,,,
-0.3314577007716092,,,,,96.31,,,,
-0.3313743840982999,,,,,96.27,,,,
-0.33112679494911545,,,,,96.17,,,,
-0.33106813182566,,,,,95.41,,,,
-0.3310406610210215,,,,,96.14,,,,
-0.33103220801181843,,,,,96.14,,,,
-0.3288855846860639,,,,,95.61,,,,
-0.3231880475009189,,,,,93.57,,,,
-0.29202374481562265,,115.42,,,,,,,
-0.2916581591860161,,,,99.13,,,,,
-0.2913971540029595,,,,100.65,,,,,
-0.29113269021346655,,,,98.98,,,,,
-0.29046865255030396,,,,100.33000000000001,,,,,
-0.2897260651001575,,,,98.31,,,,,
-0.2895377146239959,,,,,,,,,72.4
-0.2895326670215451,,,,,,,,,72.4
-0.28952206682293624,,,,,,82.81,,,
-0.2895030109086155,,,,99.71,,,,,
-0.2894265245709202,,,,99.81000000000002,,,,,
-0.28930898624368706,,,,99.71,,,,,
-0.28928284730348586,,,,99.69000000000001,,,,,
-0.2892053030970747,,,,99.8,,,,,
-0.2891326689922692,,,,99.8,,,,,
-0.28908781791548455,,,,99.76,,,,,
-0.2886567064378702,,,,,,81.11,,,
-0.28851689389954815,,,,,,,77.16,,
-0.2884394356115072,,,,99.45,,,,,
-0.2883886735671617,,,,,88.16,,,,
-0.2882887739831115,,,,99.28,,,,,
-0.2880281940835143,,,,99.68,,,,,
-0.2876957634637075,,,,,88.08,,,,
-0.28763918639846753,,,,102.32,,,,,
-0.2873552774459526,,,,,,,,74.77,
-0.287060849534727,,,,,,,,75.07,
-0.28688583042145044,,,,97.48999999999998,,,,,
-0.2868375166256003,,,,,,80.52,,,
-0.2865147906375758,,120.73,,,,,,,
-0.2859849739107835,,124.19,,,,,,,
-0.28564501879378656,,,,,,,78.12,,
-0.2854698143150406,170.17,,,,,,,,
-0.2853344920443436,,124.47,,,,,,,
-0.28529567318000537,,,,99.01,,,,,
-0.2852245368835754,,,103.67,,,,,,
-0.28500989278187105,,,,99.68,,,,,
-0.2844725901126276,,,,,,,,74.71,
-0.2841734691065375,,,,,,,,74.62,
-0.284148104030461,,,,,,,,74.62,
-0.2841336271964794,,,,99.19,,,,,
-0.28377254191631673,,,,,,81.86,,,
-0.28375651087714227,,,,,,,,74.56,
-0.28373547706529956,,,,,,,,74.58,
-0.2833945314403483,,,,,86.11,,,,
-0.283111982209707,,,,97.17999999999999,,,,,
-0.28310491562413687,175.66,,,,,,,,
-0.28285544015105935,,,,,,,,74.74,
-0.2826936574697234,,,,98.63,,,,,
-0.2825498179470163,,,,,85.96999999999998,,,,
-0.2825189325316678,,,,,,,77.69000000000001,,
-0.28250953769040177,,,,,,,77.69,,
-0.282473629112054,,,,,,,77.68,,
-0.2823513327991636,,,,99.92,,,,,
-0.2822033629131345,,,,98.47000000000001,,,,,
-0.28214062793312855,,,,,,,78.47,,
-0.28210030171529565,,,,,,,78.47,,
-0.2820925709323948,,,,,,,78.47,,
-0.2820704084319394,,,,,87.71,,,,
-0.2815810676495596,,,,98.16,,,,,
-0.28150389855984637,,,,98.13,,,,,
-0.2805635058284248,,,,97.8,,,,,
-0.2805416370339753,,,,97.8,,,,,
-0.28037013442505976,,,,98.52,,,,,
-0.27958613664377907,,,,,,,77.63,,
-0.27958561764727075,,,,,,,77.61999999999999,,
-0.27954643125125855,,,,,88.24,,,,
-0.27948738409428775,,,,,88.87,,,,
-0.2792090183926036,,,106.62,,,,,,
-0.27917927352083083,,,,,88.88,,,,
-0.2786602267856181,168.93,,,,,,,,
-0.27836195379892814,,,,99.53,,,,,
-0.278329795345155,,,,99.49,,,,,
-0.2782016538565505,152.81,,,,,,,,
-0.2773834198154834,,,,,,81.44,,,
-0.276691790777314,,,,,88.84,,,,
-0.27635942214405296,,,104.23000000000002,,,,,,
-0.2763581130024698,,125.81,,,,,,,
-0.2760591119453323,,122.65000000000002,,,,,,,
-0.2750486986036713,,,,99.93000000000002,,,,,
-0.2747158699420499,,121.75,,,,,,,
-0.2738580737451587,,,,,,,77.99,,
-0.27365844260385463,,,,,,,77.09,,
-0.2736274464227605,,,,,88.75,,,,
-0.2732533051985463,,,,99.28,,,,,
-0.2723635868182115,,,104.64,,,,,,
-0.2723218898673734,,117.22,102.64,,,79.89,,,
-0.2721204858959697,164.52999999999997,,,,,,,,
-0.27139193285148044,,,,,87.94,,,,
-0.27091835488559435,,,,,,80.76,,,
-0.270048749794245,,,107.33,,,,,,
-0.2694819129200525,,,,,,,,74.02,
-0.2693580835847046,,,,,,,,74.02,
-0.2693335262292824,,,,,88.07,,,,
-0.26930429548603596,,,,,87.31,,,,
-0.2685109699581113,,,,,,,76.81,,
-0.26833943782129044,,,,,,,76.77,,
-0.268300624542002,,,,,,,,74.07,
-0.2682900505556697,,,,,,,,74.06,
-0.26803176302967513,,,,,,,,74.05,
-0.26793544435128924,,,,,,,,74.03,
-0.2678420486365205,,,,,,,,74.02,
-0.267712032150371,,,,,89.63,,,,
-0.2675804942769655,,121.82,,,,,,,
-0.2675627913841214,,,,,,,,,74.45
-0.2674137581161399,,,,,87.5,,,,
-0.2673827633845963,,121.83,,,,,,,
-0.2673344546779505,,,,,,,,74.13,
-0.26725177833413727,,121.70000000000002,,,,,,,
-0.2669998763062291,,121.63,,,,,,,
-0.26698483190038025,,,,,,,,74.01,
-0.2669363363530669,,,,,,,,74.03,
-0.2669267976925055,,,,,,,,74.19,
-0.266903554564735,,,,,88.95999999999998,,,,
-0.2669023453443442,,,,,,,,74.18,
-0.2668438949357975,,,,,,,,74.02,
-0.26676836589431707,,,,,,,,74.23,
-0.26661537863547924,,,106.11,,,,,,
-0.2659742356956729,,,,,,,,74.13,
-0.26595429978279583,,,,,88.74,,,,
-0.265760811304934,,,,,,,,74.09,
-0.2657256328756663,,,,,,,,74.09,
-0.2656978651450458,,,,,,,,74.01,
-0.2652415536761251,,,,,,,,74.02,
-0.2652160439342023,,,,,,,,74.02,
-0.26518202818945447,,,,,,,,74.01999999999998,
-0.2651018357572418,,,,,,,,74.02,
-0.26508009708291913,,,,,88.67,,,,
-0.2650566016658227,,,,,88.47,,,,
-0.2648127818179379,,,,,,82.24,,,
-0.2646369420662599,,,,,89.4,,,,
-0.2645076779882225,,,,,88.43,,,,
-0.264199207763287,,,,,88.34,,,,
-0.26412922479509227,,,,,,,75.68,,
-0.2640688419442492,,,,,87.92,,,,
-0.26379049244317754,,,,,,,75.62,,
-0.2637578352271629,,,,,,,75.62,,
-0.2636949517637359,,,,,,,75.61,,
-0.26365455973630003,,,,,,,75.61,,
-0.26347979283159617,,,,,,,,74.02,
-0.2629310908748842,,,,,88.64,,,,
-0.2629278312370079,,,,,86.95,,,,
-0.26289210914946226,,,,101.26000000000002,,,,,
-0.2627949764638081,,,,,,,74.75,,
-0.2627582903291029,,,,,,,,74.05,
-0.2627453813762848,,,,,,,,74.04,
-0.26260294523757644,,,,101.42,,,,,
-0.2626007702134955,,,,,,,,74.04,
-0.2624669815686811,,,,,,,,74.02,
-0.261996568653046,,,,100.94,,,,,
-0.2619813181640973,,,,,,,,73.995,
-0.26189266221661756,,,,,,,76.52,,
-0.26171092586617917,,,,,,,,74.07,
-0.26157054345823494,,,,,,,,75.29,
-0.2613492305751929,,,,100.39,,,,,
-0.2613304067244048,,,,,,81.68,,,
-0.2612463697184887,,,,101.3,,,,,
-0.26115917475912864,,,,,,81.66,,,
-0.2611582194578047,,,,100.85000000000001,,,,,
-0.26100506636451626,,,,,,,,74.12,
-0.2609744827421838,,,,101.19,,,,,
-0.26094143866248143,,,,103.02,,,,,
-0.2609363862080383,,,,101.17,,,,,
-0.26088107779799474,,,,101.12000000000002,,,,,
-0.26084870829616025,,,,,88.64,,,,
-0.2606184889370965,,,,,88.58,,,,
-0.26020496391372283,,,,,,,,74.01,
-0.25968850283289446,,,,,87.58,,,,
-0.25939777930424124,,,,,88.26,,,,
-0.2593551316227769,,,,,87.92,,,,
-0.2590495977380266,,,,,,,,74.01,
-0.2590452056520032,,,,,,,,74.08,
-0.259013361471066,,,,,,,,74.08,
-0.25896449180155356,,,,,,,,74.12,
-0.2588760707387968,,,,,,,,74.12,
-0.25875177876409083,157.39,,,,,,,,
-0.25857783737164364,,,,,,,,74.02,
-0.2585606586353958,,,,,,,,74.02,
-0.2583485387333966,,,,,,81.4,,,
-0.25831360911087564,,,,,87.81,,,,
-0.25830219438712765,,,,,88.08,,,,
-0.2582576323435276,,,,99.4,,,,,
-0.25820728729743025,,,,,,81.35,,,
-0.25799372633695616,,,,,,81.33,,,
-0.2573572687085628,,,,,,,,74.06,
-0.25730638766638425,,,,,,,,74.05666666666666,
-0.25721963940984616,,,,,88.49,,,,
-0.2566391877147731,,,,99.86,,,,,
-0.25659926128268595,,,108.88,,,,,,
-0.256543854526449,,,,,,,,74.01,
-0.25650447063861803,,,,,,,,74.02,
-0.2564718548573578,,,,,,,,74.02,
-0.25605727466253836,,,,,,,,74.83333333333333,
-0.2559399245895113,,,,,,,,74.83,
-0.2558124304998578,,,,99.59,,,,,
-0.25553126312707763,,,,,87.96,,,,
-0.255465303473273,,,,,,,,74.76,
-0.25535663856072355,,,,,,,,74.76,
-0.25530728534744473,,,,99.31,,,,,
-0.255289816069617,,,,99.34,,,,,
-0.25513560721810846,154.4,,,,,,,,
-0.25513047507033426,,,,99.26000000000002,,,,,
-0.2550623633854212,,,,,,,,74.05,
-0.25505043215455625,,,,99.25,,,,,
-0.25501324865813924,,,,,,,,74.04,
-0.2549839709801357,,,,,88.43,,,,
-0.25497175970455155,,,,,,,,74.0,
-0.2549419236542714,,,,,,,,74.04,
-0.2549349846954332,,,,,,,,74.04,
-0.2548435171385991,,,,,,,,74.01,
-0.25480645181122086,,,,,,,,74.03,
-0.2547867376631342,,,,,,,,74.02,
-0.2547681332146676,,,,,,,,74.0,
-0.25460981898758495,154.3,,,,,,,,
-0.2545143813494408,154.25,,,,,,,,
-0.25410150932559583,,,,,88.18,,,,
-0.25399341984895984,153.62,,,,,,,,
-0.25392301268871775,,,,,88.07,,,,
-0.2516812850727628,,,,,,,77.35,,
-0.2507139291343966,,,,,87.98,,,,
-0.2498566288481886,,,,,88.44,,,,
-0.24920039842432196,,117.02,,,,,,,
-0.24880301455350262,,,,,,80.99,,,
-0.2486716514798163,,,,,,,77.46,,
-0.2486597969127431,,,,,,80.99,,,
-0.24841330654177296,,,,,,80.96,,,
-0.24839861930826368,,,,,,80.9,,,
-0.2482462053817679,,,,,,80.87,,,
-0.24799294015772222,,,,,,80.87,,,
-0.24668149747521717,,115.11,,,,,,,
-0.24664731148156127,,115.08999999999999,,,,,,,
-0.24662920380904274,,117.83999999999999,,,,,,,
-0.24278290982662254,,110.93000000000002,,,,,,,
-0.23868081511907402,,115.06,,,,,,,
-0.23008956624712662,,118.64999999999998,,,,,,,
-0.22815839880357203,,118.57,,,,,,,
-0.22609860830418305,,119.53,,,,,,,
-0.22570711376058572,,118.48,,,,,,,
-0.22554049436700574,,123.31999999999998,,,,,,,
-0.22542208963415578,,118.45,,,,,,,
-0.22522619244606612,,118.29,,,,,,,
-0.22508667497791957,,119.08999999999999,,,,,,,
-0.22502905218469849,,118.29,,,,,,,
-0.22413802658398685,,117.66,,,,,,,
-0.22373335462521848,,117.49,,,,,,,
-0.22369504523362616,,117.5,,,,,,,
-0.22340853758767387,,117.46,,,,,,,
-0.2233625848268348,,117.52,,,,,,,
-0.22333199450562868,,117.53,,,,,,,
-0.22325227600953623,,117.41,,,,,,,
-0.22325198870608387,,117.45999999999998,,,,,,,
-0.22312756633796949,,117.52,,,,,,,
-0.2230577229264752,,117.42,,,,,,,
-0.2204231320502983,,122.8,,,,,,,
-0.22015635865009064,,120.52,,,,,,,
-0.218974602913671,,117.73,,,,,,,
-0.21715289181942565,,107.45,,,,,,,
-0.21679225877468578,,,,,82.32,,,,
-0.21669702855798012,,,,,82.30999999999999,,,,
-0.21662060455168364,,,,,82.29,,,,
-0.21649896479925723,,,,,82.27,,,,
-0.21634016251323984,,,,,82.23,,,,
-0.21545035022118053,,110.24,,,,,,,
-0.21542083221738828,,105.8,,,,,,,
-0.2151126491731925,,108.12,,,,,,,
-0.21485676578445712,,107.96,,,,,,,
-0.2147275702546657,134.8,,,,,,,,
-0.214561879939,135.01,,,,,,,,
-0.21396835400864522,130.52,,,,,,,,
-0.21374502358675584,,107.63,,,,,,,
-0.2137396845773788,,107.63,,,,,,,
-0.21371158333290152,,107.61,,,,,,,
-0.21312394800036916,,107.05,,,,,,,
-0.2129727842411394,130.89,,,,,,,,
-0.21084740461162843,,107.32,,,,,,,
-0.21072863738398162,,107.27,,,,,,,
-0.21019579784674247,,103.03,,,,,,,
-0.2096148201532413,127.08,,,,,,,,
-0.20857343603118927,,,,88.69,,,,,
-0.20853487846085716,,,,88.61999999999998,,,,,
-0.20852234992176688,,,,88.7,,,,,
-0.20833924879839094,,,,88.61,,,,,
-0.20820176285959524,,,,88.73,,,,,
-0.2080707794660145,,,,88.58999999999999,,,,,
-0.2080183739737238,,,,88.58,,,,,
-0.20796261583546738,,,,88.58,,,,,
-0.20777367678398362,,,,88.49,,,,,
-0.2076285996772408,,,,88.34999999999998,,,,,
-0.20757711243212895,,,,88.34,,,,,
-0.20751989653379777,,,,88.33,,,,,
-0.20738505762310633,,,,88.27,,,,,
-0.207218888626586,,,,88.21,,,,,
-0.20686956705653425,,,,88.15,,,,,
-0.20625600156151092,,,,,81.91,,,,
-0.20617602111783462,,,,88.2,,,,,
-0.20468114076295474,,102.05,,,,,,,
-0.20334270320337666,,,,87.2,,,,,
-0.20290638046872644,,,,88.03,,,,,
-0.20266812052752192,,,,88.01,,,,,
-0.20265046074400161,,,,88.85,,,,,
-0.20257642241759688,,,93.35999999999999,,,,,,
-0.20226203033177037,,,,87.79999999999998,,,,,
-0.2021132297073458,,,,87.75,,,,,
-0.20208357739299676,123.2,,,,,,,,
-0.2020417800284534,,,,87.79999999999998,,,,,
-0.2018616134456166,,,91.94,,,,,,
-0.20156096605445317,131.74,,,,,,,,
-0.20080674925965636,122.28999999999999,,,,,,,,
-0.20076243711332442,129.59,,,,,,,,
-0.20063906242422724,129.61,,,,,,,,
-0.20047971217269633,129.52,,,,,,,,
-0.20035710274807061,,,,87.78,,,,,
-0.2003212931337809,129.42,,,,,,,,
-0.19986116702204682,,,,88.83,,,,,
-0.19971218093191556,,,,88.91,,,,,
-0.19945278150131074,,,,87.57,,,,,
-0.19943782745216643,,,,88.79,,,,,
-0.19939823860334305,133.61,,,,,,,,
-0.19936953990496886,133.44,,,,,,,,
-0.19916414091934886,,,,88.72,,,,,
-0.19902829672833322,,,,88.76,,,,,
-0.19884705189067653,,,,88.58999999999999,,,,,
-0.19882551381100189,,,,88.39,,,,,
-0.19882180515061432,,,,88.42,,,,,
-0.1987705935988181,,,,87.23,,,,,
-0.19876659910785333,,,,88.37999999999998,,,,,
-0.19875233274355575,,,,,,77.03999999999999,,,
-0.1986426074246297,,,,,,77.02,,,
-0.1985518365986113,,,,,,77.01,,,
-0.19847318046732576,,,,,,76.98,,,
-0.1983485267071079,,,,89.47,,,,,
-0.19825597513096938,,,,,,76.97,,,
-0.19811710769037771,,,,87.18,,,,,
-0.19809781674111582,,,,,,76.94,,,
-0.19804737009436668,,,,,,76.86,,,
-0.1980205007346133,,,,,,76.69,,,
-0.19797790625181566,,,,,,76.82,,,
-0.19792232716274316,120.36,,,,,,,,
-0.1978698274635824,,103.78,,,,,,,
-0.19782635899801737,,,,,,76.81,,,
-0.1978204961141533,,,,87.78,,,,,
-0.19778388690107662,,,,,,76.8,,,
-0.19776887043717672,,,,87.73,,,,,
-0.1977538534110882,,,,86.78,,,,,
-0.19771709507979507,,,,87.73999999999998,,,,,
-0.1976973557531161,,,,87.82,,,,,
-0.19767160734547695,,,,87.81,,,,,
-0.1976688893615709,,,,87.73999999999998,,,,,
-0.19765901863356694,,,,,,76.83,,,
-0.19762253774873928,,,,,,76.84,,,
-0.1976132381690746,,,,87.79999999999998,,,,,
-0.19760966135026603,,,,87.7,,,,,
-0.1976080875398878,,,,,,76.77,,,
-0.19751851324789937,,,,,,76.74,,,
-0.19748946169911452,,,,87.73,,,,,
-0.19745697299317877,,,,86.66999999999999,,,,,
-0.1974055868062039,,,,87.63,,,,,
-0.19738253961006347,,,,87.69,,,,,
-0.19735161706894222,,,,88.1,,,,,
-0.19734904008296206,,,,87.70999999999998,,,,,
-0.19724938393349944,,,,87.67,,,,,
-0.19724408542821403,,,,86.60999999999999,,,,,
-0.19721100398932612,,,,,,76.69,,,
-0.1971441167345318,,,,87.63999999999999,,,,,
-0.1969170179708556,,,,87.56,,,,,
-0.19686642264494014,,,,,,76.69,,,
-0.1968348869223837,,,,,,76.67,,,
-0.19673280887720912,,,,87.5,,,,,
-0.1967263564435756,,,,,,76.67,,,
-0.19669608402120797,119.76,,,,,,,,
-0.19667329916993137,,,,87.48,,,,,
-0.19661994803380756,,,,87.48,,,,,
-0.19651006826450457,,,,,,76.61,,,
-0.19640661610933297,,,,87.41,,,,,
-0.19631318496441275,,,,87.39,,,,,
-0.19630356792994053,,,,,,76.52,,,
-0.19620221623124945,,,,87.02,,,,,
-0.19578606193591097,,,,87.2,,,,,
-0.19568374650510878,,,,,83.71,,,,
-0.19553015099362747,,,,86.93,,,,,
-0.19537537526798465,,105.39,,,,,,,
-0.19534055691016494,,,,86.99,,,,,
-0.1953224271507511,139.47,,,,,,,,
-0.1952525754661042,,,,,81.85,,,,
-0.19524011352479465,,,,87.04,,,,,
-0.19515044158518158,,,,87.66,,,,,
-0.19514309997968182,,,,87.66,,,,,
-0.19501730346896318,,111.29,,,,,,,
-0.1945802769892122,,104.52,,,,,,,
-0.19452128019858717,,,,,83.51,,,,
-0.194473443400482,,101.59,,,,,,,
-0.19439066753505385,,,,86.47,,,,,
-0.1941580856712517,140.25,,,,,,,,
-0.19408221899936517,140.2,,,,,,,,
-0.1940660335727017,,,,87.25,,,,,
-0.19387964110055944,140.15,,,,,,,,
-0.19373333715563457,,,,86.09,,,,,
-0.19358133753674578,,98.07,,,,,,,
-0.1935009799859203,,104.56087912087914,,,,,,,
-0.19338373908222484,,,,87.29,,,,,
-0.19324216611251366,,,,87.12,,,,,
-0.1932199672924041,139.67,,,,,,,,
-0.19321035169794376,139.71,,,,,,,,
-0.1931863856803785,139.68,,,,,,,,
-0.19307956343093968,,107.40379999999999,,,,,,,
-0.19304818345976194,139.57,,,,,,,,
-0.19297652852935576,,107.91484,,,,,,,
-0.19294439709718236,,,,87.14,,,,,
-0.19293184382790962,139.5,,,,,,,,
-0.1929034330480217,,,,86.83,,,,,
-0.192851304132161,139.5,,,,,,,,
-0.19276270506293858,,105.14,,,,,,,
-0.19262076913098547,,,,87.00999999999999,,,,,
-0.19261975512336593,,,,86.66999999999999,,,,,
-0.1926043998395257,,,,86.69,,,,,
-0.19255992416522816,,,94.60096,,,,,,
-0.19255804072234828,,,,86.63,,,,,
-0.19254789895580293,,97.59000000000002,,,,,,,
-0.19244182979042612,,,,86.59,,,,,
-0.19242646773797578,,,,86.63,,,,,
-0.19224570234325933,,97.56,,,,,,,
-0.1921199741334768,,,,86.8,,,,,
-0.1919631182584014,138.76,,,,,,,,
-0.19174507198704138,,,,,82.24999999999999,,,,
-0.1916885002625175,,,,,82.23,,,,
-0.19145529960623875,138.49,,,,,,,,
-0.19145440813543868,,,,,82.15999999999998,,,,
-0.19137743707813792,,,,,82.15999999999998,,,,
-0.1913564829594,,,,,82.15999999999998,,,,
-0.19123341132416594,,,,,82.11,,,,
-0.19121750440602647,,,,,82.09999999999998,,,,
-0.19114078562289516,,,,,82.09999999999998,,,,
-0.19095669370968826,,,89.97,,,,,,
-0.19091054192076373,,,,,82.05,,,,
-0.19090461718371154,132.76,,,,,,,,
-0.19079811581836836,,,89.89,,,,,,
-0.19070497689462707,,,,,,77.2,,,
-0.19008082993317266,,,89.04,,,,,,
-0.18990076284344837,,,,88.17,,,,,
-0.18988136622727025,,,,88.27,,,,,
-0.1898769909223017,,,,88.17,,,,,
-0.18981193914731498,,,,88.24,,,,,
-0.189760152800432,,,,88.14,,,,,
-0.18963976540807892,137.28,,,,,,,,
-0.18951378194973512,137.08,,,,,,,,
-0.18945450841060685,136.99,,,,,,,,
-0.18923047468897314,150.58,,,,,,,,
-0.18922965466408248,,,90.12933333333335,,,,,,
-0.1892213281635683,123.96999999999998,,,,,,,,
-0.18921777573689968,136.83,,,,,,,,
-0.18921621531534527,,,90.14,,,,,,
-0.18882540628324784,,109.84000000000002,,,,,,,
-0.18869931906058757,,,,,82.56,,,,
-0.18867239144344394,136.52,,,,,,,,
-0.1885350327868731,136.32,,,,,,,,
-0.18840481334970793,,111.62,,,,,,,
-0.18819439821662542,,102.88,,,,,,,
-0.18810300266572844,,,89.68999999999998,,,,,,
-0.18796968059238517,,,,88.67,,,,,
-0.18758103879138055,,,,89.24,,,,,
-0.18756591794711197,145.03,,,,,,,,
-0.18748760456942193,135.95,,,,,,,,
-0.18735510089979657,,,,88.35,,,,,
-0.1872726903305768,135.76,,,,,,,,
-0.1871054228197243,146.12,,,,,,,,
-0.1869818816202259,,,89.04,,,,,,
-0.18671166380178317,,,89.0,,,,,,
-0.18637727974826157,,,91.77,,,,,,
-0.18627826462447827,,,,88.03,,,,,
-0.18616700938078168,,,91.60999999999999,,,,,,
-0.18615861985523396,,,88.73,,,,,,
-0.1860109973453341,,,88.14,,,,,,
-0.1857147721703959,150.36,,,,,,,,
-0.1857021135471778,134.63,,,,,,,,
-0.18569096157682807,150.27,,,,,,,,
-0.18566126838505403,121.64000000000001,,,,,,,,
-0.1856052654058148,,,,89.37,,,,,
-0.18548278564146847,143.44,,,,,,,,
-0.18536023551416625,,,,89.19999999999999,,,,,
-0.18522070017425418,,,,,,76.69,,,
-0.1851811613884513,,,,,,76.51,,,
-0.18485589847132122,,,90.54,,,,,,
-0.18482853592850113,,105.89,,,,,,,
-0.1847391871958397,,99.89,,,,,,,
-0.18472618938484509,,99.89,,,,,,,
-0.1845520049178927,148.62,,,,,,,,
-0.18452873081348997,148.46,,,,,,,,
-0.18411592377640107,,,,,82.1,,,,
-0.18405535368480608,,99.46,,,,,,,
-0.18394911324283758,,99.79999999999998,,,,,,,
-0.18326314426999624,,,88.55,,,,,,
-0.18270287218643144,146.47,,,,,,,,
-0.18245593082013178,,,87.15,,,,,,
-0.18225918741095448,,108.51,,,,,,,
-0.18214564461886218,,108.34999999999998,,,,,,,
-0.18210176944103196,,,,88.31,,,,,
-0.18207813225905667,,,,88.3,,,,,
-0.18186890594601324,,105.86,,,,,,,
-0.18138279394764267,,,88.98,,,,,,
-0.18137716737216802,,,,88.04,,,,,
-0.18136212610079505,,98.01000000000002,,,,,,,
-0.18120274402614622,130.88,,,,,,,,
-0.18119773683054463,,,88.98999999999997,,,,,,
-0.18119380826201492,145.37,,,,,,,,
-0.18104704624143397,139.13,,,,,,,,
-0.18100832765623198,145.38,,,,,,,,
-0.18078112519712453,145.24,,,,,,,,
-0.18078051508797488,145.21,,,,,,,,
-0.1807600216716282,,,,88.66,,,,,
-0.18073002540667904,145.23,,,,,,,,
-0.18016170192468228,144.77,,,,,,,,
-0.17994365840180337,145.32,,,,,,,,
-0.17958126946746433,,,,,82.02,,,,
-0.17944136725047044,,,88.03,,,,,,
-0.17924290380876062,,,,,82.81,,,,
-0.1791919181743885,,,,,81.74,,,,
-0.17911160245445634,,,90.71,,,,,,
-0.17885219594995294,,106.69000000000001,,,,,,,
-0.17822812536652888,,,,,83.51320000000001,,,,
-0.17804676146770892,,106.25999999999999,,,,,,,
-0.17758453654238637,,106.08,,,,,,,
-0.17730803488506452,,,,89.98,,,,,
-0.1772641600886551,,101.63,,,,,,,
-0.17623801815315132,,,,,,76.96,,,
-0.17571429508116876,,111.7,,,,,,,
-0.17566194345940211,,110.28,,,81.82,,,,
-0.1755964559641099,,110.31,,,,,,,
-0.17547382770701103,,,,87.56,,,,,
-0.17535573092157364,,108.01000000000002,,,,,,,
-0.17529668701684564,143.96,,,,,,,,
-0.17528648485732268,143.99,,,,,,,,
-0.17512655082932949,,,88.33,,,,,,
-0.17497040206317394,,107.91,,,,,,,
-0.1747913836739292,,,88.18,,,,,,
-0.17461681136889984,,100.52,,,,,,,
-0.17450364788632555,,101.06,,,,,,,
-0.17437474591831514,,101.05999999999999,,,,,,,
-0.17433162144756187,,,,87.93,,,,,
-0.1742885945768009,,107.52,,,,,,,
-0.1740412546203215,,,,,,76.82,,,
-0.17377534197169175,,101.71,,,,,,,
-0.17373445037091062,,107.03,,,,,,,
-0.17353474597672125,,,,90.46,,,,,
-0.17336470873505516,,110.11,,,,,,,
-0.1733108809360997,,94.71,,,,,,,
-0.17321738778952323,,106.87000000000002,,,,,,,
-0.1731055710817745,,,,88.09,,,,,
-0.1730877930852499,,,,90.5,,,,,
-0.17302107088377983,,,88.61999999999999,,,,,,
-0.17285478509940166,,,92.75,,,,,,
-0.17275902668265752,,,87.18999999999998,,,,,,
-0.17225216510042385,,,87.09999999999998,,,,,,
-0.17150355167221887,,,,88.58999999999999,,,,,
-0.171384099744731,,,,88.55,,,,,
-0.17133466128488428,,,,88.42,,,,,
-0.17112616141341774,,,,88.25,,,,,
-0.170685157807557,131.68,,,,,,,,
-0.1705705147771157,,,,89.31,,,,,
-0.17054849968812624,,,,88.3,,,,,
-0.1704933671026686,,,91.05,,,,,,
-0.1701975362804068,,,87.70999999999998,,,,,,
-0.1700711790257502,,,86.5,,,,,,
-0.17006084716941128,,,86.47999999999999,,,,,,
-0.16985090337747077,142.69,,,,,,,,
-0.16974414835675766,,108.82999999999998,,,,,,,
-0.16973683545555818,,,86.59,,,,,,
-0.16952932982493307,,108.82,,,,,,,
-0.16950817905256022,,108.68000000000002,,,,,,,
-0.16950143510152016,,,,89.45,,,,,
-0.16949484431627182,,108.73999999999998,,,,,,,
-0.16941811961317998,117.74000000000001,,,,,,,,
-0.16934445402672282,,,,88.7,,,,,
-0.1690939893182416,,,,88.66,,,,,
-0.1690515789555448,117.52,,,,,,,,
-0.1689924106846893,143.36,,,,,,,,
-0.16893531934399086,,,,88.28,,,,,
-0.16880268982837987,,108.30999999999999,,,,,,,
-0.1686729359811654,,108.22999999999999,,,,,,,
-0.16865343101347618,,,,88.2,,,,,
-0.1686449836962044,,108.42,,,,,,,
-0.16857555560400406,,108.24,,,,,,,
-0.16855343448404303,,107.98000000000002,,,,,,,
-0.16840500819767856,,,95.18,,,,,,
-0.16830910217304196,,,,,,76.63,,,
-0.168152900151729,,107.89000000000001,,,,,,,
-0.16801232968750168,,107.89000000000001,,,,,,,
-0.16796248805101677,,107.84,,,,,,,
-0.16785832436623627,,107.81,,,,,,,
-0.1677589060431246,,,,,,76.1,,,
-0.16767285770091267,,,,89.72,,,,,
-0.1676335989691975,,108.09,,,,,,,
-0.16751518452303427,134.78,,,,,,,,
-0.1674651292769398,,,94.77,,,,,,
-0.16735282961263398,,,,,,76.41,,,
-0.16727175235530845,117.1,,,,,,,,
-0.16693371069384977,,,,88.75,,,,,
-0.16664536982611777,,102.545,,,,,,,
-0.16644901724339134,,,,87.76,,,,,
-0.1664230870361213,116.57,,,,,,,,
-0.16638184713110316,,105.75,,,,,,,
-0.16636609533103874,,105.75,,,,,,,
-0.1663582192077735,,105.76,,,,,,,
-0.166357292595252,,105.78,,,,,,,
-0.16635513049135764,,,,88.14,,,,,
-0.16634200319124282,,105.76,,,,,,,
-0.1662987573960879,,,,88.19,,,,,
-0.16617965382002742,,102.45,,,,,,,
-0.166114758175133,,105.59,,,,,,,
-0.16609853268550923,,105.68,,,,,,,
-0.16605433433993666,,102.32,,,,,,,
-0.16533831805655141,,,,88.91,,,,,
-0.16489779648076797,,,,88.4,,,,,
-0.16462605393319485,,92.61,,,,,,,
-0.16461376553069273,,101.54,,,,,,,
-0.16452863355316127,,,,89.04999999999998,,,,,
-0.16452180848723308,,,,88.24,,,,,
-0.1644361754572623,,,,89.01,,,,,
-0.16442609070247627,,,94.62,,,,,,
-0.1641681485655826,,,91.83,,,,,,
-0.16410930552529324,,,,,,76.33,,,
-0.16410387105354862,133.26,,,,,,,,
-0.16395121116530154,,107.30999999999999,,,,,,,
-0.1634109409117147,,,,87.63,,,,,
-0.1631701733474794,,,86.75999999999999,,,,,,
-0.16305991988809554,,108.52,,,,,,,
-0.1630072494489495,125.71999999999998,,,,,,,,
-0.16297724626428556,125.72,,,,,,,,
-0.1628495707650699,,106.81,,,,,,,
-0.16284053786565256,,,,87.18999999999998,,,,,
-0.16245661525267008,,,95.73,,,,,,
-0.16235948813091317,,108.06,,,,,,,
-0.16215474856081857,,92.79,,,,,,,
-0.16206906375742014,,,,88.61,,,,,
-0.16199400732603464,,108.1,,,,,,,
-0.1619317361738758,,,,89.2,,,,,
-0.16186820694181725,,107.95000000000002,,,,,,,
-0.16180435582336428,,108.0,,,,,,,
-0.16179686165568952,,,,88.50999999999999,,,,,
-0.16167849848794746,,107.87,,,,,,,
-0.16139666589949997,,,,88.31,,,,,
-0.16120955818484262,,107.64,,,,,,,
-0.1611878251445693,136.5,,,,,,,,
-0.16018226965853555,,91.87,,,,,,,
-0.15935503525317762,138.38,,,,,,,,
-0.15733537722248214,136.92,,,,,,,,
-0.15692698762893398,,,,88.27,,,,,
-0.15682983414659546,,99.41,,,,,,,
-0.15622711724627747,,,92.13,,,,,,
-0.15617851593813692,127.73,,,,,,,,
-0.15598188663735835,127.58,,,,,,,,
-0.15593867784399584,135.57,,,,,,,,
-0.15576223474875295,127.57,,,,,,,,
-0.1551055410933705,,,89.77,,,,,,
-0.15377853749660186,,91.71,,,,,,,
-0.15364740251627995,,99.32,,,,,,,
-0.15204637937629328,135.13,,,,,,,,
-0.15110215544389893,139.25,,,,,,,,
-0.1504462369635533,,,,82.27,,,,,
-0.1503629277856281,,,83.75,,,,,,
-0.1503005103861601,,,,82.21999999999998,,,,,
-0.1498794422784081,,90.89,,,,,,,
-0.14978683561819262,,,83.85,,,,,,
-0.1496202434318351,,,,82.05,,,,,
-0.14943519839158192,,,,82.02,,,,,
-0.1494255521424287,,92.33999999999999,,,,,,,
-0.1493688760097036,,,,82.61,,,,,
-0.14935922825615988,,,,81.28,,,,,
-0.14935440429731983,,92.29499999999999,,,,,,,
-0.14931988124505546,,92.27,,,,,,,
-0.14924766020951552,,,,81.81,,,,,
-0.1491431517013947,,,,82.61,,,,,
-0.14906863789644098,,,83.56,,,,,,
-0.14896423628582467,,,,81.13,,,,,
-0.14894522398697885,,,,,76.88,,,,
-0.14888486185337413,,,,81.84,,,,,
-0.14878539656226342,,,,81.13,,,,,
-0.14862097883046066,127.33,,,,,,,,
-0.14856238306036473,,,,81.6,,,,,
-0.14855165976550044,,,85.28,,,,,,
-0.1485279467319084,,,,82.51,,,,,
-0.14841993754724714,,,,81.54999999999998,,,,,
-0.14827124792635105,,,,,76.63,,,,
-0.14819531288915666,135.36,,,,,,,,
-0.14806883177873642,,,,,76.57,,,,
-0.1480620274739346,,,,,76.55,,,,
-0.1480585496761735,,,,,76.56,,,,
-0.14773272045846297,,,,81.02,,,,,
-0.14664421392776195,,,83.29,,,,,,
-0.14606660643342284,130.09,,,,,,,,
-0.1460001672416339,,,,,,,74.16,,
-0.14598497289391887,,92.25,,,,,,,
-0.14547291131326212,,,,80.87999999999998,,,,,
-0.145418141562197,,,,81.23999999999998,,,,,
-0.1450385160148535,,,,82.67,,,,,
-0.14502618090141672,,,,79.91,,,,,
-0.14485710829511766,,,,82.44,,,,,
-0.14483913087862965,,,,82.41,,,,,
-0.14482069562422573,,,,,,,74.11,,
-0.1445067172263197,,,,80.73,,,,,
-0.14442803409882066,114.34,,,,,,,,
-0.144417358916205,,,,,,,74.29,,
-0.1443952451904763,,,,,,,74.29,,
-0.14434125239562168,,,,,,,74.27,,
-0.1443202025108854,,,,,,,74.28,,
-0.14424026452959693,,,,79.7,,,,,
-0.1441969331227344,,,,80.35999999999999,,,,,
-0.1440549873962096,,100.52,,,,,,,
-0.14364514224678615,,,83.75,,,,,,
-0.14348591596419125,,91.11,,,,,,,
-0.1432218855401557,,,,81.39,,,,,
-0.14316866225065317,,,,81.36,,,,,
-0.14287566286514164,,,83.61,,,,,,
-0.14252196081646917,119.92,,,,,,,,
-0.14251905036843093,119.94,,,,,,,,
-0.1425135357811237,119.87,,,,,,,,
-0.14222238742383642,,,,82.30999999999999,,,,,
-0.14207367227857726,,,,82.29,,,,,
-0.14204591663009936,,91.02,,,,,,,
-0.14202552045089423,,,,80.96,,,,,
-0.14172314456189528,,,,82.32,,,,,
-0.14161555106493318,,,,82.28,,,,,
-0.14155690815982347,,93.48,,,,,,,
-0.14150470616388888,,,,81.53,,,,,
-0.14135666362683075,,,,81.3,,,,,
-0.141302747491307,,93.33999999999999,,,,,,,
-0.14122347386913003,,93.33,,,,,,,
-0.14115924535809998,,,,81.21999999999998,,,,,
-0.1410702622419856,,93.27999999999999,,,,,,,
-0.1410553530772497,,93.25999999999999,,,,,,,
-0.14102783892983517,,93.31,,,,,,,
-0.1409881785656507,,93.22,,,,,,,
-0.1409758800344182,,93.16,,,,,,,
-0.14094759207610053,,,,81.14,,,,,
-0.14081627465812552,,93.09,,,,,,,
-0.14072322104196977,,,,81.96,,,,,
-0.14071645271998146,,93.06999999999998,,,,,,,
-0.14070245426120287,,93.07,,,,,,,
-0.14060952985253938,,,,80.99999999999997,,,,,
-0.14059291211165992,,,,80.99,,,,,
-0.1405450555825627,,92.91,,,,,,,
-0.14037420585351434,,,,80.98999999999998,,,,,
-0.14026688981517166,,,,80.93,,,,,
-0.14024810290370449,,,,80.77,,,,,
-0.1401800319709725,,,,80.89,,,,,
-0.14017464127817336,,,,80.86,,,,,
-0.1401493811314739,,,,80.86,,,,,
-0.14002521517733657,,,,80.8,,,,,
-0.13993800028059522,,92.82,,,,,,,
-0.1397331452216477,,92.6,,,,,,,
-0.13966021238563087,,92.66,,,,,,,
-0.1395794013157623,,92.62,,,,,,,
-0.1394350139868703,,,,80.59,,,,,
-0.1393584813980404,,,,80.98,,,,,
-0.13919626755501602,,,,81.24,,,,,
-0.13912031008886427,,,,80.96,,,,,
-0.13847799574085062,,93.34,,,,,,,
-0.13832101850455614,,,91.72999999999999,,,,,,
-0.13805085284480922,,,,81.27,,,,,
-0.1379917218471688,,,,81.24,,,,,
-0.1377246025314609,106.97,,,,,,,,
-0.13754069729834628,,93.56,,,,,,,
-0.13750086923740523,,,,81.34,,,,,
-0.13739655497749148,,90.56,,,,,,,
-0.13719017712586912,,,,82.06,,,,,
-0.13684480451602798,115.79,,,,,,,,
-0.13630307125229757,,,,80.47999999999999,,,,,
-0.13605076565701002,,,81.97000000000001,,,,,,
-0.13539389382745093,,,,80.41999999999999,,,,,
-0.13527271246754802,,,,80.03,,,,,
-0.13508698051837487,121.38,,,,,,,,
-0.13477127137790923,,94.59999999999998,,,,,,,
-0.13472416809136734,,,,80.93999999999998,,,,,
-0.13462713787661296,,,,80.90999999999997,,,,,
-0.13455052791516287,,,,80.87999999999998,,,,,
-0.13433404317941788,,,,80.44999999999999,,,,,
-0.1334146118211995,115.59,,,,,,,,
-0.13335625124580042,,93.87,,,,,,,
-0.13329537889346743,,,,81.16,,,,,
-0.13301782406980944,,,,81.87,,,,,
-0.1329025545052035,,,82.24000000000001,,,,,,
-0.13274150167977128,,93.40999999999998,,,,,,,
-0.1326448099182066,,93.40999999999998,,,,,,,
-0.1323495864741977,,93.21,,,,,,,
-0.13224841486190908,,,81.54,,,,,,
-0.1322043311681831,,93.19,,,,,,,
-0.13190252784558287,,,81.44999999999999,,,,,,
-0.1308314195025857,,,,83.07,,,,,
-0.1303152009488262,113.37000000000002,,,,,,,,
-0.12867508511755255,,,,,78.36,,,,
-0.12862067187703097,,,,,78.36,,,,
-0.12858286332784408,,,,,78.35,,,,
-0.1285211603232388,,,,,78.35,,,,
-0.1283054475824642,112.73000000000002,,,,,,,,
-0.12814442432920248,,,,82.15,,,,,
-0.12799506445206477,,83.67,,,,,,,
-0.1279608454419604,,,,,78.21,,,,
-0.12766179011433632,,83.36243243243244,,,,,,,
-0.12537240003279848,,92.33999999999999,,,,,,,
-0.12462431793644768,,,,81.62,,,,,
-0.1243668734678609,,,,79.83,,,,,
-0.12424564252911285,,,,82.08,,,,,
-0.12367421493532993,,,,82.91999999999999,,,,,
-0.12359437318374067,,,,84.51,,,,,
-0.12346121790681075,,96.22,,,,,,,
-0.1234069519307418,,,,84.44,,,,,
-0.12305269740768898,,,,82.76999999999998,,,,,
-0.12295591629272007,,,,84.25999999999999,,,,,
-0.1229087998742836,,95.26,,,,,,,
-0.12266015290571297,,,,84.13,,,,,
-0.12262086308882425,,,,84.16,,,,,
-0.12252783643333887,,97.19000000000001,,,,,,,
-0.12246639594754982,,97.17,,,,,,,
-0.12245677002663347,,97.09000000000002,,,,,,,
-0.12237365746024453,,97.11,,,,,,,
-0.1223277623088046,,97.03,,,,,,,
-0.12232342930178086,,,,83.98,,,,,
-0.12223387091022697,,,,,77.45,,,,
-0.12191770246839917,,96.86,,,,,,,
-0.12158876775557326,,97.17,,,,,,,
-0.12157429989929214,,,,84.51,,,,,
-0.12089972982318364,,,,80.72999999999999,,,,,
-0.12089006950096592,,,,,77.94,,,,
-0.12086946010395716,,95.47,,,,,,,
-0.12079313251515811,,,,83.54,,,,,
-0.12075705748160637,,,,81.38,,,,,
-0.12046835060330374,,,,83.34,,,,,
-0.11960706596032256,,,,,79.04,,,,
-0.11956637176420004,,,,,79.03,,,,
-0.1194870718689327,,,,,78.24,,,,
-0.11899755136381929,,95.56,,,,,,,
-0.11855924630469183,,,,79.11,,,,,
-0.11851104762758269,,,,,,,74.0,,
-0.11846733792930186,,,,82.21999999999998,,,,,
-0.11789417817508474,,,,,,,74.09,,
-0.11777533818152552,,,,82.67,,,,,
-0.11776042012248789,,,,82.67,,,,,
-0.11775263658705548,123.4,,,,,,,,
-0.11769733710027552,,,85.98,,,,,,
-0.1176465722315656,,,,82.64,,,,,
-0.11753464182109963,123.27000000000001,,,,,,,,
-0.1174762320721272,,,,,79.36,,,,
-0.11664532813037432,,,,82.33999999999999,,,,,
-0.11586057710727271,,,,,,,73.72,,
-0.115736946597232,,,,78.74,,,,,
-0.11571170285555121,122.87,,,,,,,,
-0.11549546903340424,,,,81.87,,,,,
-0.11547851782946528,,,,81.84999999999998,,,,,
-0.1153208731193196,,,,,,,73.84,,
-0.11528483681152346,,,,81.81,,,,,
-0.11478181584806113,,,,,77.34999999999998,,,,
-0.11464090665197957,122.35,,,,,,,,
-0.11383491999960127,,95.91,,,,,,,
-0.11379565383233536,120.03000000000002,,,,,,,,
-0.1136896177971124,,93.89,,,,,,,
-0.11358241052029949,123.75,,,,,,,,
-0.11352003832548363,123.72,,,,,,,,
-0.11347959811813879,,93.8,,,,,,,
-0.11344570409033983,116.92,,,,,,,,
-0.11343800798386017,,93.68,,,,,,,
-0.11324883826360821,,,,83.55999999999999,,,,,
-0.11305827669070956,,,,83.37,,,,,
-0.11304994451240447,,,,78.88,,,,,
-0.1129676369938325,,96.47,,,,,,,
-0.11288659958433422,,,,78.23,,,,,
-0.11279687590938314,,86.77,,,,,,,
-0.11246345383367706,,91.77,,,,,,,
-0.11234051949161528,,,,82.0,,,,,
-0.11221622435503387,,,78.21,,,,,,
-0.11220162345030638,,95.93,,,,,,,
-0.11203755193192877,122.44,,,,,,,,
-0.11202308313754916,,,,77.37,,,,,
-0.11198596937831617,,,,,,,74.27,,
-0.1119450604811667,,95.92999999999999,,,,,,,
-0.11180916331683033,123.08,,,,,,,,
-0.11167503296055759,,91.28,,,,,,,
-0.11164017873799614,,91.26,,,,,,,
-0.11146619554629833,,91.53,,,,,,,
-0.1113303162997572,,,,82.53,,,,,
-0.11132208982978486,,91.2,,,,,,,
-0.11122615794733237,,,,,78.52,,,,
-0.11093598525718484,,86.37,,,,,,,
-0.11085456301435948,,,,,,75.13,,,
-0.1108528237358195,,86.35,,,,,,,
-0.11076678024768472,,,,83.03999999999999,,,,,
-0.1105928041265648,,,,,,74.97,,,
-0.11040998238611766,117.35,,,,,,,,
-0.11032883313932573,,,,,,,73.25,,
-0.11031189440042766,,,,,,,73.26,,
-0.11029606322022645,,,,,,,73.26,,
-0.1102864784860782,,,,,79.65,,,,
-0.11018712942630737,,,,,76.44,,,,
-0.11015165685312245,,,,,,,73.19,,
-0.11014753931768595,,,,,,,73.17999999999999,,
-0.11012378356145902,,,,,76.44,,,,
-0.11009717560861798,,,,,,,73.18,,
-0.11008593010258927,,,,,74.63,,,,
-0.10999516371371965,,,80.38,,,,,,
-0.10994810997481153,114.08000000000001,,,,,,,,
-0.1099409801863962,,,,77.47,,,,,
-0.10992386822814504,,,,76.91,,,,,
-0.10984764864476093,,,,78.55,,,,,
-0.10975477304978432,,,,78.78,,,,,
-0.10970040172098483,,,,,76.3,,,,
-0.10962255831794165,,,,78.98,,,,,
-0.10959511434839242,,,,83.25,,,,,
-0.10955794931937757,,,,83.25,,,,,
-0.10940290630330785,,,,,,73.30999999999999,,,
-0.10933706889242145,,,,,,,,73.39,
-0.10933643426760375,,,,,,74.65,,,
-0.10921091943507588,,,,,,,73.8,,
-0.10919981022392755,,,,,,,73.46,,
-0.10913187930589974,,,,,,,73.28,,
-0.10911521242791411,102.31,,,,,,,,
-0.10907038733721741,,,,82.1,,,74.37,,
-0.10906473179284693,,,,,,,,73.44,
-0.10904631604906945,,,,79.11,,,,,
-0.10901154631937116,,,,,,,,73.29,
-0.10899582760566151,,,,,,,73.26,,
-0.10896962851696368,96.85,,,,,,,,
-0.10893088279821372,,,,,,,73.38,,
-0.10891723233405215,,,,,,,74.48,,
-0.10891579646353622,,,,,,,73.23,,
-0.10890849131791724,,,,,,,73.25,,
-0.10890135148105229,,,,,,,74.48,,
-0.10889769218759915,,,,,,,73.24,,
-0.10888657516238764,,,,,,,73.45,,
-0.10888355763625301,,,,,,,73.23,,
-0.1088786342602659,,,,,,,73.24,,
-0.10887405494237024,,,,81.57,,,,,
-0.10873567381722093,,,,,,,73.37,,
-0.10864177150673593,,,,,,,73.49,,
-0.1086333495205517,,,,76.67,,,,,
-0.10855261750346235,,,,,,,73.43,,
-0.10849301263568512,,,,,,,73.43,,
-0.10845676897957346,,,,76.62,,,,,
-0.10841209620875425,,,,,,,,73.21,
-0.10814221564229365,,,,77.18,,,,,
-0.1081003750973063,,,,,,,,73.19,
-0.10807953290481898,,,78.26,,,,,,
-0.10796528129512017,,,,,,,,73.18,
-0.10793567930787218,100.03,,,,,,,,
-0.10791196447063134,,,,,,,72.96,,
-0.10790087589265673,,,,,,,74.36,,
-0.10779782912936597,,,,,,,,73.18,
-0.10772936575083414,,,,,,,72.9,,
-0.1077250665369418,100.11999999999999,,,,,,,,
-0.10764241803918695,100.08,,,,,,,,
-0.10764082543223652,,,,77.02,,,,,
-0.10759177035409151,,,,,,,,73.15,
-0.10758157641430921,100.03,,,,,,,,
-0.10753904605919584,99.99,,,,,,,,
-0.10747006499224476,99.88,,,,,,,,
-0.10742529328219719,,,,,,,,73.05,
-0.10741079329579817,,,,,,,73.46,,
-0.10733613481009696,,92.82,,,,,,,
-0.10732107411413216,,,,,,,,73.05,
-0.10724847283691885,,,,82.73,,,,,
-0.10722607642644744,,,,,,,,73.03,
-0.10715464881323178,,94.82,,,,,,,
-0.1071374361915769,,,,,,73.91,,,
-0.10710235785694566,,,77.91,,,,,,
-0.10709037212752825,,,,81.18,,,,,
-0.10702425880222932,,93.4,,,,,,,
-0.10689881591528638,,94.7,,,,,,,
-0.10689023466637715,,,,78.59,,,,,
-0.10688337486623356,,,,,,,73.38,,
-0.10687332427107465,,,,,,,73.38,,
-0.10677998651237774,104.8,,,,,,,,
-0.10662255119192376,,94.63,,,,,,,
-0.10651711996962154,,94.48,,,,,,,
-0.10644812055658992,,,,,,,,72.92,
-0.10631300493315221,,,,,,,,72.89,
-0.1060432903900369,,,,,,,,72.86,
-0.10592627825720002,,,,,,,,72.88,
-0.10589590124799053,,,,76.44,,,,,
-0.10583466131788888,,,,,,,,72.85,
-0.10567056731429825,104.04,,,,,,,,
-0.10562785461229507,,,,,,,73.45,,
-0.10558881771363449,,,,77.94,,,,,
-0.10556678462625824,122.35,,,,,,,,
-0.10536653043784616,,,,,,,,72.81,
-0.10533555508337156,125.76,,,,,,,,
-0.10532923168537367,,,,,,,,72.81,
-0.10505411737752224,,,,78.44,,,,,
-0.10484230185863386,,,,,75.99,,,,
-0.10474308901951279,,,,78.32,,,,,
-0.10470653981432687,,,,,75.96,,,,
-0.10453272995554719,,,,,75.8,,,,
-0.1044961635720143,,,,,75.86,,,,
-0.1044927954654381,,,,,75.89,,,,
-0.10448525723034119,,,,,75.75,,,,
-0.10447980395988288,,,,,75.88,,,,
-0.10444130839691945,,,,78.11,,,,,
-0.10440665956043205,,,,,75.85,,,,
-0.10434008135458173,,,,78.15,,,,,
-0.10433735384353016,,,,,75.69,,,,
-0.10430670831282196,,,,79.13,,,,,
-0.10420882110656016,,,,78.09,,,,,
-0.10419293247639227,,,,,,,73.64,,
-0.10393655010553837,,,,77.3,,,,,
-0.10384629171595505,,,,,,,73.76,,
-0.10382685648091805,,,,77.37,,,,,
-0.10382332271124994,,83.07,,,,,,,
-0.10377191927422735,,,,77.19,,,,,
-0.10373513006954305,,,,77.37,,,,,
-0.10373063161894935,,,,77.38,,,,,
-0.10372532981563454,,,,77.22,,,,,
-0.10364242073196195,,,,77.1,,,,,
-0.10363326122959282,,,,78.48,,,,,
-0.10347205549292804,,,,77.02,,,,,
-0.103339415083194,,,,76.97,,,,,
-0.1033239780135039,103.53,,,,,,,,
-0.10325386129919867,,,77.77,,,,,,
-0.10322426746874291,,86.22,,,,,,,
-0.10311874313213176,,,,77.03,,,,,
-0.10303716996028423,,84.19999999999999,,,,,,,
-0.10302622805127604,,,,77.11,,,,,
-0.10287349619169794,,,,78.84,,,,,
-0.10246074746709943,,,,77.4,,,,,
-0.10243126239093647,,,78.36,,,,,,
-0.10243094013896514,,,,77.92,,,,,
-0.1023721252794092,,,,77.84,,,,,
-0.10210309005834173,,,,77.73,,,,,
-0.10206180975491319,,83.67,,,,,,,
-0.10197923775997697,,83.64,,,,,,,
-0.10187229091003158,,,,78.49,,,,,
-0.10158406900121841,,,79.93,,,,,,
-0.10152853356698388,,86.34,,,,,,,
-0.1013861119223598,,,79.9,,,,,,
-0.10123572897152255,,,,78.24,,,,,
-0.10123400571015995,,,87.03,,,,,,
-0.10114654151750191,,,,78.71,,,,,
-0.10114413116404464,124.69000000000001,,,,,,,,
-0.10095744436005438,,83.55999999999999,,,,,,,
-0.10072212013752957,,,,,77.38,,,,
-0.10058799060114443,119.56999999999998,,,,,,,,
-0.10058580645254134,,,,76.99,,,,,
-0.10058512558923383,,94.45,,,,,,,
-0.10025693063088903,,86.05,79.73,78.09,,,,,
-0.10011974031705406,120.98,,,,,,,,
-0.1000289678175984,,94.1,,,,,,,
-0.09999440196518017,,83.71,,,,,,,
-0.09984787429075515,,94.1,,,,,,,
-0.09976316569363075,100.27,,,,,,,,
-0.09974403922523256,100.33999999999999,,,,,,,,
-0.09947488579540509,97.35999999999999,,,,,,,,
-0.09935519460964082,120.37,,,,,,,,
-0.09859349938082396,,87.06999999999998,,,,,,,
-0.09858797411793674,,,,76.42,,,,,
-0.09846623864247772,101.31,,,,,,,,
-0.0980710626202046,99.07,,,,,,,,
-0.09758092127241813,104.71000000000001,,,,,,,,
-0.0969265158269047,103.26000000000002,,,,,,,,
-0.0968010680869289,,86.88,,,,,,,
-0.09666905748256116,,86.77,,,,,,,
-0.09637585270492655,,86.65,,,,,,,
-0.09604748571031863,,,,76.71,,,,,
-0.09590642703847341,,,,76.64,,,,,
-0.09590037834760967,102.06,,,,,,,,
-0.09388674381677375,,,,,,,,73.35,
-0.0936894867799205,103.47000000000001,,,,,,,,
-0.09265597561349614,,,,79.55999999999999,,,,,
-0.09250545631094398,,,,78.95,,,,,
-0.09243759101716509,,,,80.02,,,,,
-0.09187104714170047,,,,79.75000000000001,,,,,
-0.09186032593859417,,,,79.73,,,,,
-0.09182783089979518,,,,79.71,,,,,
-0.09160063057450629,,,80.46,,,,,,
-0.09146049179606985,,,,75.88,,,,,
-0.09120866158119145,,,,79.49,,,,,
-0.09110574257569726,,87.1,,,,,,,
-0.09085569934379778,,,,,,73.58,,,
-0.09069895970505182,,,,,,73.56,,,
-0.09062834307755374,,,,79.33,,,,,
-0.09050229739119686,,,,79.3,,,,,
-0.09035337951912448,103.51,,,,,,,,
-0.09032176956431326,103.5296875,,,,,,,,
-0.08919744450662193,105.12999999999998,,,,,,,,
-0.08905025655077614,,80.79,,,,,,,
-0.08899614845791648,,,,78.17,,,,,
-0.08892227887505955,,,,,,73.45,,,
-0.08885304639250502,,,,,,73.43,,,
-0.08874211966966539,,,,,,73.43,,,
-0.08864329243285951,,,,79.09,,,,,
-0.08857916783632347,,,,78.66999999999999,,,,,
-0.08840901118631539,,,,77.98,,,,,
-0.08834319138229052,,,,77.82,,,,,
-0.08832507264681655,,,,77.86,,,,,
-0.08831559742496564,,,,78.49,,,,,
-0.0882760320897662,,,,77.78,,,,,
-0.08826738710562088,,,,77.82,,,,,
-0.08820221194848998,,89.53,,,,,,,
-0.08816413337386753,102.22,,,,,,,,
-0.08810110551326777,,,,78.45,,,,,
-0.088010290162294,,,,78.85,,,,,
-0.08795705664042053,,89.61,,,,,,,
-0.08789033960943826,,89.52,,,,,,,
-0.08774039865014771,,,,78.73,,,,,
-0.08766715762338018,,,,79.67,,,,,
-0.08763003324858631,,89.25999999999999,,,,,,,
-0.08735541884545339,,79.73,,,,,,,
-0.08727078631256668,111.27,,,,,,,,
-0.08720080267910213,111.24,,,,,,,,
-0.08714214146229604,,,,79.05,,,,,
-0.0870774720663966,111.56,,84.85,,,,,,
-0.08698345175766642,,,,79.95,,,,,
-0.08697361518092628,,,,78.51,,,,,
-0.08688224159452274,111.53774509803924,,,,,,,,
-0.08664822183195708,,,84.74999999999999,,,,,,
-0.08653275236816382,,,,77.77,,,,,
-0.0864469656884097,111.02,,,,,,,,
-0.08642509919139485,110.95,,,,,,,,
-0.08641241280491674,110.89,,,,,,,,
-0.08638336633012078,,,,77.74,,,,,
-0.08634981034449363,110.88,,,,,,,,
-0.0862715034580055,110.30000000000001,,,,,,,,
-0.08621138671991013,110.07,,,,,,,,
-0.0862105517095173,110.77,,,,,,,,
-0.08614508214459082,110.18,,,,,,,,
-0.08601678804363722,110.72,,,,,,,,
-0.0859156976611325,110.56,,,,,,,,
-0.08583480925303377,109.90000000000002,,,,,,,,
-0.08574571516444318,110.38,,,,,,,,
-0.08571846528701588,110.34,,,,,,,,
-0.08570258270734443,110.32,,,,,,,,
-0.08559005136606446,,,,80.72000000000001,,,,,
-0.085569983432357,110.38,,,,,,,,
-0.08552114778069697,110.13,,,,,,,,
-0.08542597017098519,110.11,,,,,,,,
-0.08539251112071244,,,,,,,74.41,,
-0.08533462118218671,,,,80.58,,,,,
-0.08533311527674803,109.96,,,,,,,,
-0.08512776373753861,,,,81.38,,,,,
-0.08503166705400322,,85.86,,,,,,,
-0.08479284469081017,99.13,,,,,,,,
-0.08446338018317323,99.55,,,,,,,,
-0.0844546627442263,,,,77.34,,,,,
-0.08445315393986352,,,,77.96,,,,,
-0.0844372273682954,99.06,,,,,,,,
-0.08426719764517476,98.94,,,,,,,,
-0.08422845423074543,98.94,,,,,,,,
-0.08420094609368656,,,,77.94,,,,,
-0.08419390106107127,99.1,,,,,,,,
-0.08411824399822676,,88.8,,,,,,,
-0.0838196876521432,,,,,77.03,,,,
-0.083729024953907,,88.25,,,,,,,
-0.08362944320591881,,,,,76.97,,,,
-0.08361298410435081,,,,,77.03,,,,
-0.08355033334023731,,,,,,,73.29,,
-0.08352228048983901,,,,,76.98,,,,
-0.0834601213498799,,88.03999999999999,,,,,,,
-0.08336283377279974,,87.97999999999999,,,,,,,
-0.08335291902596353,,,,,76.95,,,,
-0.0833285513639429,,87.97999999999998,,,,,,,
-0.08329561094772386,,,81.63444,,,,,,
-0.08324754058233952,,87.94999999999997,,,,,,,
-0.08322199064409708,,,,,76.88,,,,
-0.08316819664501895,,,,,76.86,,,,
-0.08315239345818237,,,,81.29,,,,,
-0.08312095358354843,,,,,77.29,,,,
-0.0830444464861988,,,,,77.29,,,,
-0.08294740703379344,,,,,77.33,,,,
-0.08292402704200263,,,,,77.31,,,,
-0.08288163725437503,,,82.47,,,,,,
-0.08285505753158517,,,,76.86,,,,,
-0.08284193532825002,,,,77.51,,,,,
-0.08279936969972679,,,,81.49,,,,,
-0.0826777078023948,,,,,76.8,,,,
-0.08262284001254239,,,,,,73.26,,,
-0.08258681893768327,,,,,,,72.91,,
-0.08246745787332843,,,,,,,72.91,,
-0.08242654136283523,,,,,,,72.9,,
-0.08231000192164284,,,,78.78,,,,,
-0.08222021942279001,,85.57,,,,,,,
-0.08219663386437437,,,,80.6,,,,,
-0.08218534606109751,,,,,,,73.89,,
-0.08208896724177472,,,,,76.87,,,,
-0.08203419753081886,,,,77.19,,,,,
-0.08202813032997425,,,,78.99,,,,,
-0.08200301800687804,,,,80.59,,,,,
-0.08196806979019977,,79.8,,,,,,,
-0.08196576833956981,,,81.8,,,,,,
-0.08193020135657658,,87.49,,,,,,,
-0.08188451649651529,,,,82.17,,,,,
-0.08188316779686855,,,,,76.86,,,,
-0.08187827872743192,,,,78.42,,,,,
-0.08187541269700194,,,81.69,,,,,,
-0.08184759441315281,,,,80.52,,,,,
-0.08183444336488588,,87.7,,,,,,,
-0.08174642280545208,,,,,,72.99,,,
-0.08173681034302271,,,,78.38348837209303,,,,,
-0.08166159009193674,,,,81.1,,,,,
-0.08163898787800195,,86.66,,,,,,,
-0.08155497885372176,112.1,,,,,,,,
-0.08150824429015002,106.94000000000001,,,,,,,,
-0.0814716294142177,,88.46999999999998,,,,,,,
-0.08139653447656592,,,,,77.3,,,,
-0.08138269541791843,,,,81.23999999999998,,,,,
-0.08132108967077856,,,,81.23,,,,,
-0.08121102267460945,,,,81.16230769230768,,,,,
-0.08116914977641176,,,,,,,73.78,,
-0.08114652331572314,,,,80.85,,,,,
-0.08114230183777049,,,,81.17,,,,,
-0.0810136125777623,,,,80.45,,,,,
-0.08095972802289808,,,,80.02,,,,,
-0.08086832942487909,,,,,75.34,,,,
-0.0808512640868736,,,,80.41999999999999,,,,,
-0.08076018191388301,,,,81.14999999999998,,,,,
-0.08070998606356339,,,,79.15,,,,,
-0.08058286633072387,,,,80.31,,,,,
-0.08056460688620326,106.32,,,,,,,,
-0.08052453500746526,,,,81.11999999999998,,,,,
-0.08050542777645975,,,,80.27,,,,,
-0.08048665795335819,108.27,,,,,,,,
-0.08048496694067597,,,,81.17,,,,,
-0.08038129598553334,,,,,76.91,,,,
-0.08020840270094964,,,,80.93,,,,,
-0.0801743915767521,,,,80.98,,,,,
-0.08009536099449788,,,,,,,73.78,,
-0.08008706791919562,,,,78.15,,,,,
-0.08004272281595237,,,,80.66,,,,,
-0.0800115771343134,,,,80.91999999999999,,,,,
-0.07987562862897057,,,,,76.59,,,,
-0.07983888346913992,,,82.63,,,,,,
-0.07982652153445191,,,,,,,73.73999999999998,,
-0.07978757080114429,,,,,76.68,,,,
-0.07975081860765931,,,,,76.63,,,,
-0.07974556805465582,109.34999999999998,,,,,,,,
-0.0796520447565211,,,,74.8,,,,,
-0.07964308558859123,,,,74.79,,,,,
-0.07964020558628948,,,,77.17,,,,,
-0.07964015345938491,,,,74.81,,,,,
-0.07963738420909083,,,,74.79,,,,,
-0.07959698383931602,,,,74.79,,,,,
-0.0795885123442226,,,,74.79,,,,,
-0.07950719760936975,,,83.31999999999998,,,,,,
-0.07949974124737724,,,82.46,,,,,,
-0.07946855878835968,,,,79.28,,,,,
-0.07942652691379404,,,,80.68,,,,,
-0.0794180522805853,110.2,,,,,,,,
-0.07937957548350982,110.14,,,,,,,,
-0.07937449020362397,110.12,,,,,,,,
-0.07935245334158236,,,,79.23,,,,,
-0.07927938512067612,,,,80.33,,,,,
-0.07925870013057956,,,,80.6,,,,,
-0.0792531048506051,,87.31,,,,,,,
-0.0792337751783524,109.95,,,,,,,,
-0.07921868390516618,110.09,,,,,,,,
-0.07917425503815989,,,,80.32,,,,,
-0.07909759668416194,,,,80.61,,,,,
-0.07907452884071509,,,,,74.84,,,,
-0.07904993317586317,,,,79.45,,,,,
-0.07897945964787612,,78.16,,,,,,,
-0.07896624588413048,,78.13,,,,,,,
-0.07895025835445257,,78.28,,,,,,,
-0.07893966060031765,,,,79.77,,,,,
-0.07893965407453185,,78.12,,,,,,,
-0.07892497082229144,,78.16,,,,,,,
-0.07887194406910436,93.03,,,,,,,,
-0.07884446565149184,,,,80.42,,,,,
-0.07880628033030324,,,,79.49,,,,,
-0.07877941816062362,,78.07999999999998,,,,,,,
-0.07877648052577768,,78.17,,,,,,,
-0.07865469581139839,,,,,76.88,,,73.4,
-0.07864541030754812,,78.06,,,,,,,
-0.07859493098215331,,,,,74.69,,,,
-0.0785501022717241,,,,,74.69,,,,
-0.07851494943627224,,87.53,,,,,,,
-0.07843172672035592,105.54,,,,,,,,
-0.0783960552402031,,,,78.45,,,,,
-0.07837646088408157,,77.86,,,,,,,
-0.07834814919405231,,,,,,73.15,,,
-0.07829755887108458,,77.79,,,,,,,
-0.0781446171268676,,,,74.18,,,,,
-0.07812500554011415,,,,74.72,,,,,
-0.07811242099910987,,77.73,,,,,,,
-0.07807998725537768,,,,,76.34,,,,
-0.07806992520487688,,,,74.19,,,,,
-0.07802628121545918,,77.64,,74.02,,,,,
-0.07797315093278079,,77.52,,,,,,,
-0.07796775582316562,,,,74.1,,,,,
-0.07796252414142346,,77.62499999999999,,,,,,,
-0.07794499757499529,,88.81,,,,,,,
-0.07793734584265011,,,,74.14,,,,,
-0.07793096930201682,,,,74.13,,,,,
-0.07792410215962586,,,,,73.9,,,,
-0.07791265669500136,,,,74.14,,,,,
-0.07790726087741373,,,,74.13,,,,,
-0.07789761365222236,,,,73.96,,,,,
-0.07788077140238725,,,,74.11,,,,,
-0.07785771450935908,,,,73.96,,,,,
-0.07784463207153514,,,,74.05,,,,,
-0.07783547414419145,,77.52999999999999,,73.98,,,,,
-0.07776268177758672,,,,78.15,,,,,
-0.07775484382665054,,,,73.86,,,,,
-0.07766029377229133,,,,73.85,,,,,
-0.07761890157537377,,,,,73.81,,,,
-0.07755323578643292,,,,78.07,,,,,
-0.07753185131729345,,,,73.82,,,,,
-0.07749026429350425,,,,,,73.22,,,
-0.07748209438871101,,,,,77.06,,,,
-0.07744464714010613,,,,,76.93,,,,
-0.0774112824850407,,,,,,73.21,,,
-0.07729857381731364,,,,,76.6,,,,
-0.07721263558541369,,,,73.67,,,,,
-0.07721257663288161,,,,80.34,,,,,
-0.07717715134922243,,,,,,,73.51,,
-0.07717340428516373,,,,77.88,,,,,
-0.07712503036258644,,,,80.32,,,,,
-0.07703576375659738,,,,,,73.37999999999998,,,
-0.07693847074919546,,,,80.22,,,,,
-0.07685155422195478,,,,79.76,,,,,
-0.07683587341942766,,89.19,,,,,,,
-0.07680158619690536,,,,,73.52,,,,
-0.0767521766490683,,,,,,,74.18000000000002,,
-0.0766826166666913,,,,81.00030000000001,,,,,
-0.076670340287606,,,,79.69,,,,,
-0.07659584215968607,,,,73.51,,,,,
-0.07659479927110091,,,,,76.9,,,,
-0.07651056676144863,,,,73.47,,,,,
-0.0764315680123181,,,,,,,74.08,,
-0.07635922975748888,,,,80.9,,,,,
-0.07626554852922074,,,,80.83875,,,,,
-0.0762487385021835,,,,74.73,,,,,
-0.07612183292254637,111.64,,,,,,,,
-0.07608325081216905,,,,79.57,,,,,
-0.07606737316714862,,,,79.56,,,,,
-0.07598029250767868,,,,,,,,,71.77
-0.07592598684636087,104.54679999999999,,,,,,,,
-0.07571263018356533,109.09,,,,,,,,
-0.07561984311419978,,,,80.19,76.89,,,,
-0.07556498232757569,,,,80.02,,,,,
-0.07531178637187108,,,,,76.81,,,,
-0.07526358544493339,90.03000000000002,,,,,,,,
-0.07525141602126917,,,,75.63,,,,,
-0.07524319325638884,,,,75.79,,,,,
-0.0752237869514788,,79.86,,,,,,,
-0.07513299409685847,,,,75.34,,,,,
-0.07500181299644659,,,,,76.39999999999999,,,,
-0.07499512593585589,,,,74.27,,,,,
-0.07496125475215532,,,,79.82,,,,,
-0.07493901268596626,,,,74.25,,,,,
-0.0748170539684121,,78.18,,,,,,,
-0.07480634771664052,,,,,76.84,,,,
-0.07466048492417277,,78.83,,,,,,,
-0.0746452236055043,110.23,,,,,,,,
-0.07455047624166411,,,,75.17,,,,,
-0.07452053222473243,,,,,76.81,,,,
-0.07441572937909502,,,,76.09,,,,,
-0.07429330304610915,,,,,73.67,,,,
-0.07428887334105616,,,,78.55,,,,,
-0.07427896567764647,,,,73.86,,,,,
-0.07418534987336811,,78.74,,,,,,,
-0.07414776637258402,,,,,74.0,,,,
-0.07413374101076453,,,,,76.82,,,,
-0.07405956503591937,,,,,75.21,,,,
-0.07402160196485208,108.33,,,,,,,,
-0.07385454329915231,,,,,76.84,,,,
-0.0738431945285506,,,74.7,,,,,,
-0.07379209522306418,,,,,75.65,,,,
-0.07367163586254322,,,,80.13,,,,,
-0.07361328245864518,,,,80.55,,,,,
-0.0735990362465494,,,,,76.87,,,,
-0.07358513289421265,,78.64,,,,,,,
-0.07354040299210818,,,,,75.11,,,,
-0.073444656582062,,78.53,,,,,,,
-0.07332810319714778,,,,,,,74.24,,
-0.07331520238885092,,,,,75.05,,,,
-0.07331161546435339,,,82.21,,,,,,
-0.07329967866666354,85.96,,,,,,,,
-0.07320116687680289,,,,,,73.88,,,
-0.07317282706706074,,,,,75.01,,,,
-0.07312706607997987,,78.27,,,,,,,
-0.07312194453312171,,78.33,,,,,,,
-0.07310993676199862,,88.00999999999999,,,,,,,
-0.07310357919199095,,86.68,82.15,,,,,,
-0.07304081829104381,,78.28,,,,,,,
-0.0730396549927752,,,,,,73.85,,,
-0.07302379815307125,,78.27,,,,,,,
-0.07297636981111899,,78.21999999999998,,,,,,,
-0.07296959393750635,92.07,,,,,,,,
-0.07290149917176236,,78.22,,,,,,,
-0.07288381272966182,,,,,74.87,,,,
-0.07287802729839332,89.71,,,,,,,,
-0.07287774298390959,,,,,76.45,,,,
-0.07281537471810029,88.64,,,,,,,,
-0.07278015992045872,,,,75.89,,,,,
-0.07272245477471251,,,,,74.87,,,,
-0.07269814701907229,,78.18,,,,,,,
-0.07269037488274877,87.44,,,,,,,,
-0.07266039636720278,106.78,,,,,,,,
-0.07264061689429935,,,,,,,74.11,,
-0.07256881494805045,89.41,,,,,,,,
-0.07250281192176344,,78.52,,,,,,,
-0.07243564130372748,,77.99499999999999,,,,,,,
-0.07241283417023336,99.1,,,,,,,,
-0.07240271422101174,,77.88999999999999,,,,,,,
-0.07228409778051392,98.64,,,,,,,,
-0.07225542378212568,,,,73.72,,,,,
-0.07215429257610229,,,,,76.82,,,,
-0.07200602230971764,,86.91,,,,,,,
-0.07194066131366805,,77.70000000000002,,,,,,,
-0.07185220460090003,86.88,,,,,,,,
-0.07182934225900317,86.77,,,,,,,,
-0.0718286795656301,86.78,,,,,,,,
-0.07182851389213896,86.76,,,,,,,,
-0.07182453771060882,86.78999999999999,,,,,,,,
-0.0717662164673315,,77.61,,,,,,,
-0.0717612455678831,,77.84,,,,,,,
-0.07174380723163565,100.81000000000002,,,,,,,,
-0.07163844745098702,,77.61000000000001,,,,,,,
-0.07162949733022073,86.66,,,,,,,,
-0.07156667588553345,87.91,,,,,,,,
-0.07140668315753163,,,,,73.56,,,,
-0.07138877380459163,86.5,,,,,,,,
-0.07138642563820363,,87.48,,,,,,,
-0.07138539084924589,103.67,,,,,,,,
-0.07138038933677249,,87.5,,,,,,,
-0.07136486705845158,,,,,,73.48,,,
-0.07135382867815387,,87.49,,,,,,,
-0.07132873926804284,,,,,73.53,,,,
-0.07131208743039485,,,,,76.99,,,,
-0.07121168608886874,,87.39,,,,,,,
-0.07116975951656246,,,,,76.8,,,,
-0.0711192209548358,,,,73.88,,,,,
-0.07109516094169521,,77.55000000000001,,,,,,,
-0.07106967256134888,,,,,76.95,,,,
-0.07106495971280191,87.52,,,,,,,,
-0.07105633042955062,87.48,,,,,,,,
-0.0710498251715771,,,,,77.03,,,,
-0.07104430226880698,,,81.05,,,,,,
-0.07103480962623465,,87.47,,,,,,,
-0.07102778627350648,87.52,,,,,,,,
-0.07102197765486284,87.53,,,,,,,,
-0.07101875798923873,,,,,,,75.065,,
-0.07101351353765561,87.51,,,,,,,,
-0.07101218581900104,87.5,,,,,,,,
-0.07101152195825056,87.52,,,,,,,,
-0.07100471733085356,87.54,,,,,,,,
-0.07099758066331485,87.48,,,,,,,,
-0.07094487878803646,,85.3458,,,,,,,
-0.07089748979729305,,,,,73.1,,,,
-0.07076859145802172,,,,,76.85,,,,
-0.07068206360623686,,,,,76.85,,,,
-0.07059957944630979,,77.97,,,,,,,
-0.07059177209194423,,77.88,,,,,,,
-0.07054060575728593,,77.19,,,,,,,
-0.07050870700968714,,77.25,,,,,,,
-0.0704385885253509,90.95,79.9,,,,,,,
-0.0704159888449919,,77.9,,,,,,,
-0.07040440940654058,,86.97,,,,,,,
-0.0703960470379601,,77.83,,,,,,,
-0.07028756191652408,,,,,76.87,,,,
-0.07021304101308157,,77.17,,,,,,,
-0.07019835086660309,,86.89,,,,,,,
-0.07017978967824468,,79.67,,,,,,,
-0.0701516638427172,,,,80.29,,,,,
-0.07008266221199067,,86.9,,,,,,,
-0.07006242670929508,,86.85000000000001,,,,,,,
-0.0700525680684323,,,,80.26,,,,,
-0.06984029715998052,101.55000000000001,,,,,,,,
-0.06982281985072514,101.5,,,,,,,,
-0.06981386796616051,,,,74.84,,,,,
-0.06980654659419505,,79.59,,,,,,,
-0.06974719263656537,,,,80.13,,,,,
-0.06966324414380931,,85.95,,,,,,,
-0.06965676596589754,87.44,,,,,,,,
-0.0696189803453432,,77.01,,,,,,,
-0.06956733392335179,,86.86,,,,,,,
-0.06954023656939479,,77.03,,,,,,,
-0.06946897278500952,,,,73.96,,,,,
-0.0693844611028761,,,,79.31,,,,,
-0.06935813258147394,,86.42000000000002,,,,,,,
-0.06924128845644406,,,,73.63,,,,,
-0.06921381889842193,,86.6,,,,,,,
-0.06913843922069762,106.12000000000002,,,,,,,,
-0.06913202705251265,,,,79.21,,,,,
-0.06905836743372529,,90.21,,,,,,,
-0.06901139250758981,106.94,,,,,,,,
-0.06896562639713344,,90.22000000000001,,,,,,,
-0.06883072888392106,,90.04,,,,,,,
-0.06882864789636278,,,,80.18,,,,,
-0.06877891486239607,,78.23,,,,,,,
-0.06862246396643601,,,,75.32,,,,,
-0.06845160892738655,,,,,74.62,,,,
-0.06820011110781865,,,,,,,73.49,,
-0.06815947518741639,,77.29,,,,,,,
-0.06806795791825015,,,,75.23,,,,,
-0.06799828586244738,103.91,,,,,,,,
-0.06798716730170917,103.77,,,,,,,,
-0.06796890529183952,86.01,,,,,,,,
-0.06789439315174839,,77.32,,,,,,,
-0.06783039676006519,,76.86,,,,,,,
-0.06775813544169151,,,,,76.84,,,,
-0.06772795082480076,,,75.91,,,,,,
-0.06765557332189653,,,,74.41,,,,,
-0.06762615107827252,,,75.92,,,,,,
-0.06761812650772425,86.08,,,,,,,,
-0.06761779214762054,,76.65,,,,,,,
-0.06756429144210507,,,,,76.80999999999999,,,,
-0.06747449677247552,,,75.87,,,,,,
-0.06735323816749261,,80.87,,,,,,,
-0.0673105810924125,85.5,,,,,,,,
-0.06727595071486125,,,,,73.8,,,,
-0.0671909531873367,,,75.71,,,,,,
-0.06707715271947012,,,75.71000000000001,,,,,,
-0.06703276301046135,,90.03,,,,,,,
-0.06702342255639526,,,74.56,,,,,,
-0.06697504337668903,,,,75.33,,,,,
-0.06681667277590686,,,82.21999999999998,,,,,,
-0.06669940397988083,87.41,,,,,,,,
-0.06668881725207054,,,,79.53,,,,,
-0.06666137774780723,,,,,73.33,,,,
-0.06665383913994305,86.85,,,,,,,,
-0.06654292376707371,,,,74.72,,,,,
-0.06638722918272433,84.9,,,,,,,,
-0.06626585529957874,,,,75.04,74.9,,,,
-0.0660595814474173,,79.65,,,,,,,
-0.06594718254643284,85.76,,,,,,,,
-0.06581243597671282,,,,76.36,,,,,
-0.06559286515462825,87.85999999999999,,,,,,,,
-0.06508063589619295,87.21999999999998,,,,,,,,
-0.06486778399380944,,,,75.63,,,,,
-0.06478638372138401,,,,,74.06,,,,
-0.06474500542357964,,,,,74.06,,,,
-0.06437411936463078,91.72,,,,,,,,
-0.06431750476683451,,,,80.04,,,,,
-0.06396502973351093,,,,,73.77,,,,
-0.06396031191722529,,,,,75.61,,,,
-0.06388532595242913,,,,,75.58,,,,
-0.06375048950545326,,77.23,,,,,,,
-0.06365152855286615,,,,75.86,,,,,
-0.06355693132648776,,79.23,,,,,,,
-0.0632848502061335,,,,,76.85,,,,
-0.06317779086830677,,,,,76.99,,,,
-0.06312518377159859,,,,,73.9,,,,
-0.06311876951460549,,,,,73.92,,,,
-0.06287800257492293,,,,,73.81,,,,
-0.06282057844155708,,,,,75.56,,,,
-0.06232078606023572,,,,,76.24,,,,
-0.062146839669313,,,,74.33,,,,,
-0.061887633622380145,,79.4,,,,,,,
-0.061806560028954016,,,79.15,,,,,,
-0.061709727273301374,,,,,75.42,,,,
-0.06166333527075796,,,75.53,,,,,,
-0.06155038373565758,,,,,75.25,,,,
-0.06154818201128642,,,,,75.72,,,,
-0.061487207077974726,,,,,75.22,,,,
-0.06142662402289811,103.67,,,,,,,,
-0.06133812387845705,,,,,75.66,,,,
-0.06088482348336954,,79.66,,,,,,,
-0.06080137122999796,,,,74.26,,,,,
-0.06068363084071893,91.98205,,,,,,,,
-0.060646470324918766,91.25,,,,,,,,
-0.06032394970420085,,77.87,,,,,,,
-0.06006577370505073,,78.97,,,,,,,
-0.0599645028134177,,,,,75.88,,,,
-0.05991606858346166,,,,,75.51,,,,
-0.05910452082183604,,80.72,,,,,,,
-0.058986354578284717,89.04999999999998,,,,,,,,
-0.05616199164340341,,80.52,,,,,,,
-0.05571276525618596,,81.25,,,,,,,
-0.05565034364339172,,82.11999999999999,,,,,,,
-0.05540606549196725,,,,,75.34,,,,
-0.05530567583250279,,,,76.28,,,,,
-0.05526465579748663,,,,76.25,,,,,
-0.05439725280580332,,,,,75.4,,,,
-0.05409623624892401,,,,,72.9,,,,
-0.054014842870955815,,,,,75.76,,,,
-0.05396751469988936,,,,,75.81,,,,
-0.05366605221688736,,,,,75.82,,,,
-0.05286955026603435,,,,,75.17,,,,
-0.05210868448908934,,,,,75.38,,,,
-0.052079828003530726,,,,,75.28,,,,
-0.05155889974266237,,,,,75.61,,,,
-0.051555785938329546,,,,,75.52,,,,
-0.051173843928315366,,,,,75.42,,,,
-0.05112986711073786,87.56,,,,,,,,
-0.051110820767242604,87.63,,,,,,,,
-0.05109177365911055,,,,76.52,,,,,
-0.050696460193146775,92.84,,,,,,,,
-0.05066509125755658,87.30999999999999,,,,,,,,
-0.05062782712078795,86.87,,,,,,,,
-0.05044891853436062,86.83,,,,,,,,
-0.05042481619785355,86.63,,,,,,,,
-0.05031625381905269,86.83,,,,,,,,
-0.050095063563254216,88.82,,,,,,,,
-0.04992133531363829,88.82,,,,,,,,
-0.04988731115368339,,,,,75.66,,,,
-0.04972548945076505,86.34,,,,,,,,
-0.04916285188974312,,,,,74.86,,,,
-0.04908669348607919,,,,,74.92,,,,
-0.048937992951898934,85.71,,,,,,,,
-0.04854575708128972,,,79.71,,,,,,
-0.04825145489407401,91.77,,,,,,,,
-0.04823475747964101,84.3,,,,,,,,
-0.047598115709502786,,81.03,,,,,,,
-0.04756636722397467,,,80.04,,,,,,
-0.047479658653345136,93.66,,,,,,,,
-0.04734529024915768,,80.75,,,,,,,
-0.047169157891766456,,80.67,,,,,,,
-0.04707696356205571,,80.41,,,,,,,
-0.04703522579309127,,,,,76.64,,,,
-0.04701077519259089,,83.66,,,76.6,,,,
-0.04694333548653551,,,73.78,,,,,,
-0.046899334424144734,,,,,76.6,,,,
-0.046764278004599036,,,,,76.54999999999998,,,,
-0.04669804618931295,,,,,76.53,,,,
-0.046656275220066545,,,,,76.48,,,,
-0.04655087026986093,,83.45,,,76.51,,,,
-0.04646135390385142,,,,76.6,,,,,
-0.046450862604388465,,80.1,,,,,,,
-0.04628909251839475,86.54999999999998,,,76.54,,,,,
-0.046237139562468665,,80.11,,,,,,,
-0.04618518094600821,,83.1,,,,,,,
-0.046177307934502476,,,,,76.37,,,,
-0.0461458145887228,,83.17,,,,,,,
-0.04612446791630476,,83.03,,,,,,,
-0.046106269998519744,,83.10999999999999,,,,,,,
-0.04609874565653915,,83.2,,,,,,,
-0.04608474656489614,85.92,,,,,,,,
-0.0460294461357037,,,,,76.33,,,,
-0.04600529393677655,,83.03,,,,,,,
-0.04600109342951597,,,,76.33,,,,,
-0.045986216335467955,,83.00999999999999,,,,,,,
-0.045954185252213064,95.76,,,,,,,,
-0.04593703111015868,,83.14666666666666,,,,,,,
-0.04591882603981079,,,,76.49,,,,,
-0.045912349068379266,86.02999999999999,,,,,,,,
-0.04590622212257245,,83.06,,,,,,,
-0.045899394861691145,,,,,76.21,,,,
-0.04585947968882542,,82.91999999999999,,,,,,,
-0.04584372278016924,,83.61,,,,,,,
-0.04584197198041551,,,,,76.09,,,,
-0.04580835537913608,,,,,75.81,,,,
-0.045742165772569954,,,,,75.79,,,,
-0.04572360301734857,,,,,75.71,,,,
-0.04571642289003308,,83.2,,,,,,,
-0.04568524937712615,,81.47,,,,,,,
-0.04566072945289201,,,,,75.8,,,,
-0.04565092113038982,,,,76.93,,,,,
-0.04557122103561029,96.98,,,,,,,,
-0.04554424260356438,,,,,76.03,,,,
-0.04553618381504687,91.75,,,,,,,,
-0.0455028960727033,,82.51,,,,,,,
-0.04548152061401978,,,,,75.73,,,,
-0.0454068742086744,,,,76.77,,,,,
-0.045378484483269754,,,,,75.7,,,,
-0.045340278360415986,,,,,75.69,,,,
-0.045190929681066305,,,,76.76,75.65,,,,
-0.04517672860654187,96.63,,,,,,,,
-0.04516954024729747,,,,,75.81,,,,
-0.04515340987652916,,,,,75.63999999999999,,,,
-0.045150779873100566,96.64,,,,,,,,
-0.04512816124553487,,82.91999999999999,,,,,,,
-0.044965766614243785,,82.73,,,,,,,
-0.044778575999988246,,82.79,,,,,,,
-0.04462027514201172,,,,,74.495,,,,
-0.04450107613066301,,,,,75.85,,,,
-0.04443331976074738,,,,73.07,,,,,
-0.04440829319110817,,,,73.04,,,,,
-0.04438535968967516,,,79.33,,,,,,
-0.04434064725392162,,,,73.0,,,,,
-0.04416979863312742,,,,73.01,,,,,
-0.04412648472381364,,,,73.0,,,,,
-0.04410306260187424,,80.29999999999998,,,,,,,
-0.04397688619376916,,,,72.94,,,,,
-0.04389127425758166,,,,76.16,75.85,,,,
-0.04371438985483944,,,,,74.22,,,,
-0.04371315881956683,,,,,74.24,,,,
-0.04360692612507222,,,,,75.75,,,,
-0.043567522569507355,,,,,75.16,,,,
-0.04356118955237742,,,,76.0,,,,,
-0.04341497909125891,,,,,74.12,,,,
-0.04334018510263582,,,,,75.70915254237288,,,,
-0.043282434187132846,,,,72.61,,,,,
-0.04327224442627886,,82.54,,,,,,,
-0.04316732225038955,,,,,75.03,,,,
-0.04312876285013667,,,,75.83,,,,,
-0.042808899373812936,94.33,,,,,,,,
-0.042643599777893226,94.33,,,,,,,,
-0.04257238705115973,94.56,,,,,,,,
-0.04244862092345514,,84.9,79.81,,,,,,
-0.04240277349621324,,,,77.06,,,,,
-0.04236415244899716,,,79.84,,,,,,
-0.042344399841839464,97.65,,,,,,,,
-0.04222657272382835,,,,76.97,,,,,
-0.04218476182266351,,,,,74.76,,,,
-0.042159003079090485,,,79.8,,,,,,
-0.04203477708517711,,,79.67,,,,,,
-0.04194388112587066,,,,,74.68,,,,
-0.041808122813664084,90.67,,,,,,,,
-0.04175356149795295,,,,,75.84,,,,
-0.0417288391153019,,,,,74.66,,,,
-0.04172106896014749,,,,,75.86,,,,
-0.04171753702978509,,,,,74.67,,,,
-0.041680626799843634,,80.05,,74.54,,,,,
-0.04158595407353616,,,,,75.06,,,,
-0.0414403759323374,,,,74.43,,,,,
-0.04138382880884939,,,,,74.47,,,,
-0.04120318674559287,,,,,74.4,,,,
-0.041073584509355165,,,,,76.16999999999999,,,,
-0.041057315451019316,,,,,74.37,,,,
-0.041003729757801866,,82.21,,,,,,,
-0.04099594783903193,86.78999999999999,,,,,,,,
-0.040862043683200344,,,,,74.3,,,,
-0.04071306011980391,91.38,,,,,,,,
-0.040676072468805335,,,,,75.23,,,,
-0.040502953590234925,,,,75.99,,,,,
-0.04037634963223358,,,,76.7,,,,,
-0.04037378507322753,,74.22,,,,,,,
-0.04026494593554053,,,,,75.04,,,,
-0.04011382773255123,,,,,74.94,,,,
-0.0401113470837382,,,,,74.59,,,,
-0.04003408617429394,,,,,74.97,,,,
-0.03997474066873219,,,,72.4,,,,,
-0.03993288392345451,92.29,,,,,,,,
-0.03991781696513219,,,,77.28,,,,,
-0.03991568982703908,,,,,74.47,,,,
-0.03990718118040826,,,,,74.44,,,,
-0.03990540852671087,,,,,74.98,,,,
-0.0398474391438689,,,,,74.96,,,,
-0.039777582942904455,,,,,74.4,,,,
-0.03975435439084318,,,,,74.41,,,,
-0.03970807125366105,,,,,74.92,,,,
-0.0396961894221427,,,,,74.34,,,,
-0.03967220811370287,77.28,,,,,,,,
-0.03966503516426523,74.68,,,,,,,,
-0.03965149691552683,,,,,74.32,,,,
-0.039641032592736436,,,,,74.31,,,,
-0.03955695501137013,,,,,74.28,,,,
-0.03954820347491461,77.19,,,,,,,,
-0.039525995406799797,77.19,,,,,,,,
-0.03952573258327674,,,79.55,,,,,,
-0.03945594784886164,,74.54,,,,,,,
-0.03944877166843486,77.26,,,,,,,,
-0.03944713532656674,,,,,74.43,,,,
-0.039436640262440203,77.25,,,,,,,,
-0.0394352733242459,77.25,,,,,,,,
-0.039429805532564144,77.25,,,,,,,,
-0.03942878031469388,77.26,,,,,,,,
-0.0394284385749174,77.25,,,,,,,,
-0.03932486707581573,,82.77,,,,,,,
-0.03925386977455725,95.99,,,,,,,,
-0.039219419154762236,,75.23,,,,,,,
-0.03913581353321771,,,,,76.26,,,,
-0.03906354524938882,,,,,74.25000000000001,,,,
-0.039054771564634105,,,,73.78,,,,,
-0.038996969103218704,,,,73.75,,,,,
-0.03899481814917427,95.52,,,,,,,,
-0.038943843640598996,,,,,74.15,,,,
-0.03884986639123189,,,,73.72,,,,,
-0.03882146696135691,,,,73.68,,,,,
-0.03858953689597533,94.54999999999998,,,,,,,,
-0.03858260452039963,,,,,74.07,,,,
-0.038579490514785486,78.7,,,,,,,,
-0.038463494249549424,,,,75.67,,,,,
-0.03829615669854458,,,,78.07,,,,,
-0.03821842540449849,,83.26,,,,,,,
-0.03818569267924288,96.36,,,,,,,,
-0.0381794660934216,,,,,73.91,,,,
-0.03815753732705762,76.85,,,,,,,,
-0.0380784062291083,,,,,73.87,,,,
-0.03800188551630446,,,,,75.61,,,,
-0.037990640361530326,,,,73.7,,,,,
-0.03796647491319427,78.86,,,,,,,,
-0.037874264598269036,,,,,76.13,,,,
-0.03786839001707054,,,,,73.81,,,,
-0.03786705817162672,80.52,,,,,,,,
-0.03782642852039264,,74.89,,,,,,,
-0.03778596689235336,76.43000000000002,,,,,,,,
-0.03778026268968915,,82.13,,,,,,,
-0.03736760684952167,76.02,,,,,,,,
-0.03730702685645981,79.11,74.81999999999998,,,,,,,
-0.037288055262627795,,82.81,,,,,,,
-0.03727450932473697,,,,77.76,,,,,
-0.03724260357001552,,,,77.77,,,,,
-0.03717691713677096,78.73999999999998,,,,,,,,
-0.03715043931862838,,,,,75.53,,,,
-0.03709313395692848,75.8,,,,,,,,
-0.0370916018462657,89.71,,,,,,,,
-0.037062358730566736,96.41,,,,,,,,
-0.037023840697076205,89.8,,,,,,,,
-0.036988384474897384,75.75,,,,,,,,
-0.03696193592051733,78.99,74.76,,,,,,,
-0.036933253053991644,78.98,74.74,,,,,,,
-0.03692646192711024,96.28,,,,,,,,
-0.036922432127554305,,74.72,,,,,,,
-0.036802480604072985,96.28999999999999,84.31,,,,,,,
-0.03678448695039194,,,,71.81,,,,,
-0.03678285473481424,,83.59,,,,,,,
-0.036777442612002664,,74.53,,,,,,,
-0.03674015744660508,75.81,,,,,,,,
-0.036731737816217414,76.33,,,,,,,,
-0.03659494116003603,,82.33999999999999,,,,,,,
-0.036590128509956465,,74.52,,,,,,,
-0.03652807539346237,75.01,,,,,,,,
-0.03650555552680934,,74.27,,,,,,,
-0.036445726645719545,75.12,,,,,,,,
-0.03640998976000309,,,,75.94,,,,,
-0.036407668490141654,94.4,,,,,,,,
-0.03636499084361422,,,,76.43,,,,,
-0.036290161912519214,95.59,,,,,,,,
-0.03628587541659789,95.805,,,,,,,,
-0.03620599276404879,79.29,,,,,,,,
-0.036201864306860454,78.23,,,,,,,,
-0.03619773581430308,78.26,,,,,,,,
-0.03618775847793343,78.43999999999998,,,,,,,,
-0.036130470807426374,78.12,,,,,,,,
-0.03613029876212348,78.11,,,,,,,,
-0.03612296031106543,,,,76.3,,,,,
-0.036059755012801675,,74.65,,,,,,,
-0.03603701469561582,,,,,76.1,,,,
-0.03599728936719293,,74.37,,,,,,,
-0.03595271526595656,77.9,,,,,,,,
-0.03594617508967046,77.88,,,,,,,,
-0.035913697960660906,95.65,,,,,,,,
-0.035431566466555875,95.20999999999998,,,,,,,,
-0.035367687229102995,95.37,,,,,,,,
-0.035351402932976894,91.87,,,,,,,,
-0.0353206223220871,,,,78.16,,,,,
-0.03521967676890614,,82.36999999999998,,,,,,,
-0.035191930939038496,,82.42999999999999,,,,,,,
-0.03504494092619348,94.97,,,,,,,,
-0.03486462189034267,,74.49,,,,,,,
-0.034864588717752554,94.57,,,,,,,,
-0.03486118519788872,94.49,,,,,,,,
-0.03479078732830443,,75.05,,,,,,,
-0.0347115923808714,79.44,,,,,,,,
-0.03468622654555675,,75.84,,,,,,,
-0.034670868351094564,,75.66,,,,,,,
-0.034401489547117636,,,,,75.57000000000001,,,,
-0.03428008551821271,,,,,75.46,,,,
-0.03411882381677234,,,,76.71,,,,,
-0.033931305084493935,,,,77.21,,,,,
-0.03383078661038119,,,,76.57999999999998,,,,,
-0.03382057403940286,75.48,,,,,,,,
-0.033804151027862384,74.69,,,,,,,,
-0.03360975191833104,90.96,,,,,,,,
-0.03349982537943963,,,,76.46,,,,,
-0.033283491661047604,95.69,,,,,,,,
-0.033155514518378504,91.94,,,,,,,,
-0.03314019413470615,,,,74.37,,,,,
-0.03301432356486789,,,,74.31,,,,,
-0.03293830722917668,,,,76.08,,,,,
-0.03288057265373101,90.37,,,,,,,,
-0.03287445706129977,,83.73,,,,,,,
-0.032760578330362056,,,,74.57,,,,,
-0.032422275287688596,,75.79,,,,,,,
-0.032406498214610724,,73.33,,,,,,,
-0.0323915875407873,,,,74.4,,,,,
-0.032375596065936874,,,,77.12,,,,,
-0.03236384552943139,78.98,,,,,,,,
-0.0323123452035754,74.63,,,,,,,,
-0.032301586932349524,96.84,,,,,,,,
-0.032245937573163186,,,,77.22,,,,,
-0.03219649278762349,,,,72.66,,,,,
-0.03210975875335731,91.11,,,,,,,,
-0.032056322850085084,81.22,,,,,,,,
-0.03192902848306811,,,,,76.95,,,,
-0.03192236017328587,93.37999999999998,,,,,,,,
-0.03189730813461311,,,,76.86000000000001,,,,,
-0.03179617229581566,,,,72.48,,,,,
-0.03177325707531686,,,,73.06,,,,,
-0.03175468106268142,,,,72.48,,,,,
-0.03170748329974726,,83.39,,,,,,,
-0.03168007603545986,,,,,75.58,,,,
-0.03165483112991352,,,,,76.17,,,,
-0.031561233172678005,,83.37999999999997,,,,,,,
-0.03154335045110357,,73.94,,,,,,,
-0.03148890328410947,,,,77.38,,,,,
-0.03145967966646457,,,,,76.03,,,,
-0.03128339860061424,93.93,,,,,,,,
-0.031095138258997124,,,,77.23,,,,,
-0.031033659199106167,,,,74.65,,,,,
-0.030983060507212223,,,,74.63,,,,,
-0.03095575936190953,,,,74.62,,,,,
-0.03090734654231475,,,,,75.7,,,,
-0.030889847709723584,,,,74.56,,,,,
-0.030763738430415244,77.46,,,,,,,,
-0.030759770640483186,89.66,,,,,,,,
-0.030688947151110924,,,,,75.5,,,,
-0.030561025106315087,,,,74.42,,,,,
-0.030535788758775273,,73.49,,,,,,,
-0.030441271314132767,76.84,,,,,,,,
-0.030431174438718456,,,,74.87,,,,,
-0.030252006974283874,79.64,,,,,,,,
-0.030211776605331808,,76.02,,,,,,,
-0.030109008563059758,,75.37,,,,,,,
-0.030097685328126067,77.5,,,,,,,,
-0.03003967137744068,,,,78.25,,,,,
-0.030038585811180574,,80.77,,,,,,,
-0.03002207418283409,,75.31,,,,,,,
-0.030012531491948935,,,,78.20533333333334,,,,,
-0.02992820722524392,,,,78.7,,,,,
-0.029804059946610506,,,,72.63,,,,,
-0.02951479154247294,76.96,,,,,,,,
-0.029273166485763946,,,,75.5,,,,,
-0.029245070857020217,,,,72.37,,,,,
-0.029240218055049172,91.18,,,,,,,,
-0.029108932359637518,,,,75.37,,,,,
-0.029053418783824725,,76.26695652173915,,,,,,,
-0.028956516672816623,,76.84,,,,,,,
-0.02783261221917188,,,,74.45,,,,,
-0.027712183360518394,,,,74.42,,,,,
-0.027598903995920243,76.37,,,,,,,,
-0.026997924622610303,75.62,,,,,,,,
-0.026643251832698,,,,72.49,,,,,
-0.026577066829602702,90.95,,,,,,,,
-0.02651397358067087,,,,75.32,,,,,
-0.02646764059565032,,,,75.5,,,,,
-0.026441322644957133,,,,72.41,,,,,
-0.026425617138503887,,83.72,,,,,,,
-0.026369654488548222,,,80.4615,,,,,,
-0.026352315496468326,,76.19,,,,,,,
-0.026346866550165382,,,,77.95,,,,,
-0.026339756495062816,,,,78.27,,,,,
-0.026242406494025428,,75.84,,,,,,,
-0.026140551723839445,,,,74.2,,,,,
-0.02609222871179262,,,,72.31,,,,,
-0.02601478437410265,,,73.98,,,,,,
-0.025940819411051308,76.21,,,,,,,,
-0.025928107874715667,,,,,75.5,,,,
-0.025782296815657135,,,,,74.94,,,,
-0.025735204571250447,,,,77.98,,,,,
-0.02566820892146915,94.69,,,,,,,,
-0.02565835047331466,,82.85999999999999,,,,,,,
-0.02558458834602917,,,,,76.39,,,,
-0.02554146059425011,81.66,,,,,,,,
-0.025419678650881017,89.25,,,,,,,,
-0.025416948778927195,,,,72.39,,,,,
-0.025399004354842103,,,74.72,,,,,,
-0.025365609725651606,89.47,,,,,,,,
-0.02534569769784778,96.37,,,,,,,,
-0.025327794446130314,93.03,,,,,,,,
-0.025186473704134293,,,,74.13,,,,,
-0.025093347311994973,,83.23,,,,,,,
-0.024987582133511377,78.52,,,,,,,,
-0.0249791318450302,,76.27,,,,,,,
-0.024916569423971247,,,,77.64,75.66,,,,
-0.02487268493992756,,,,78.02,,,,,
-0.024863498619561275,,,,71.97,,,,,
-0.024814850263932042,,74.13,,,,,,,
-0.024670582489235704,,,,,75.69,,,,
-0.024650689481652388,78.12,,,,,,,,
-0.024417211231559377,76.18,,,,,,,,
-0.02417110432249614,73.39,,,,,,,,
-0.02402807392117845,,,,72.13,,,,,
-0.023562344730590934,,75.91,,,,,,,
-0.02349754246881519,79.18,,,,,,,,
-0.023484651620011787,76.6,,,,,,,,
-0.023212034027740747,,,,71.59,,,,,
-0.02307948083246414,74.52,,,,,,,,
-0.02300277786955629,74.51,,,,,,,,
-0.02287574544176052,,76.95000000000002,,,,,,,
-0.022709869888297596,,74.38,,,,,,,
-0.02219296044118657,,77.08,,,,,,,
-0.022141168590196547,,82.73,,,,,,,
-0.021775108231691376,,,,71.67,,,,,
-0.021755795385462018,,,,71.63,,,,,
-0.02171647137755839,73.69,,,,,,,,
-0.021702028580886212,,,,71.66,,,,,
-0.021690891675389845,,,,71.64,,,,,
-0.021690746661927274,,77.57,,,,,,,
-0.021597436087186783,,,,71.6,,,,,
-0.021502395895860893,,,,72.96,,,,,
-0.021460788243580886,71.94,,,,,,,,
-0.021193871586073776,78.17,,,,,,,,
-0.02114783408491383,,,,72.75,,,,,
-0.02104144511686412,,77.84,,,,,,,
-0.020979502755489432,,78.71,,,,,,,
-0.02085455186026064,,,,71.36,,,,,
-0.020799639939125814,77.4,,,,,,,,
-0.020730250354762725,,,,73.15,,,,,
-0.02055847755609752,,78.31,,,,,,,
-0.02050004363227076,,,,70.6,,,,,
-0.020305504368992033,,,,70.61,,,,,
-0.020171986538944697,76.53000000000002,,,,,,,,
-0.019941691876439238,71.67,,,,,,,,
-0.019822748310085347,,,,73.06,,,,,
-0.01958986539150409,76.57,,,,,,,,
-0.01951456529270401,76.06,,,,,,,,
-0.01932920301429142,,77.55,,,,,,,
-0.01915483603924728,,,,73.47,,,,,
-0.019145390295424503,,,,71.82,,,,,
-0.01899703326866442,,,,73.47,,,,,
-0.018928681020466853,,,,74.6,,,,,
-0.01879979591035763,73.85,,,,,,,,
-0.01868710511242211,,,,75.005,,,,,
-0.018416119820337973,73.38,,,,,,,,
-0.018409287632849325,73.29,,,,,,,,
-0.018339734055740076,73.26,,,,,,,,
-0.018269995385869042,,77.38,,,,,,,
-0.018128209604991175,,,,,,71.76,,,
-0.017635623588533322,78.55,,,,,,,,
-0.017632942915196015,77.54,,,,,,,,
-0.017628215146565318,75.89,,,,,,,,
-0.017627402810604376,77.7,,,,,,,,
-0.01749414203211863,,,,73.05,,,,,
-0.0173630168313208,75.09,,,,,,,,
-0.01715429767484189,78.34,,,,,,,,
-0.017150719937097714,78.34,,,,,,,,
-0.017102242275719215,74.65,,,,,,,,
-0.017092932612248868,,,,73.16,,,,,
-0.01706412423451631,,,,71.26,,,,,
-0.016841863019125713,77.92,,,,,,,,
-0.016657279385694945,77.91,,,,,,,,
-0.016283020025437134,72.75,,,,,,,,
-0.015933820654833508,72.1,,,,,,,,
-0.015528039766833257,79.65,,,,,,,,
-0.015378534142107325,,,,,,72.21999999999998,,,
-0.015205760222656628,,,,,,72.16,,,
-0.015200202504017657,,77.71,,,,,,,
-0.015098715760354597,,,,,,72.14,,,
-0.0149774502800748,79.31,,,,,,,,
-0.014875022302134888,,77.49,,,,,,,
-0.014677294041096633,78.62,,,,,,,,
-0.014628029380142626,,,76.02,,,,,,
-0.01461646274900874,,,,72.86,,,,,
-0.014188294964720294,72.76,,,,,,,,
-0.013872483312929451,,,,72.44,,,,,
-0.013731016115276606,70.85,,,,,,,,
-0.013648366738688633,76.926,,,,,,,,
-0.013519351918750533,76.63,,,,,,,,
-0.013386904630569796,,,,73.17,,,,,
-0.013223896208696684,81.14999999999999,,,,,,,,
-0.013214316214934074,,,,73.1,,,,,
-0.01321343099051664,,,,73.0,,,,,
-0.013116932006627446,,,,,,73.53,,,
-0.013113167409633975,76.1,,,,,,,,
-0.013089900382391217,,,78.38,,,,,,
-0.013017048964044653,,,,72.83,,,,,
-0.01294513482451598,,,,74.34,,,,,
-0.0129433634080518,,,,,,73.47,,,
-0.012907402279178859,,,,72.78,,,,,
-0.012865237618592928,,,,,,73.46,,,
-0.012814918771719253,73.57,,,,,,,,
-0.012803578604976606,,,,,,72.98,,,
-0.012770544290678365,76.11,,,,,,,,
-0.012714590597422859,75.668,,,,,,,,
-0.012675419238129204,,,,76.35,,,,,
-0.012618555338870241,,,,74.68,,,,,
-0.012542682842534125,,,,74.14,,,,,
-0.0124917991932596,,,,74.6,,,,,
-0.012431656612977071,81.3,,,,,,,,
-0.012410886085070572,78.59,,,,,,,,
-0.0123208484702646,72.76,,,,,,,,
-0.012244148369708885,,79.12,,,,,,,
-0.012200580035819364,,,,71.86,,,,,
-0.012148241704694529,,,,71.86,,,,,
-0.012059520001034718,72.22,,,,,,,,
-0.01201409160641942,,,,74.31,,,,,
-0.011888597086616381,,,,73.36,,,,,
-0.011831126331351638,80.11,,,,,,,,
-0.01177230730862655,71.9,,,,,,,,
-0.011666823901490098,,,,72.4,,,,,
-0.011588495896474815,,,,,,72.85,,,
-0.011499193273508346,81.31,,,,,,,,
-0.011310606659811762,76.57,78.63,,,,,,,
-0.01129674364290767,,,,,,73.05,,,
-0.011181381156676884,,,,72.09,,,,,
-0.011169934292242112,79.24,,,,,,,,
-0.011064720686218554,,,77.67,,,,,,
-0.010930500101013263,,,,74.24,,,,,
-0.010567686789704434,,79.19,,,,,,,
-0.010552013031929541,,,,,,72.91,,,
-0.010353120144544925,75.39,,,,,,,,
-0.01033353173789675,75.29,,,,,,,,
-0.010281198905766842,74.08,,,,,72.73,,,
-0.010112058850252237,75.15999999999998,,,,,,,,
-0.010051162677231829,75.15,,,,,,,,
-0.010013886323076648,75.34,,,,,,,,
-0.009975031923885491,75.13,,,,,,,,
-0.009855003166663656,,,,,,72.64,,,
-0.009770147846718258,,,,,,72.64,,,
-0.009506614019584969,,,,71.29,,,,,
-0.009462113164000918,,,,71.27,,,,,
-0.009327009301534961,,,,71.25,,,,,
-0.009299921789732823,,,77.34,,,,,,
-0.00918867414582436,,,77.36,,,,,,
-0.009025211132684285,,,77.18,,,,,,
-0.009007206903329124,,,77.22,,,,,,
-0.008945856411474273,,,,72.32,,,,,
-0.008888825617953233,74.16,,,,,,,,
-0.008813271954245416,73.58,,,,,,,,
-0.008791468998576413,,,,74.66,,,,,
-0.008782725714140516,,,,,,72.28,,,
-0.008732697796376088,84.24,,,,,,,,
-0.008695006454296661,,,,,,72.61,,,
-0.008675011542510935,85.0,,,,,,,,
-0.008539133757100137,,73.26,,,,,,,
-0.008523861997852822,,72.22,,,,,,,
-0.008507188593289916,,,,,,72.62,,,
-0.008489168845848272,84.84,,,,,,,,
-0.008464468414365212,74.53,,,,,,,,
-0.008436084144113898,,72.16,,,,,,,
-0.008384814688370712,,,,72.14,,,,,
-0.008273165566811569,75.55,,,,,,,,
-0.008267507089116277,,71.89,,,,,,,
-0.008243093785668898,,,,72.04,,,,,
-0.008185480650141463,,,,72.03,,,,,
-0.008164787469550738,74.75,,,71.74,,,,,
-0.008115419296663706,,,,,,72.28,,,
-0.00802911859667288,,,,71.33,,,,,
-0.007864328754076055,78.67,,,,,,,,
-0.007814990328000149,73.98,,,,,,,,
-0.007637582027775425,78.95,,,,,,,,
-0.0075421284582333215,86.2,,,,,,,,
-0.007434137841050181,,,,,,72.02,,,
-0.007252551937089624,,72.24,,,,,,,
-0.007212424452854416,,73.64,,,,,,,
-0.007148002497022743,,72.24,,,,,,,
-0.007143601785155829,,72.21,,,,,,,
-0.007094487193557875,,72.29,,,,,,,
-0.007073680649153147,81.31,,,,,,,,
-0.0070142034205877835,,73.14,,,,,,,
-0.006994011993345706,,,,74.24,,,,,
-0.0069770501756764025,,73.66,,,,,,,
-0.006662535118618362,80.83,,75.73,,,,,,
-0.006511145319240463,,,,,,72.02,,,
-0.006462330290217699,79.4,,,,,,,,
-0.006368076593564864,,,,75.68,,,,,
-0.0063650448617149635,77.92,,,,,,,,
-0.00635229941821025,,,,,,71.77,,,
-0.006277839747395819,,,,70.81,,,,,
-0.006254453786857184,,,,,,72.32,,,
-0.006210814340304349,,,,74.92,,,,,
-0.006172571808549021,78.42999999999999,,,,,,,,
-0.006151201265043094,73.87,,,,,,,,
-0.006023497604516592,,81.3,,,,,,,
-0.005980447635404951,71.03,,,,,,,,
-0.005824271983755125,,,,71.15,,,,,
-0.00580026775929221,,,,70.15,,,,,
-0.005706341695343009,,,,,,71.87,,,
-0.005660919693677324,,,,75.25,,,,,
-0.005634854202986039,,,,71.06,,,,,
-0.00563144060802323,84.71,,,,,,,,
-0.005537864974509477,84.69,,,,,,,,
-0.005491162131460836,87.04,,,,,,,,
-0.00545225282824513,,,,71.205,,,,,
-0.005451193050093006,,,,,,,72.79,,
-0.005331603454284406,,,,,,72.15,,,
-0.005239990457672428,87.21,,,,,,,,
-0.005104170923103446,,,,72.66,,,,,
-0.005093742377197064,,,,72.64,,,,,
-0.005075712849926917,,,,72.64999999999999,,,,,
-0.004952572169960701,79.07,,,,,,,,
-0.004949088404376911,,76.76,,,,,,,
-0.004822189369068419,,,,74.19,,,,,
-0.00471855560333323,89.11,,,,,,,,
-0.004668827078219806,,,,,,71.95,,,
-0.004572698083581184,78.55,,,,,,,,
-0.00440851465395109,,,,73.06,,,,,
-0.004396044012935585,,,,,,71.92,,,
-0.0041586335463106305,,,,,,71.84,,,
-0.0039695502424503815,,77.58,,,,,,,
-0.003875294041255861,79.38,,,,,,,,
-0.003841613662739163,65.07,,,,,,,,
-0.0037164932955457974,70.74,,,,,,,,
-0.0036475396054551634,70.75,,,,,,,,
-0.003551523542544621,,,,,,71.9,,,
-0.003371806740979477,70.43,,,,,,,,
-0.003318415739026026,,,,73.27,,,,,
-0.0031945833593659545,,,,,74.0,,,,
-0.0031488037162612503,,,,73.4,,,,,
-0.003120233668617134,,81.53,,,,,,,
-0.00309822829192985,,,,73.38,,,,,
-0.003034868677438518,,,,,74.66,,,,
-0.0029959970289280546,,72.07000000000001,,,,,,,
-0.0029794599266628197,,,,,,71.84,,,
-0.002940613006354842,69.76,,,,,,,,
-0.002911498424600145,86.47,,,,,,,,
-0.0028333777309901276,,,,,74.53,,,,
-0.002798041851497679,,73.0,,,,,,,
-0.0027779756392904975,71.1,,,,,,,,
-0.002644838132951133,,78.36,,,,,,,
-0.0026291802997099323,,78.39,,,,,,,
-0.002579440391653809,,78.39,,,,,,,
-0.0024982076139667964,,,,,74.51,,,,
-0.0024798351298671584,,,,,,71.64,,,
-0.0022742801453472516,,,,,74.4,,,,
-0.002256326051229829,,71.5,,,,,,,
-0.002246015487279873,,,,71.31,,,,,
-0.0021965929289948782,,,,73.17,,,,,
-0.0021891257858206448,,,,71.27,,,,,
-0.002179498669110602,80.69,,,,,,,,
-0.0021743360347923346,83.82,,,,,,,,
-0.0021685016669130697,71.99,,,,,,,,
-0.002131873974957732,,,,73.18,,,,,
-0.002109291485123399,68.88,,,,,,,,
-0.0020463593819562975,,81.51,,,,,,,
-0.0019694469580028295,78.59999999999998,,,,,,,,
-0.0019639132329605236,,,,75.13,,,,,
-0.0018766567230168452,87.57,,,,,,,,
-0.0018094975608106134,83.48,,,,,,,,
-0.0018063607856301234,,78.78,,,,,,,
-0.00178514090634585,83.13,,,,,,,,
-0.001728257953418133,,70.89,,,,,,,
-0.0016887504405495024,69.48,,,,,,,,
-0.0016865950358312398,87.26,,,,,,,,
-0.0016291596894159044,,,,74.09,,,,,
-0.0014094920096116015,79.55,,,,,,,,
-0.0013547692532113187,71.14,,,,,,,,
-0.001282796763268479,82.66999999999999,,,,,,,,
-0.00124474497524385,84.03,,,,,,,,
-0.001239387937302272,82.43,,,,,,,,
-0.0011826737008069355,82.71,,,,,,,,
-0.001074201992072088,,,,71.6,,,,,
-0.0010734760404698118,82.54,,,,,,,,
-0.0010365171101169857,82.59,,,,,,,,
-0.0009154574660108494,82.05,,,,,,,,
-0.0009081031705111542,,,,,,,73.67,,
-0.0008694286212793667,79.27,,,,,,,,
-0.0008460692749103771,,,,73.18,,,,,
-0.000820576101876247,,,,71.59000000000002,,,,,
-0.0008040802074549269,,,,74.33,,,,,
-0.0007313166364171231,,,,74.54,,,,,
-0.0006897091581420378,,79.96,,,,,,,
-0.0005363788100386513,87.21999999999998,,,,,,,,
-0.00047236935433470073,85.56,,,,,,,,
-0.00043481085727703483,,78.63,,,,,,,
-0.00042259911226427693,,77.80999999999999,,,,,,,
-0.0004068714252977168,,78.53,,,,,,,
-0.00040095028549669287,,78.53,,,,,,,
-0.00039354876209851675,88.34602409638555,80.64,,,,,,,
-0.0003132351863082139,86.4,,,,,,,,
-0.0001944066431527336,86.56,,,,,,,,
-0.00018885321661454846,,78.26,,,,,,,
-0.000161455409422806,,78.25,,,,,,,
-0.0001521990541439866,,80.11,,,,,,,
-0.00014872787672837173,,,,,,,73.6,,
-0.00012276270524558264,82.25,,,,,,,,
0.00017799463941647886,82.49,,,,,,,,
0.00019707586828210388,82.33999999999999,,,,,,,,
0.0003879686431120799,,,,,,74.46,,,
0.0004381548585630224,,80.43,,,,,,,
0.0004436512846333063,,,,,,74.46,,,
0.0005302810489560272,86.42,,,,,,,,
0.0005390176562392046,,,,74.62,,,,,
0.0006511644799966909,80.34,,,,,,,,
0.00065394588426404,79.95,,,,,,,,
0.0006978941239390579,80.81999999999998,,,,,,,,
0.0007099679826421124,,75.13,,,,,,,
0.0007956325278597465,84.52,,,,,,,,
0.0008032372648714148,86.93,,,,,,,,
0.001062377448066698,,73.9,,,,,,,
0.0012420765546115042,72.38,,,,,,,,
0.0012565770041401692,85.20999999999998,,,,,,,,
0.0013334119835213265,,,,71.88,,,,,
0.001426476380800068,,80.116,,,,,,,
0.0014316763966262247,85.58,,,,,,,,
0.00144691195797364,,73.19,,,,,,,
0.0014694776245787189,,73.55,,,,,,,
0.0015481337541567441,,80.32,,,,,,,
0.0017002934981860118,86.26999999999998,,,,,,,,
0.001885771663553415,86.06,,,,,,,,
0.0019124002940613671,67.91,,,,,,,,
0.0019582916968967634,68.41,,,,,,,,
0.0020670416253081303,,,,76.73,,,,,
0.002135084588253955,,,,72.69,,,,,
0.0023787933772461134,,79.64,,,,,,,
0.002407634633555089,,79.46,,,,,,,
0.002556336374785362,,,,,,74.22,,,
0.00255743286966581,,,,76.07,,,,,
0.002636376650381189,81.53000000000002,,,,,,,,
0.0028010381855889666,,,73.35,,,,,,
0.0028499509903514575,,80.38,,,,,,,
0.0029986010904965443,,,,,,74.31,,,
0.0030118216087753336,,79.81,,,,,,,
0.0030218820368255184,,79.84,,,,,,,
0.0031590553466138704,67.31999999999998,,,,,,,,
0.003674164351644471,,,,,,,74.4,,
0.003738387777477703,,,,73.78,,,,,
0.0038620005248763967,69.1,,,,,,,,
0.003901411861848114,,,,,,,74.59999999999998,,
0.003926607945326177,,,72.26,,,,,,
0.003979523837611243,,,,,,,74.62,,
0.004002250452451728,86.56,,,,,,,,
0.004055104734813408,76.11,,,,,,,,
0.004141994441435148,,,,74.81,,,,,
0.004156670675522944,74.54,,,,,,,,
0.004181159302043769,,,71.77,,,,,,
0.0041955649344234125,,,,,,,74.5,,
0.00442467003304392,67.74,,,,,,,,
0.004448270914047869,72.26999999999998,,,,,,,,
0.004540883558284747,,72.94,,,,,,,
0.004826396502342956,,,,,75.3,,,,
0.0050193538012703875,68.77,,,,,,,,
0.005059577598585996,,,,74.6,,,,,
0.005062407979683936,,,,,,74.46,,,
0.0050905977497137656,79.1,,,,,,,,
0.005118795904232254,75.93,,,,,,,,
0.0055333586605856855,,,,,,74.49,,,
0.005581709821662839,75.7,,,,,,,,
0.005630600221797399,,80.94,,,,,,,
0.005641107878892715,,,,73.42,,,,,
0.005761523512655575,86.43,,,,,,,,
0.005791871115594427,86.59,,,,,,,,
0.0058831591269437045,75.5,,,,,,,,
0.006008927251362595,70.12,,,,,,,,
0.006151719414470014,,75.16,,,,,,,
0.006165047655635414,77.5,,,,,,,,
0.006248805079543951,72.35,,,,,,,,
0.006301309719789705,,79.84,,,,,,,
0.006330939756557408,,78.28,,,,,,,
0.006365904762288155,,,,,,74.87,,,
0.0063983572703385505,,75.48,,,,,,,
0.006475927052861374,86.04,,,,,,,,
0.006496562534656691,,78.29,,,,,,,
0.006651543280703498,87.26,,,,,,,,
0.00672763720843772,,,,72.01,,,,,
0.006802629768468904,86.9,,,,,,,,
0.006803192908525713,87.39999999999998,,,,,,,,
0.006827006264621405,,,73.65,,,,,,
0.006946311240991099,78.46,,,,,,,,
0.007117574567900631,,,,74.35,,,,,
0.00715113273928214,,,74.45999999999998,,,,,,
0.007385601748967963,,,,74.52,,,,,
0.007423780462209706,,81.33,,,,,,,
0.0074295179413121915,,,,74.55,,,,,
0.007526039600451062,,,72.47,,,,,,
0.007734542566796954,,,,,,,74.62,,
0.007796928918822887,73.7,,,,,,,,
0.008008447110786854,74.91,,,,,,,,
0.008426595986352092,78.39,,,,,,,,
0.00881687607565107,76.88,,,,,,,,
0.008866653875460262,,,,75.28,,,,,
0.009037305026473375,,,,75.32,,,,,
0.009072293791948738,,,,75.47,,,,,
0.009143015928421594,,,,74.13,,,,,
0.00928888208820422,,,,74.3,,,,,
0.009311170817474235,,,,,,73.79,,,
0.009385634680581845,,,,,,73.74999999999999,,,
0.009468817508227145,83.31,,,,,,,,
0.009563450341737223,69.61,72.67,,,,,,,
0.009584629349359552,,,,76.06,,,,,
0.009615276750504664,83.44,,,,,,,,
0.009633964684873542,86.90999999999998,,,,,,,,
0.00975823142288279,75.07,,,,,,,,
0.009914978012314668,,,,,,73.6,,,
0.010127652076121096,84.31,,,,,,,,
0.010134899908258221,,75.27,,,,,,,
0.010141081813346497,,,,,,73.7,,,
0.010142751537024042,82.29000000000002,,,,,,,,
0.010197855515257759,76.61,,,,,,,,
0.01027941261633325,,,,74.31,,,,,
0.010416458112343818,85.12,,,,,,,,
0.010443656939943535,70.96,,,,,,,,
0.010618168063274869,,,72.67,,,,,,
0.010628875761738543,76.44,,,,,,,,
0.01073853541740144,,80.17,,,,,,,
0.010788671604681443,,,,76.52,,,,,
0.010883058701076642,75.94,,,,,,,,
0.010920886434250487,78.04,,,,,,,,
0.010964182274268763,,,,74.45,,,,,
0.010983398529281319,,81.2,,,,,,,
0.011103792051151196,85.76,,,,,,,,
0.011111743576070143,,81.56,,,,,,,
0.011116583396620028,82.91,,,,,,,,
0.011536195668564453,,82.13,,,,,,,
0.011732603119925855,76.17,,,,,,,,
0.01185825600447532,76.38,,,,,,,,
0.011892927486815807,,81.54,,,,,,,
0.012029049570990047,,73.67,72.88,,,,,,
0.012092151713336552,,73.06,,,,,,,
0.012100383007701998,,,,75.42,,,,,
0.012376849327772721,,,72.96,,,,,,
0.012403062406774579,,81.82000000000001,,,,,,,
0.012546902619024802,,,74.38,,,,,,
0.01276376972035198,75.15,,,,,,,,
0.012895261657549728,77.72,,,,,,,,
0.013106407504041462,,81.27,,,,,,,
0.013172159134345662,,,,74.24,,,,,
0.01326209975677961,,79.65,,,,,,,
0.013413541637108839,,,,,,74.39,,,
0.013819465296867506,82.03,,,,,,,,
0.01382077344571142,82.01,,,,,,,,
0.013836236159257886,82.54,,,,,,,,
0.01387944635423044,,79.48,,,,,,,
0.014142029504651488,72.8,,,,,,,,
0.014349354827703609,84.51,,,,,,,,
0.014691440634923891,77.31,,,,,,,,
0.014702672745289247,,,,76.09,,,,,
0.01485264524109775,77.80499999999999,,,,,,,,
0.014923996032569775,77.18000000000002,,,,,,,,
0.014932741675875105,75.18,,,,,,,,
0.014952975959932502,,,75.31,,,,,,
0.014968384657516598,77.95,,,,,,,,
0.01508265172071277,,,,,,74.66,,,
0.015611398061633253,,,,75.18,,,,,
0.01563149196266167,,,,74.74,,,,,
0.015723950897727823,,73.32,,,,,,,
0.01581813530882248,76.34000000000002,,,,,,,,
0.016025493003279045,,,,,,74.48,,,
0.016288518027757215,77.42,,,,,,,,
0.016426937753275084,,,,76.22,,,,,
0.016434263592451925,84.4,,,,,,,,
0.016542285017016933,84.41999999999999,,,,,,,,
0.01659869675677772,,,,,75.4,,,,
0.01688058752771915,82.82,,,,,,,,
0.016976977820458483,75.2,,,,,,,,
0.017171143483456053,81.4,,,,,,,,
0.017208768043665224,,,,,,74.07,,,
0.017250722710399735,81.27,,,,,,,,
0.017301712636681454,83.23,,,,,,,,
0.017304162136484225,,,,75.18,,,,,
0.01752600831564366,71.03,,,,,,,,
0.017617926653430205,,,,,,74.71,,,
0.01776687883096706,77.46,,,,,,,,
0.018013282296934108,82.27,,,,,,,,
0.01810807013542881,85.03,,,,,,,,
0.01811768181638107,85.62,,,,,,,,
0.018289016243709932,,,,,,,74.19,,
0.018320511752344393,84.52,,,,,,,,
0.018321605965909926,75.04,,,,,,,,
0.018329938900203624,77.19,,,,,,,,
0.018558883629832712,85.91,,,,,,,,
0.018710941696394423,81.56,,,,,,,,
0.01892971259085985,,,,,,,74.29,,
0.0189536292398933,,,,,,,74.28,,
0.019077680106056816,,,,,,,74.26,,
0.019087697869773157,85.39,,,,,,,,
0.0191106912536827,,,,,,,74.42,,
0.019153534752043733,,,,,,,74.42,,
0.01919434143301646,,,,,,,74.31,,
0.019336448376979787,74.96,,,,,,,,
0.01936075522982117,,,,,,,74.35,,
0.01936279631602278,,,,,,,74.41,,
0.019421249071370994,,,,,,,74.46,,
0.019498639697529407,,,,74.87,,,,,
0.019504417049228007,,,,74.86,,,,,
0.019539474019585334,73.48,,,,,,,,
0.019572515092404208,,,,,,,74.44,,
0.01970005886946935,,,,,,,74.5,,
0.019751662658733737,,,,73.98,,,,,
0.01975465067302906,,,,,,,74.47,,
0.019769692299063557,,,,,,,74.47,,
0.019773592052321654,75.13,,,,,,,,
0.01986039038401466,,,,73.97,,,,,
0.01988799808552466,,,,,,,74.48,,
0.020102889432160653,,,,74.04,,,,,
0.020244823576802462,71.43,,,,,,,,
0.020888302754634935,,,,73.93,,,,,
0.021363773192617952,84.61,,,,,,,,
0.021379851349105916,,,,75.84,,,,,
0.021482330584369658,,,,74.18,,,,,
0.02150054343828911,,,,74.19,,,,,
0.021550252657237978,,,,74.19,,,,,
0.021577006567625734,,,,74.22,,,,,
0.02158611460153037,,,,74.21,,,,,
0.02175331043511175,73.28,,,,,,,,
0.022066983668484585,80.38,,,,,,,,
0.022092349920717513,71.07,,,,,,,,
0.022292736080708586,73.67,,,,,,,,
0.02261085566498533,,,,,,74.22,,,
0.022841280251633123,70.68,,,,,,,,
0.02285371350760168,,,,75.37,,,,,
0.02301447770088849,,,,,,73.99,,,
0.023371692127448496,71.34,,,,,,,,
0.023490699734121767,71.27,,,,,,,,
0.02386022483598227,86.46,,,,,,,,
0.024134460076312703,75.27,,,,,,,,
0.024346862472121478,87.2,,,,,,,,
0.024668235713190434,80.23,,,,,,,,
0.02469438955601677,80.35999999999997,,,,,,,,
0.025004137289426964,86.36,,,,,,,,
0.0250333273112624,,,,75.41,,,,,
0.02517706730159297,,,,75.31,,,,,
0.025218733162841955,,,,75.36,,,,,
0.025815294682229428,,,,76.78,,,,,
0.025898145847649268,,,,76.81000000000002,,,,,
0.02591096696958406,,,,76.81,,,,,
0.02601140448319339,,,75.19,,,,,,
0.02604914924668411,,,,76.84,,,,,
0.026061786142705712,,77.34,,,,,,,
0.026098823577698882,76.07,,,,,,,,
0.026122701920333613,74.55,,,,,,,,
0.026174410801804937,72.89,,,,,,,,
0.026235045889499542,86.18,,,,,,,,
0.026275833461928855,,,,76.93,,,,,
0.026331825908463946,76.31,,,,,,,,
0.02649361695107566,,77.23,,,,,,,
0.026552623513878437,86.42,,,,,,,,
0.026761625004285694,75.8,,,,,,,,
0.02716050831972483,81.8,,,,,,,,
0.027362516421747696,,,,74.67,,,,,
0.027398705367552845,82.61,,,,,,,,
0.027636070026057835,,77.06,,,,,,,
0.027797329378760782,83.02,,,,,,,,
0.02782015496591317,,79.27,,,,,,,
0.027916184448545822,83.15,,,,,,,,
0.027919958075550255,,,,75.79,,,,,
0.027924297780858254,,78.56,,,,,,,
0.027931656495344015,83.21,,,,,,,,
0.02793611341609048,,72.00000000000001,,,,,,,
0.027964866363649588,,,76.66,,,,,,
0.027972036957797375,83.18,,,,,,,,
0.027980905988943316,,77.91,,,,,,,
0.02808111780322564,,,,74.91,,,,,
0.02817795116448507,,,76.76,,,,,,
0.028433429595926762,,,,,75.97,,,,
0.02844400645789369,,,,,74.75,,,,
0.028513223842780766,,70.01,,,,,,,
0.02851370586344637,,,,,75.98,,,,
0.028780501964052352,,,,,76.06,,,,
0.029193250330122877,,,,74.69,,,,,
0.029215570487758136,,,,74.65,,,,,
0.029256241060633847,76.83,,,,,,,,
0.029345349224709993,,,,74.56,,,,,
0.029411953936020918,,,,74.63,,,,,
0.029506980338101396,86.77,,,,,,,,
0.02954897481741603,,,,,75.51,,,,
0.029718598133745333,,,,,75.29,,,,
0.03029319568616251,,,,73.15,,,,,
0.030367940644811853,,,,76.55,,,,,
0.030435145655560936,,71.15,,,,,,,
0.030824679293558033,71.27,,,,,,,,
0.03093960203522217,,77.56,,,,,,,
0.031163173393998767,67.87,,,,,,,,
0.03140760641770268,,71.9,,,,,,,
0.031545735714425316,,73.03,,,,,,,
0.03159347111860655,,,,,74.76,,,,
0.031643897870811566,68.97,,,,,,,,
0.03200331237476939,,71.26,,,,,,,
0.03209559269379536,,,,74.96,,,,,
0.03216585366402924,85.25000000000001,,,76.32,,,,,
0.03242553630819378,,,,,75.28,,,,
0.032568310847314486,,,,75.18,,,,,
0.03268262458069526,72.51,,,,,,,,
0.03282716492148552,69.57,,,,,,,,
0.0329780007743774,,,71.02,,,,,,
0.03314673159578252,71.48,,,,,,,,
0.033433350676008056,72.32,,,,,,,,
0.033529662390408,68.46,,,,,,,,
0.033790933505828846,83.52,,,,,,,,
0.03424877894003542,79.93,78.78,,,,,,,
0.034355770233915894,72.32,,,,,,,,
0.034404102089977906,72.1,,,,,,,,
0.03443275679100499,,77.97,,,,,,,
0.034484357704714697,72.19,,,,,,,,
0.03449868378515686,83.52,,,,,,,,
0.03464121496847561,71.01,,,,,,,,
0.034690397537288975,80.03999999999999,,,,,,,,
0.034703397651851375,77.13,,,,,,,,
0.03470741245913356,83.66,,,,,,,,
0.03472978124149462,84.08,,,,,,,,
0.034896908559650885,80.44,,,,,,,,
0.03498584841671204,,,,,76.09,,,,
0.0350323327466302,83.34,79.36,,,,,,,
0.035172576208110984,,,,,76.17,,,,
0.035233430349494776,,78.35,,,,,,,
0.03525507614122603,66.46,,,,,,,,
0.035306264120551045,66.58,,,,,,,,
0.035355793770692534,68.61,,,,,,,,
0.0353678072730661,68.62,,,,,,,,
0.03543996676237704,83.8,,,,,,,,
0.03548955542365406,,,,,,,74.25,,
0.03550640516185144,,,73.99,,,,,,
0.035543170130496904,,78.37,,,,,,,
0.035548597938615645,68.9,,,,,,,,
0.03559352811181138,,71.55,,,,,,,
0.035644194794673734,,71.54,,,,,,,
0.03566516427406441,79.47,,,,,,,,
0.03567655749683407,,71.27,,,,,,,
0.03571324207466686,,79.75,,,,,,,
0.03579844433788826,,71.39,,,,,,,
0.03582674690394971,67.01,,,,,,,,
0.035886819006155424,82.66,,,,,,,,
0.035922077941297204,81.53,,,,,,,,
0.03597253886861784,,70.765,,,,,,,
0.0360271289062466,71.29,,,,,,,,
0.03604267424049579,67.12,,,,,,,,
0.03606409610530559,,79.42,,,,,,,
0.03606654834072165,,71.79,,,,,,,
0.03609116387514533,67.16,,,,,,,,
0.03615687933231526,81.57999999999998,,,,,,,,
0.036193154979479836,68.4,,,,,,,,
0.036284387524468276,83.4,,,,,,,,
0.036362567513213984,75.79,,,,,,,,
0.03648194337402999,84.22,,,,,,,,
0.036551486137821776,75.8,,,,,,,,
0.03659283780987188,82.03,,,,,,,,
0.03663562868526271,80.16999999999999,,,,,,,,
0.036712200547532214,84.47,,,,,,,,
0.03685904290133912,80.63,,,,,,,,
0.036895235323373576,,74.03,,,,,,,
0.03690838358944348,83.79,,,,,,,,
0.036917791491015484,84.5,,,,,,,,
0.037009767520928216,84.86999999999999,,,,,,,,
0.03704429502265216,66.19,,,,,,,,
0.03705820203073884,67.84,,,,,,,,
0.03706840074039541,70.21,,,,,,,,
0.03707813605946608,,79.76,,,,,,,
0.03715899925268995,,78.16,,,,,,,
0.03732960240452998,,78.53,,,,,,,
0.03734785719128442,,,,74.66,,,,,
0.03762175611182372,79.43,,,,,,,,
0.03786213743629885,,78.62,,,,,,,
0.03788387339744248,79.48,,,,,,,,
0.03798060515343038,,73.54,,,,,,,
0.03798794933061833,79.71,,,,,,,,
0.0381143690600394,,,,,,,74.71,,
0.03816825592923845,71.39,,,,,,,,
0.03830915803510382,80.04,,,,,,,,
0.03841659271038966,84.07,,,,,,,,
0.03845859799853213,74.49,,,,,,,,
0.038676799948066165,,,,,76.13,,,,
0.038849012609835976,74.73,,,,,,,,
0.03886023675253769,84.45,,,,,,,,
0.038937715869458156,,,,,75.87,,,,
0.039053544041449006,75.29,,,,,,,,
0.039096544968157065,75.29,,,,,,,,
0.039119702321894545,,,,74.66,,,,,
0.039155952999718524,,,,,75.94,,,,
0.039164311227561255,,71.26,,,,,,,
0.03918144036281035,,71.19,,,,,,,
0.03918404701985323,68.36,,,,,,,,
0.03944105311866375,,71.4,,,,,,,
0.03947749921018273,81.44,,,,,,,,
0.039681599302768156,72.7,,,,,,,,
0.03976733592426629,,72.54,,,,,,,
0.03982046244760107,70.35,,,,,,,,
0.039854658028940726,81.8,,,,,,,,
0.039940975921466615,81.81,,,,,,,,
0.0399527564319222,83.76,,,,,,,,
0.040035613790946556,,,,74.45,,,,,
0.04012582550700561,,78.46,,,,,,,
0.04016233962229099,74.9,,,,,,,,
0.04017489797927465,,79.21,,,,,,,
0.04019267340290478,,79.06,,,,,,,
0.04021544655373033,73.11,,,,,,,,
0.04027160415441444,74.6,,,,,,,,
0.04027924067045996,,78.45,,,,,,,
0.04031963077570122,77.92,,,,,,,,
0.04041902338018866,74.6,,,,,,,,
0.04074237230046229,,,72.29,,,,,,
0.04076103420423971,78.14,,,,,,74.68,,
0.040820812827219166,71.49,,,,,,,,
0.04082529550017133,,73.95,,,,,,,
0.040826042616084024,,73.94625,,,,,,,
0.04089085900415457,,73.96,,,,,,,
0.04090554321235729,78.56,,,,,,74.71,,
0.040906550640283035,74.37,,,,,,,,
0.04096801410403961,74.44,,,,,,,,
0.04100500777253835,70.42,,,,,,,,
0.041191697752821055,70.54,,,,,,,,
0.04136448500807055,79.29999999999998,,,,,,,,
0.04154021530432006,76.03,,,,,,,,
0.041552940555039886,79.19,,,,,,,,
0.041563595269218157,70.61833333333333,,,,,,,,
0.04161706585400693,,,,,,,74.8,,
0.04161709257731094,70.91,,,,,,,,
0.041756099032927096,71.09,,,,,,,,
0.04182790193720454,,,,,,,74.87,,
0.04208570939355827,,74.28,,,,,,,
0.042128587168306586,71.09,,,,,,,,
0.042160801317440155,,,,,,,74.88,,
0.04218174793606133,,,,,,,74.87,,
0.0422145405819474,73.92,,,,,,,,
0.04235895176070614,,,74.55,,,,,,
0.042361574382921985,,,,75.3,,,,,
0.04243938261527558,,,,,,,74.9,,
0.04253738706620669,,,,,,,74.93,,
0.04256992768159762,76.09,,,,,,,,
0.042574238026529265,71.46,,,,,,,,
0.042583608464556555,71.78,,,,,,,,
0.042594257502536204,,,,,,,75.04,,
0.04260803932717527,,,,,,,75.04,,
0.042646863327242546,,,,75.49,,,,,
0.042659093486117516,,,,,,,74.96,,
0.042817334901531945,,,,,,,74.99,,
0.04282199549947818,,79.94,,,,,,,
0.04282467402289569,71.85,,,,,,,,
0.042864799950661725,72.47,,,,,,,,
0.0428833639245787,,,,,,,75.09,,
0.04297956964864702,70.91,,,,,,,,
0.04300981341858212,,,,,,,75.06,,
0.04303953641362779,,,,,,,75.08,,
0.04309257576996517,,,,,,,75.0,,
0.043095490176648266,72.15,,,,,,,,
0.043171283868669086,76.17,,,,,,,,
0.04325403163721808,75.71,,,,,,,,
0.04331108082710822,73.33,,,,,,,,
0.04347926210903719,72.44,,,,,,,,
0.043555782156239786,79.62,,,,,,,,
0.0442508499391725,73.2,,,,,,,,
0.04431853804047314,73.74,,,,,,,,
0.04471468931896294,,75.03,,,,,,,
0.04483871293164454,72.41,,,,,,,,
0.04497049171273093,,80.35249999999999,,,,,,,
0.045137130100291634,73.26,,,,,,,,
0.04515674364992628,81.43,,,,,,,,
0.04516519196260749,75.98,,,,,,,,
0.045198340801696046,73.03999999999999,,,,,,,,
0.04529968381486804,73.23,,,,,,,,
0.04535808741284342,73.34,,,,,,,,
0.04546643394824179,73.08,,,,,,,,
0.04548188693618105,73.11,,,,,,,,
0.04549357120595343,73.18,,,,,,,,
0.04552749475929341,71.22,,,,,,,,
0.0455700907825245,76.77,,,,,,,,
0.045637950023193374,73.57,,,,,,,,
0.04582366547490846,73.6,,,,,,,,
0.045841392022105465,73.65,,,,,,,,
0.04589891314873462,73.59,,,,,,,,
0.04591701946830251,73.65,,,,,,,,
0.04613453290093106,73.61,,,,,,,,
0.04671167406553467,,,73.52,,,,,,
0.04677984350641329,,77.84,,,,,,,
0.04679366198924373,74.32000000000001,,,,,,,,
0.04685655149001322,,77.69,,,,,,,
0.046921722971425606,,77.89,,,,,,,
0.04700843514867148,,77.89,,,,,,,
0.04703214226206254,76.06,,,,,,,,
0.0470642282285898,,78.03,,,,,,,
0.04727766715907422,,78.09,,,,,,,
0.047289810337685534,,78.0,,,,,,,
0.04736659308292923,,78.22999999999999,,,,,,,
0.04738716180149094,,78.1,,,,,,,
0.047539787338199524,,78.28,,,,,,,
0.04758662231883304,76.65,,,,,,,,
0.04760053644630324,,78.3,,,,,,,
0.04763777325339613,,,,76.54,,,,,
0.04801328302628649,,72.12,,,,,,,
0.048112872772573034,,78.58,,,,,,,
0.048158189531332773,,78.48,,,,,,,
0.04817294419852547,,,73.52,,,,,,
0.04824255583997461,,78.54,,,,,,,
0.048338318244437684,,78.52,,,,,,,
0.04842467639717096,,78.95999999999998,,,,,,,
0.04845431622430629,,,73.64,,,,,,
0.04853316537519303,,,72.91,,,,,,
0.04864292948888771,,,73.54,,,,,,
0.04896493385152212,,78.93,,,,,,,
0.049000499211844684,,,,,76.32,,,,
0.04910764350888153,74.7,,,,,,,,
0.04922809600512035,81.16,,,,,,,,
0.04925776771857171,77.65,,,,,,,,
0.04958679080029671,83.23,,,,,,,,
0.0497148711981108,,79.24,,,,,,,
0.04972923546532715,,,,76.6,,,,,
0.049909626313631605,75.57999999999998,,,,,,,,
0.05006562910181889,,,,76.74,,,,,
0.050159986442072535,75.60999999999999,,,,,,,,
0.05031378124214614,,80.59,,,,,,,
0.05043809833938884,,,,,76.77,,,,
0.05060796690512448,76.24,,,,,,,,
0.05082986661641353,71.6,,,,,,,,
0.05137870189534577,74.72,,,,,,,,
0.05138572638737848,,,,76.34,,,,,
0.053562159508934615,,78.85,,,,,,,
0.05390582951655887,,73.2,,,,,,,
0.05442390822585175,75.71,,,,,,,,
0.054596458665091774,75.96,,,,,,,,
0.05501292117980272,76.77,,,,,,,,
0.0553434412955538,73.2,,,,,,,,
0.05550750165559992,76.71,,,,,,,,
0.05579321656377667,,71.55,,,,,,,
0.056198007552872076,,71.55,,,,,,,
0.057012245663034866,,,,,73.31,,,,
0.05710424263502256,,,,,73.33,,,,
0.05712659249514118,,,,,73.38,,,,
0.05720296164837668,,,,,73.31,,,,
0.05749531529575336,,,,,74.47,,,,
0.05750724392462092,,,,,73.5,,,,
0.057666069437892764,,,,,73.54,,,,
0.05780927698735927,,,,,73.53,,,,
0.058137420659533534,,,72.67,,,,,,
0.05858827373540154,72.51,,,,,,,,
0.05863776317871694,75.47,,,,,,,,
0.0596183678486355,,,,71.74,,,,,
0.05985008773792311,,,,71.82,,,,,
0.05999032935489512,,,,71.75,,,,,
0.0600214159660073,,,,71.77,,,,,
0.060030217928078944,,,,71.79,,,,,
0.06022052586938087,75.34,,,,,,,,
0.060271111323165316,73.52999999999999,,,,,,,,
0.060320015183782605,,,,71.82,,,,,
0.06034399387340539,77.7,,,,,,,,
0.06047350141838326,,,,71.85,,,,,
0.060895395713982614,,,,72.1,,,,,
0.06194840629862841,68.87,,,,,,,,
0.06195028585931772,,,,72.5,,,,,
0.06195686437412595,,,,72.51000000000002,,,,,
0.061982803312466084,69.27,,,,,,,,
0.06249695638892705,69.25999999999999,,,,,,,,
0.06251351384375425,,,,72.71,,,,,
0.0625351522046187,,,,72.32,,,,,
0.06254136163612944,,,,72.71,,,,,
0.06264618026517277,69.49,,,,,,,,
0.06278038582116352,69.53999999999999,,,,,,,,
0.06318923457108627,,,,71.75,,,,,
0.06336352872224627,,,,71.7,,,,,
0.06347096006436126,,,,73.15,,,,,
0.06366684252625121,,,,72.78,,,,,
0.06381582936677788,,,,72.84,,,,,
0.0638320507064909,,71.7,,,,,,,
0.0638822788578528,82.76,,,,,,,,
0.06389301198383768,77.44,,,,,,,,
0.06391335347794169,,72.41,,73.3,,,,,
0.06395731119545545,,,,71.83,,,,,
0.06401032941227802,,,,72.91,,,,,
0.06405911031816292,82.87,,,,,,,,
0.06412902635386475,,,,71.85,,,,,
0.0641388403227745,,,,72.27,,,,,
0.06421641479324669,,,,72.34,,,,,
0.06425025587879007,,78.77,,,,,,,
0.06432036630236926,83.09,,,,,,,,
0.06447866625081033,,71.52,,,,,,,
0.06449131951682752,,,,72.45,,,,,
0.0645028399161598,71.45,,,,,,,,
0.06454403926919428,,78.21,,,,,,,
0.06470873827755685,,,,72.04,,,,,
0.0647564690839697,81.19,,,,,,,,
0.06482135492128482,70.38999999999999,,,,,,,,
0.06502208323289582,70.24000000000001,,,72.63,,,,,
0.06507256073088108,,,,72.43,,,,,
0.06517693387754409,70.53,,,,,,,,
0.06550758383902022,,,,72.58,,,,,
0.06552593827550313,,,,71.73,,,,,
0.06556553329074744,,,76.92,,,,,,
0.06563797081217593,,,,73.25,,,,,
0.0657168997655957,,,,73.79,,,,,
0.06573810090088616,,,,,,,74.9,,
0.06599030766079261,,,,73.88,,,,,
0.06599599589848859,77.13,,,,,,,,
0.06622350986072911,,78.7,,,,,,,
0.06628318384339282,,,,72.37,,,,,
0.066423806418485,,,,73.49,,,,,
0.06644351928494263,,,,72.99,,,,,
0.06652936633444884,77.64,,,,,,,,
0.06664599743756083,,71.11,,,,,,,
0.06667728603164758,,72.26,,,,,,,
0.06668600923963419,,71.16,,,,,,,
0.06668828488257361,,71.15,,,,,,,
0.06670042180890334,,71.22,,,,,,,
0.06671041405468214,79.99,,,,,,,,
0.06672052420068852,,71.97999999999999,,,,,,,
0.0667855776990609,,,,73.15,,,,,
0.06685519183301025,,,,73.15,,,,,
0.06691191415199982,,72.09,,,,,,,
0.06694255103020663,75.28,,,,,,,,
0.0670479584704935,,,,72.13,,,,,
0.0670777524425854,,,,72.74,,,,,
0.0671493027246457,,,,71.9,,,,,
0.06716163994997859,,,,71.9,,,,,
0.0671660054980392,,,72.6,,,,,,
0.06717075069948586,71.29000000000002,,,,,,,,
0.06723187266643071,71.29999999999998,,,,,,,,
0.06725522234661674,71.31,,,,,,,,
0.06728369894915232,,72.24,,,,,,,
0.06733097346455108,,,,71.96,,,,,
0.06744150650596392,,78.51,,,,,,,
0.06782713373662785,,,,74.01,,,,,
0.06787426634813154,,71.88,,,,,,,
0.06798109032681476,,,,73.09,,,,,
0.06800580354353647,,,,73.39,,,,,
0.06815448718348138,,,,73.15,,,,,
0.06816456570565088,,,,73.44,,,,,
0.06817198209814967,,,,73.15,,,,,
0.06817616574960761,,,,73.15,,,,,
0.06821229864865797,70.81,,,,,,,,
0.06825288713760891,73.89,,,,,,,,
0.06826095404912347,,77.9,,,,,,,
0.068261367235676,,,,73.19,,,,,
0.06827353998610186,,,,73.2,,,,,
0.06827430079221442,,,,73.2,,,,,
0.06828324034521227,,,,73.18,,,,,
0.06835245315827088,,77.95,,,,,,,
0.06838672180491834,,,,73.22,,,,,
0.0684626336357379,,,,73.31,,,,,
0.06858080358701213,,,,72.37,,,,,
0.06859012889868432,,,,72.37,,,,,
0.06861372837370694,,72.13,,,,,,,
0.06866778271205454,,,,74.89,,,,,
0.068801911754923,78.38,,,,,,,,
0.06889744334474979,82.76,,,,,,,,
0.06914499227631832,,,,,75.66,,,,
0.0691838581036206,,,,72.59,,,,,
0.06924864076221748,,,,72.11,,,,,
0.06936279166424564,,,,72.01,,,,,
0.06944379832214964,,,74.02,,,,,,
0.06955360575933223,,71.75999999999999,,,,,,,
0.0695576095815249,,71.67,,,,,,,
0.06956485466931017,,,,72.08000000000001,,,,,
0.06957572248503086,,71.67,,,,,,,
0.06962682324577196,,,,,73.41,,,,
0.06972751365908314,,71.83,,,,,,,
0.06978320665020044,,,,71.97,,,,,
0.07002321058680949,,72.81,71.94,,,,,,
0.07003790430936374,71.24,,,,,,,,
0.07016043131746019,,71.94,,,,,,,
0.07022285072050094,,,,72.22,,,,,
0.07027210419598395,,,,,,74.31,,,
0.07037100664646867,,72.01,,,,,,,
0.07038532801423192,,,,72.36,,,,,
0.07047451102062419,,,,72.31,,,,,
0.07047718483055343,,,,72.04,,,,,
0.07047966766601887,,,,72.39,,,,,
0.07048425139252168,,,,73.31,,,,,
0.07054823667323551,71.73,,,,,,,,
0.07061108339417976,71.44,,,,,,,,
0.07072476109899917,71.03,,,,,,,,
0.0707440600473268,,,,71.47,,,,,
0.07077730937219262,,,,72.41,,,,,
0.07088031895099434,,,,73.34,,,,,
0.07102324452827147,85.11,,,,,,,,
0.07107894066008447,,,,72.28999999999999,,,,,
0.0711278773403452,,77.3,,,,,,,
0.07115656098168177,,77.87,,,,,,,
0.0711948214157554,,,,72.36,,,,,
0.07119769006930121,71.41,,,,,,,,
0.07122809874152125,,,,,74.94,,,,
0.07124684205358012,,,,72.36000000000001,,,,,
0.0712788298679925,,78.52,,,,,,,
0.07135529837870003,,,,72.42,,,,,
0.07139400181915301,83.16,,,,,,,,
0.07147449176393272,,,,74.17,,,,,
0.0714884599799952,,,,72.62,,,,,
0.071514741271681,,77.43,,,,,,,
0.07154586743155988,,,,,,,,71.77999999999999,
0.0715592633887312,72.18,,,,,,,,
0.07161074525526478,,71.54,,,,,,,
0.07169572986408745,,,,72.69,,,,,
0.07179512007985989,,77.54,,,,,,,
0.07179872477387717,,71.03,,,,,,,
0.07186056951882214,70.19,,,,,,,,
0.07189059323600078,,77.11,,,,,,,
0.07191782535028479,,,,,,,,73.41,
0.07198274822430517,,,,,,,,73.41000000000001,
0.07204135792620026,,,,,73.19,,,,
0.07217009192250279,,,,73.32,,,,,
0.07244019158219506,81.78999999999999,,,,,,,,
0.07247866275963921,81.8,,,,,,,,
0.07260364703116706,73.13,,,,,,,,
0.07287925745311341,,,,73.38,,,,,
0.07300563864463117,,78.95,,,,,,,
0.0730828634587164,,78.91,,,,,,,
0.0731106724075703,,70.01,,,,,,,
0.07322814505036135,73.72,,,,,,,,
0.07340881901951612,,,,72.87,,,,,
0.0734545251564962,,,74.11,,,,,,
0.07366543833375716,,,,73.43,,,,,
0.07368561196858825,,,,73.93,,,,,
0.07382450930385609,,78.2,,,,,,,
0.0738255033557047,84.74,,,,,,,,
0.07402310438502147,,,72.13,,,,,,
0.0741555839172412,,73.2,,,,,,,
0.07424539632135407,74.21,,,,,,,,
0.07432252773766468,,,,72.87,,,,,
0.07443776462506779,,,,73.55,,,,,
0.07450722650880959,,,,73.56,,,,,
0.07451165236252888,,,,73.57,,,,,
0.07478285355922387,,,,,74.63000000000001,,,,
0.07483002458852828,,,,74.18,,,,,
0.07483060221862958,,,,74.18,,,,,
0.07489703382163504,,,,73.67,,,,,
0.07498485167179858,,,,74.83,,,,,
0.07517382424814434,,,,74.06,,,,,
0.07518114562343037,,,,,74.68,,,,
0.07519328391267144,,,,74.06,,,,,
0.07521293696205755,,,,74.92,,,,,
0.0752520525217617,,,,,74.8,,,,
0.07528924384585078,,,,,74.8,,,,
0.07533600078462444,,78.09,,,,,,,
0.07536132140399188,,,,,74.68,,,,
0.07536536882612577,,,,,74.82,,,,
0.07542184317983613,,71.0,,,,,,,
0.07548757677412876,,,,,74.71999999999998,,,,
0.07553789442663428,,,,73.41,,,,,
0.07558378206091176,,71.98,,,,,,,
0.07560182703951712,83.6,,,,,,,,
0.07560422067096195,,,,72.3,,,,,
0.07560865556626584,,,,,74.76,,,,
0.07567383346310153,,,,74.9,,,,,
0.07568559717940904,,,,,74.94,,,,
0.07577566563171079,,,,,,74.1,,,
0.07581752270064612,,,,,74.81,,,,
0.07591031426802308,,,,,74.95,,,,
0.0759340452430266,,,,,74.95,,,,
0.07601122638379532,,,,,74.99,,,,
0.07606506678508174,75.44,,,,,,,,
0.07610077038054142,,,,,75.05,,,,
0.07618859200632233,75.58,,,,,,,,
0.07626445826766637,73.39,,,,,,,,
0.07630229887408024,,,,,75.13,,,,
0.07631118021826166,75.71,,,,,,,,
0.07639285684172337,78.2,,,,,,,,
0.07650737945808617,76.0,,,,,,,,
0.0765077657476041,75.88,,,,,,,,
0.07655605412062605,,,,,74.97,,,,
0.07666005201381831,83.03,,,,,,,,
0.07673437232218405,,,74.99,,,,,,
0.07675929907276657,71.15,,,,,,,,
0.07677630402994295,,,,73.66,,,,,
0.076932852159735,,71.14,,,,,,,
0.07702873620371076,,,,74.0,,,,,
0.07709524645554877,,,,75.54000000000002,,,,,
0.07719502723687621,,,,,,,75.24,,
0.07722616417178085,,,75.18,,,,,,
0.07728658256277932,,78.02,,,,,,,
0.07728978407955167,,78.03,,,,,,,
0.07732055295991125,77.34,,,,,,,,
0.07761504393705931,,,,73.11,,,,,
0.07762104378374302,,76.01,,,,,,,
0.07766130254766312,,,,,73.65,,,,
0.0776636920052034,80.13,,,,,,,,
0.07772236385393527,,,76.02,,,,,,
0.07772711662013276,,,,,,,,72.86,
0.07782004429121847,,,,,73.66,,,,
0.07783692253028529,86.56,,,,,,,,
0.07807761511982281,,,,,,,74.32,,
0.07810659202699277,86.75999999999999,,,,,,,,
0.07816440353968557,,,,,,,74.32,,
0.07816866583096616,78.71,,,,,,,,
0.07818164665291993,,,,73.11,,,,,
0.0782513997050982,,,,73.13,,,,,
0.0785510529444533,77.13,,,,,,,,
0.07869493015180651,,,,,,,74.61,,
0.07874865156418553,77.22,,,,,,,,
0.0788547993506783,87.4,,,,,,,,
0.07894089004351557,,,,76.14,,,,,
0.07907458563535918,,,,73.78,,,,,
0.07910028339406061,79.03,,,,,,,,
0.07914891841400351,,,,76.17,,,,,
0.0792519920293644,,,,73.84,,,,,
0.07947742497856791,,76.11,,,,,,,
0.07949775064309206,87.92,,,,,,,,
0.07965865511959724,77.29,,,,,,,,
0.07970703229385734,,76.1,,,,,,,
0.07972879372159292,79.52,,,,,,,,
0.07978048062828824,,,,,,,74.22999999999999,,
0.07979175136283212,78.34,,,,,,,,
0.07993323852719425,,76.29,,,,,,,
0.08000905047584306,,,,,74.68,,,,
0.08011423288126962,,,,73.16,,,,,
0.0802507478035801,78.62000000000002,,,,,,,,
0.0803199907812695,79.76,,,,,,,,
0.08034955790295495,81.62,,,,,,,,
0.0803906044191216,,,,,,,74.83999999999999,,
0.08049099671872906,79.77,,,,,,,,
0.08052115696442708,,,,,,,74.85499999999999,,
0.08055268108532143,77.99000000000001,,,,,,,,
0.08069222659882569,,,,75.8,,,,,
0.08072960055333356,,,,75.81999999999998,,,,,
0.08088243241782589,,77.29,,,,,,,
0.08118939482946397,,73.85,,,,,,,
0.08119816217936404,80.49666666666666,,,,,,,,
0.08137159009744788,,,73.66,,,,,,
0.08143805306544438,80.64,,,,,,,,
0.08160083413056318,80.65,,,,,,,,
0.0817264137217717,,,,75.09513513513514,,,,,
0.08182998032151256,80.77,,,,,,,,
0.08200205003321748,,,,74.05999999999999,,,,,
0.0821933028106725,80.93999999999997,,,,,,,,
0.08221750696046226,,,,75.11,,,,,
0.08223429434536178,,,,75.13,,,,,
0.08223878408308138,,,,75.13,,,,,
0.08231452962159569,,75.8,,,,,,,
0.08249690902028428,,,72.75,,,,,,
0.08269790995995452,,,,75.27,,,,,
0.08271647066190257,,,,73.08,,,,,
0.08291501228837816,,,,72.98000000000002,,,,,
0.08304891265499315,81.73857142857145,,,,,,,,
0.08313669889178876,,,,73.02,,,,,
0.08315175497663096,,,,73.05,,,,,
0.08325266110043317,81.78,,,,,,,,
0.08350442169125283,,,,73.17,,,,,
0.08353905526229766,,74.36,,,,,,,
0.08355764481522177,,,,75.41,,,,,
0.08370012067000832,77.46,,,,,,,,
0.08396227233179077,,,,73.32,,,,,
0.08407527746455035,,,75.07,,,,,,
0.08424159649515284,,75.25,,,,,,,
0.08460340391932286,,,,73.44,,,,,
0.08468948142261357,,,74.182,,,,,,
0.08480303050574589,,,,,,75.22,,,
0.08488305864696999,,,74.29,,,,,,
0.08491228755383196,,,,73.25,,,,,
0.08493190515308302,,,,73.49,,,,,
0.08524195740750895,,,,73.51,,,,,
0.0852772910610593,,,,73.58,,,,,
0.0853528735440896,76.8,,,,,,,,
0.08538072629561233,82.43,,,,,,,,
0.0858158250055785,,,,,,,,74.73,
0.08587792234633596,,,72.96,,,,,,
0.08611628784928005,82.71,,,,,,,,
0.0861221861242647,,78.02,,,,,,,
0.08626030542643215,81.88,,,,,,,,
0.08660652420289261,,,,73.91,,,,,
0.08687830560919152,88.38,,,,,,,,
0.08694898479901836,,79.22,,,,,,,
0.08756137924534113,,,,,,75.32,,,
0.08759035836646101,83.26,,,73.91,,,,,
0.08764220921885535,81.34,,,,,,,,
0.08767553043669629,,,,76.71,,,,,
0.08767888238819488,81.34,,,,,,,,
0.08815506935174988,,,,76.3,,,,,
0.088482566409682,,,,76.06,,,,,
0.088567088298938,,74.58,,,,,,,
0.08879247833121506,79.2,,,,,,,,
0.08888633605536778,,,,76.14,,,,,
0.08959207125641577,,,,76.31,,,,,
0.08963995753309884,,,,76.30999999999999,,,,,
0.08981946958849685,76.7,,,,,,,,
0.09029258001384677,,,,75.59,,,,,
0.09056145445718622,,,73.1,,,,,,
0.09176304811508929,,74.3,,,,,,,
0.09198817376807811,,,,76.14999999999999,,,,,
0.09415794425228796,,77.48,,,,,,,
0.09433555501689916,,,,76.89,,,,,
0.09446011650527941,,,,,75.58,,,,
0.09481279522311281,,,73.05,,,,,,
0.09514191396492122,80.58,,,,,,,,
0.09594625917923483,80.85,,,,,,,,
0.09610202371489796,,,,75.78,,,,,
0.09622137971519074,,,,75.81,,,,,
0.09638749163341398,,72.43,,,,,,,
0.09646738311063774,80.92,,,,,,,,
0.09671169277449776,,76.27,,,,,,,
0.09676080834927436,,,,75.49,,,,,
0.09679088128061308,,76.44,,,,,,,
0.09687930525127308,,75.5,,,,,,,
0.09690737933470372,,,,75.54,,,,,
0.09691359593322946,,,,75.53,,,,,
0.09707545282703545,,,,75.59,,,,,
0.09712319669517222,,,,75.61,,,,,
0.09732123768325485,,,,75.67,,,,,
0.09732906447942158,,,76.01,,,,,,
0.0974039264015083,,,76.01,,,,,,
0.0974958619833104,,,76.15,,,,,,
0.09749686573186755,,,,75.67,,,,,
0.09759945851760055,,,,75.75,,,,,
0.09762435672352532,,,76.08,,,,,,
0.09767315245143338,,75.99,,,,,,,
0.0977621204373118,,,,75.8,,,,,
0.09781695439229243,,,,75.81,,,,,
0.09795858390425649,,,76.05,,,,,,
0.0980140403055334,,77.7,,,,,,,
0.09868578868243771,,,,76.1,,,,,
0.09878405366603094,,73.55,,,,,,,
0.09903878068241512,,77.34,,,,,,,
0.09955902185428522,83.86,,,,,,,,
0.0995954954703997,,,,75.93,,,,,
0.09964104050967615,83.94,,,,,,,,
0.09973415759630377,,77.47,,,,,,,
0.09975270227568167,85.92,,,,,,,,
0.09975633065567102,84.12,,,,,,,,
0.09976157169125743,84.01999999999998,,,,,,,,
0.09991862435377485,84.12,,,,,,,,
0.1000109817763013,84.28999999999999,,,,,,,,
0.10007007446374327,84.33,,,,,,,,
0.10013199750416724,84.36,,,,,,,,
0.1001800077856072,84.47,,,,,,,,
0.10023689934170998,,,,76.62,,,,,
0.10040619660737438,,78.54,,,,,,,
0.10051619712226012,,,,,76.22,,,,
0.10054203529474992,,78.63,,,,,,,
0.10084132686180691,,72.58,,,,,,,
0.1008518817997579,,,72.46,,,,,,
0.10103965669583514,,,,76.21,,,,,
0.1011621114343022,,,,76.86,,,,,
0.10119283042713256,,,,76.86999999999999,,,,,
0.10128560410471166,,,,76.23,,,,,
0.1013452381411275,,,,76.93,,,,,
0.10136019820078124,,,,76.93,,,,,
0.10145360668229864,,,,76.96000000000001,,,,,
0.10149728361590715,,,,76.93000000000002,,,,,
0.10207841323461087,79.18,,,,,,,,
0.10222339792718005,,,72.16,,,,,,
0.10233529732738811,,,,76.12,,,,,
0.10257290901182459,,,,77.77,,,,,
0.1026322772811441,,,,,,75.09,,,
0.10284832637252217,,,,77.13,,,,,
0.10303383942364275,,76.26,,,,,,,
0.10305026489752112,,76.26,,,,,,,
0.10315552121064697,,,,77.23,,,,,
0.10337934840466478,,,73.24,,,,,,
0.1035472636833632,79.9,,,,,,,,
0.10354804937202777,79.9,,,,,,,,
0.1038415823533474,79.92,,,,,,,,
0.10391664104660125,,,,76.98,,,,,
0.10398041980327433,,,,,76.17,,,,
0.10413428837387562,77.48,,,,,,,,
0.10421255308012078,77.52,,,,,,,,
0.10443724228647233,80.1,,,,,,,,
0.10477705599010112,,,,75.26,,,,,
0.10481288568215952,,72.0,,,,,,,
0.10491662115024036,,,76.03,,,,,,
0.10557767503434423,,,72.46,,,,,,
0.10558665836985304,,,,,,75.6,,,
0.10561660606659196,,,,76.62,,,,,
0.10575312292325734,,,,75.72,,,,,
0.10575597587387908,,77.35,,,,,,,
0.10590210738862416,,78.31,,,,,,,
0.10593737224119315,,,,76.86,,,,,
0.10598137919802442,,,72.18,,,,,,
0.10615023216249786,,,76.37,,,,,,
0.10617674344516548,,,,,77.37,,,,
0.10619652576857153,87.9,,,,,,,,
0.1062343621729227,,,72.59,,,,,,
0.1065170163875171,,,,75.14,,,,,
0.10655232046787977,,,,,,,74.7,,
0.10682687124762635,,,,,,,74.72,,
0.10694163096779907,,,76.94,,,,,,
0.10698901202706668,,78.595,,,,,,,
0.10700685344371985,80.44,,,,,,,,
0.1070159720264443,,,76.73,,,,,,
0.10707765817648807,,78.54,,,,,,,
0.10714956594201275,,,77.01,,,,,,
0.10722005278856139,,,,,,,74.78,,
0.10735001728388816,,,,,,,74.8,,
0.10740356499046988,,,,,,,74.81000000000002,,
0.10752539509584058,,78.85,,,,,,,
0.10772475550668426,,78.95000000000002,,,,,,,
0.10774024563246609,80.64,,,,,,,,
0.10791702735520992,,,76.26,,,,,,
0.10794219126960014,,,,76.1,,,,,
0.10804858793058081,,,,76.34472837022133,,,,,
0.10839042313728053,,78.45,,,,,,,
0.10843096608810887,,,,75.77,,,,,
0.10866670633229769,,,,75.84,,,,,
0.10877897932459835,,75.83,,,,,,,
0.10890439137228025,,,,75.56,,,,,
0.1090187623794221,,,,,,75.2,,,
0.10903557157660138,,,,75.95,,,,,
0.1095023327286544,81.96,,,,,,,,
0.10954070007949857,,,,,76.75,,,,
0.10954978764648748,81.98,,,,,,,,
0.1095749662134422,,,,76.65,,,,,
0.10959089204843897,82.02999999999999,,,,,,,,
0.10963180090198743,82.03000000000002,,,,,,,,
0.10966198800956528,75.63,,,,,,,,
0.10968803895005008,,,,76.14,,,,,
0.1098161201161385,,,,76.17,,,,,
0.11000583308065282,,78.48,,,,,,,
0.11004711039936521,,,,,,75.06,,,
0.11006669352311893,,,75.24,,,,,,
0.11007186103905586,,73.72,,,,,,,
0.11020259532060694,,,,,,,74.38,,
0.11032492942721017,,73.81,,,,,,,
0.11040045482002636,88.82,,,,,,,,
0.11064595347790718,,73.89,,,,,,,
0.11065590142534765,,73.91,,,,,,,
0.11066206924225619,85.2,,,,,,,,
0.11086564563780077,74.43,,,,,,,,
0.1108739189576744,,,,,76.28,,,,
0.11094035546388237,,,,,77.0,,,,
0.11097470810528276,,77.71,,,,,,,
0.11100777544167473,,72.77,,,,,,,
0.11116584631761506,,78.73,,,,,,,
0.11117861819920605,,74.08,,,,,,,
0.11120103608384602,,77.86,,,,,,,
0.11123499323443098,,,,75.43,,,,,
0.11132102730515747,,77.88,,,,,,,
0.11144948573232294,,,,75.5,,,,,
0.11151413790407716,,,,75.51,,,,,
0.11174068574388984,,78.98,,,,,,,
0.11174501164645556,87.6,,,,,,,,
0.11174727760885395,,78.98,,,,,,,
0.111886549026599,,,,76.98000000000002,,,,,
0.11196521198899378,,,72.29,,,,,,
0.11201142851212142,,79.03,,,,,,,
0.11204996959470037,,78.04999999999998,,,,,,,
0.11249472492084611,,78.47,,,,,,,
0.11270039823906175,81.86,,,,,,,,
0.1128649703493283,82.15999999999998,,,,,,,,
0.11298523463523891,,,72.49,,,,,,
0.11309393435618298,82.12999999999998,,,,,,,,
0.11318224852795566,,,,75.49,,,,,
0.11321694650157665,,,,75.48,,,,,
0.11334058560996518,,74.89,,,,,,,
0.11340316526153393,82.39999999999999,,,,,,,,
0.11359484004694931,,,,,76.69,,,,
0.11368696127638578,,,72.62,,,,,,
0.11384188012053986,,,,75.13,,,,,
0.11386663351416293,84.25,,,,,,,,
0.11393700426322262,,,,76.49,,,,,
0.11413847292838497,,,,,,75.08,,,
0.11415967561420759,,75.23,,,,,,,
0.11423716538065132,87.09,,,,,,,,
0.11424316611452823,,,,75.58999999999999,,,,,
0.1144813853746609,,79.05,,,,,,,
0.11452092596627561,,,,75.83,,,,,
0.11464122114147424,,78.04,,,,,,,
0.11466766003930817,,77.38,,,,,,,
0.11474361705895753,82.88,,,,,,,,
0.11479172184436193,87.24999999999999,,,,,,,,
0.11484424097538071,,75.47,,,,,,,
0.1148758817971427,,,,,75.47,,,,
0.11488914006928286,,79.09,,,,,,,
0.11504453394948211,91.92,,,,,,,,
0.11507769025037384,92.09,,,,,,,,
0.11508705592557256,,75.58,,,,,,,
0.11511032038198654,,75.56,,,,,,,
0.11512577038928495,,79.32,,,,,,,
0.11516514945350398,,79.45,,,,,,,
0.1152420502758551,,79.4,,,,,,,
0.11527319876183095,,74.72,,,,,,,
0.11529429084570175,,,,76.67,,,,,
0.11543465978964007,,79.48,,,,,,,
0.1155147087121513,,,,77.05,,75.33,,,
0.11556967123046213,,,,,,75.34,,,
0.11564310130931865,,,,76.97,,,,,
0.11576197896007634,,,,77.12,,,,,
0.11586760007751562,,78.44,,,,,,,
0.11592508794884604,,,,77.15,,,,,
0.11593152197808543,,,,77.05,,,,,
0.11670310530938366,,,,77.39,,,,,
0.11677793187245133,,,,76.04,,,,,
0.11723604739762217,,,,,,,76.02,,
0.11735131126763143,,,,77.58,,,,,
0.11747700511692716,,,,77.6,,,,,
0.11761979766611197,,,,,76.66000000000001,,,,
0.11764144870174764,,,,,76.66,,,,
0.11771348607012322,,78.31,,,,,,,
0.11772995536111064,,,76.3,,,,,,
0.11810485699159345,,78.01,,,,,,,
0.11863079590581127,,77.9,,,,,,,
0.11866958863163224,,,,77.44,,,,,
0.11894204775346262,,,,77.43,,,,,
0.11946334419896898,,,,76.67,,,,,
0.11948736434611873,,,,77.59,,,,,
0.1195017769291955,,77.98,,,,,,,
0.11973159287231128,,78.05,,,,,,,
0.1201118319653034,,,,,76.91499999999999,,,,
0.12046073345359609,,,75.77,,,,,,
0.12049274789081243,,,,,76.93,,,,
0.12049394264589108,87.09,,,,,,,,
0.1208457974700341,,,75.60216216216217,,,,,,
0.1211694882765455,86.05,,,,,,,,
0.1214795716165098,87.19,,,,,,,,
0.12148840951074513,,,,,77.07,,,,
0.12177521289303295,,,74.11,,,,,,
0.12203405228570108,,,74.28,,,,,,
0.12237935734368288,,,74.32,,,,,,
0.12279336017433229,,78.41,,,,,,,
0.12306368876065044,88.64,,76.2,,,,,,
0.12432800320658344,,,,77.01000000000002,,,,,
0.12469450485511868,,78.06000000000002,,,,,,,
0.12479107005873669,,,,,77.0,,,,
0.12630103665110748,90.37,,,,,,,,
0.12656647250959763,85.93,,,,,,,,
0.1266495876280791,90.37,,,,,,,,
0.1299135792660857,,72.22000000000001,,,,,,,
0.1299855979804332,,72.36,,,,,,,
0.13025919315741086,,72.36,,,,,,,
0.13032460370272458,,77.16,,,,,,,
0.1307848035243735,,72.57,,,,,,,
0.13152332034203118,,72.81,,,,,,,
0.13167818326042857,,72.89,,,,,,,
0.13171880677934933,,72.96,,,,,,,
0.13342330033121552,,,76.93,,,,,,
0.13396228002503485,,78.41999999999999,,,,,,,
0.13425724493523128,,,73.3,,,,,,
0.13430853375071017,,78.52,,,,,,,
0.13433122578136358,,,,,74.92,,,,
0.13438812522510513,,,73.36,,,,,,
0.13460433418855655,,78.57,,,,,,,
0.13524794730691725,91.08,,,,,,,,
0.13553899955465587,,,,,74.9,,,,
0.13618872946938043,,,,,74.72,,,,
0.13662175116379993,90.76,,,,,,,,
0.13680164409937778,,,,,,,75.66,,
0.13681577900301245,,78.72,,,,,,,
0.13708238872582812,,,,,75.5,,,,
0.1374951656455461,,,,75.2,,,,,
0.13762973422836344,,,,,75.75,,,,
0.13770091976008736,,,,,75.74,,,,
0.13778910510042408,,,,,75.53,,,,
0.1379608695636214,,79.15,,,,,,,
0.13804776349752168,,79.2,,,,,,,
0.13807220480747406,,78.06,,,,,,,
0.1380880817764012,,78.06,,,,,,,
0.13810730185781317,,78.13,,,,,,,
0.13815201194986182,,78.15,,,,,,,
0.13818293500296197,,78.1,,,,,,,
0.13824499511839772,,78.13,,,,,,,
0.138329032583957,,,,,75.16,,,,
0.13841772032563027,,,,,75.68,,,,
0.13855118294578417,,,74.02,,,,,,
0.13863464483230659,,78.21999999999998,,,,,,,
0.1387375564008706,,,,,75.25,,,,
0.13896047433432668,,,,,76.17,,,,
0.13897020364965207,,,,,75.93,,,,
0.13944795526954623,,,,,74.73,,,,
0.14019661621712332,,,,,,,74.54,,
0.1403239945549528,,,,,76.66000000000001,,,,
0.1404881859680036,,,,,74.37,,,,
0.14117391133791957,,74.10999999999999,,,,,,,
0.14126548510024417,,,,,76.57,,,,
0.14149072060099854,,77.88,,,,,,,
0.1415048672697381,,,,,75.26999999999998,,,,
0.14153072492373586,,,,,76.12,,,,
0.14189020654295947,87.3,,,,,,,,
0.1420187787144116,87.38,,,,,,,,
0.1420330436554622,,,75.3,,,,,,
0.1421392267717434,95.7,,,,,,,,
0.14241670041853505,,,75.5,,,,,,
0.14256089313985032,,,,,75.16,,,,
0.14261450840300838,,,75.05,,,,,,
0.14274144028631386,,,,,,,75.36,,
0.1427693944929227,,,,,,,74.19,,
0.14277694440372302,,,,,75.12,,,,
0.14278449441428376,,,,,75.13,,,,
0.142829796572725,,,72.99,,,,,,
0.14290612454819485,,,,,76.91,,,,
0.1429945063040612,,,,,75.16,,,,
0.14310454334045164,,,,,76.93,,,,
0.14326647308545293,,,,,,,75.52,,
0.14328444541861818,,,,,,,75.52,,
0.1433800350481711,,,,,77.06,,,,
0.14344458751397804,,,,,74.22,,,,
0.14354612940010636,,,,,77.03,,,,
0.14364768932238703,,,,,74.23,,,,
0.14372330902742592,,,,,75.42,,,,
0.14376398430183945,88.26,,,,,,,,
0.1439720147542869,,79.58,,,,,,,
0.14404531563495238,,,,,76.98,,,,
0.14462989500051493,96.75,,,,,,,,
0.14464933667570934,,,,,74.1,,,,
0.14509170753212697,,,,,,,75.315,,
0.1451421103466095,,,,,,,75.3,,
0.1452185095387466,,,77.14,,,,,,
0.14522489532823402,,,,,,,75.3,,
0.1453427411308863,,,,,76.46,,,,
0.14540649044587806,88.9,,,,,,,,
0.14581170016972345,89.22666666666666,,,,,,,,
0.14582893203730518,,,75.82,,,,,,
0.14591550950089283,,,75.80999999999999,,,,,,
0.1460091433045616,97.57,,,,,,,,
0.14616505708081085,89.35,,,,,,,,
0.14622758015828285,103.81,,,,,,,,
0.1463471558321039,89.18,,,,,,,,
0.14653090261385016,97.82,,,,,,,,
0.14670988645631522,,,,74.69,,,,,
0.1467484779225947,97.88,,,,,,,,
0.14687278313653063,97.97,,,,,,,,
0.14694600536627367,89.55,,,,,,,,
0.14705824367460107,89.64,,,,,,,,
0.14722664233112148,,,,,74.97,,,,
0.1474888998378454,,,74.53,,,,,,
0.14753358016410467,98.43,,,,,,,,
0.14758910356973742,,,74.55,,,,,,
0.1476794459577475,,,74.55,,,,,,
0.14769241197782024,89.85,,,,,,,,
0.14769927021135443,98.42,,,,,,,,
0.14770776842663325,98.34,,,,,,,,
0.1477283771213307,98.45,,,,,,,,
0.14777762454149412,,,,,,,75.77,,
0.14781694184980032,,,74.61,,,,,,
0.1479344981400772,,,74.62,,,,,,
0.14799462379767747,,,74.62999999999998,,,,,,
0.14812050820998746,97.99,,,,,,,,
0.1481249863211671,,,74.69,,,,,,
0.14812828180808668,,,,,,,75.12,,
0.1481690650244023,,75.92,,,,,,,
0.14818266007370617,,,,,77.27,,,,
0.1482246831707219,,,,,77.28,,,,
0.14824808825953362,98.45,,,,,,,,
0.14824957686077078,98.0,,,,,,,,
0.14830482397473865,,,74.69,,,,,,
0.14830667826456412,,,,,76.26,,,,
0.1483795253562199,98.3,,,,,,,,
0.14840455206031855,,,,,,,76.21,,
0.14842268630062727,,,74.74,,,,,,
0.14844329408707813,,,74.73,,,,,,
0.14844782789935085,,,74.69,,,,,,
0.14846637568596188,,,74.76,,,,,,
0.1484740010609027,,,,,76.46,,,,
0.14848245091897438,,,74.72,,,,,,
0.1484901429907277,98.36,,,,,,,,
0.1484919313955524,,,74.75,,,,,,
0.14849770219705816,,,75.87,,,,,,
0.14850285474740832,,76.06,,,,,,,
0.14852964875450936,,,74.76,,,,,,
0.1485648219418858,98.63,,,,,,,,
0.14857499530699436,,,,,77.4,,,,
0.1485832405194325,,,74.69,,,,,,
0.14859973129945048,,,74.78,,,,,,
0.14860138040349646,,,74.77,,,,,,
0.1486518865081683,,,,,77.76,,,,
0.1486543603906645,,,74.77,,,,,,
0.14868281080530021,,,74.78,,,,,,
0.14871868507608021,,,74.78999999999999,,,,,,
0.14872590143572784,,,74.74,,,,,,
0.14873719505427885,98.79,,,,,,,,
0.148775387487323,,,74.81333333333333,,,,,,
0.1487809549349386,,,74.79,,,,,,
0.14884681721254167,98.55,,,,,,,,
0.14884766872866284,98.49,,,,,,,,
0.14885313043629655,85.55,,,,,,,,
0.14887334120191897,,,,,,,75.77,,
0.1488813046251367,99.02,,,,,,,,
0.14912639519235182,,77.76,,,,,,,
0.149343545250733,,,74.83999999999999,,,,,,
0.14967120301774317,,,75.095,,,,,,
0.14971705283686387,,,74.98,,,,,,
0.14972655370723031,,,,,76.16,,,,
0.14974307733405468,,,75.01,,,,,,
0.14980813040456176,98.28,,,,,,,,
0.14984945955278772,,,,,76.19,,,,
0.14987590323650535,,,75.20999999999998,,,,,,
0.14993767876814368,90.81,,,,,,,,
0.15036042561919927,,,,74.1,,,,,
0.15057479561987308,,79.42,,,,,,,
0.1508069584261995,,,75.46,,,,,,
0.15091246939408154,99.67,,,,,,,,
0.15134740143677017,101.15,,,,,,,,
0.1515310905965228,101.25,,,,,,,,
0.15165771841002873,99.97,,,,,,,,
0.15195429045375475,100.08,,,,,,,,
0.15243113712796696,100.08999999999999,,,,,,,,
0.1529011160260172,,,,74.64,,,,,
0.15291924557288006,,,,,77.03,,,,
0.15327917261520008,100.24,,,,,,,,
0.1534587577100346,99.91,,,,,,,,
0.1535417280410023,,,73.89,,,,,,
0.15378035231043619,,76.0,,,,,,,
0.1538073931290409,,,,,,,75.63,,
0.1540431716382349,100.4,,,,,,,,
0.15409431186585687,,,,,,,75.68,,
0.1541238649011456,,,,,,,75.69,,
0.15420961889441154,,,,,,,75.64,,
0.1544565449929598,,,,,,,75.75,,
0.15454838847594732,,,,,,,75.75,,
0.1546027517070081,,,,,76.92,,,,
0.15466045315010302,,,,,,,75.69,,
0.1546931601389816,91.37,,,,,,,,
0.15474021790692905,100.91000000000001,,,,,,,,
0.15483067475673673,,,,,75.41,,,,
0.1549905245660168,,,,,76.85,,,,
0.1550176221399553,,,,,77.27,,,,
0.15540458269008406,,,,74.9,,,,,
0.1557168091180836,101.24,,,,,,,,
0.15578939422368965,,,,,77.43,,,,
0.15638424620381275,,,,,,74.96,,,
0.15760189021918647,,79.84,,,,,,,
0.15792595865135484,,,,74.51,,,,,
0.15793720723638383,88.86,,,,,,,,
0.15835269415906894,,,,74.62,,,,,
0.1590047537025745,,,,75.79,,,,,
0.1591688652236143,,,,77.18,,,,,
0.15926908084452762,,,,,77.36,,,,
0.15975441321698303,,,75.17,,,,,,
0.15976183131032218,,,,75.84,,,,,
0.16008452554327657,,,,73.92,,,,,
0.160623301137643,,,,75.81,,,,,
0.16086084439589077,,,,75.81,,,,,
0.16093963238935838,92.8,,,,,,,,
0.16106115273366495,,,,,,75.11,,,
0.16161142310802545,93.05,,,,,,,,
0.1631854316214285,,,,76.96,,,,,
0.16355451094217255,,,75.35,,,,,,
0.1636410507499666,,74.83,,,,,,,
0.16369479901827133,,73.93,,,,,,,
0.16371375792533827,,73.89,,,,,,,
0.1637681379978353,,,,77.24,,,,,
0.16380939523629534,,73.92,,,,,,,
0.16385128057661147,,76.07,,,,,,,
0.16438220336408227,,,,,76.6,,,,
0.164483886409434,,,,76.69,,,,,
0.16453166209304326,,,,75.49,,,,,
0.1646392238844212,,,,,77.03,,,,
0.16469221006534296,,,,,77.39,,,,
0.16519717376943976,,,,74.94,,,,,
0.16545553377408195,,,,,77.45,,,,
0.1661895456310234,95.54,,,,,,,,
0.16661548515140767,,,,77.02,,,,,
0.16665673512728052,,,,75.24,,,,,
0.1669533182766434,,,,76.48,,,,,
0.16707505316026872,,,,77.24,,,,,
0.16718486681971756,,,,76.23,,,,,
0.16729449151933617,91.95000000000002,,,,,,,,
0.1673598988527547,,78.34,,,,,,,
0.16772207783388637,,78.44,,,,,,,
0.1681419935000199,,77.94,,,,,,,
0.16817696128698056,,,,,76.7,,,,
0.1684787520354809,,,,,77.2,,,,
0.16858500241659735,,,,,77.4,,,,
0.16889382901385108,,,,75.75,,,,,
0.16891022499723518,,,,75.72,,,,,
0.1692087964074711,,,,75.83,,,,,
0.1694912621643081,,79.51,,,,,,,
0.16953592814371254,,79.55,,,,,,,
0.1695397751340495,,79.56,,,,,,,
0.1695429809786626,,79.55,,,,,,,
0.1695570869037566,,79.57,,,,,,,
0.16957803269299543,,79.54,,,,,,,
0.1697206122317685,,79.57,,,,,,,
0.1697208260202936,,79.57,,,,,,,
0.16972745350333374,,79.57,,,,,,,
0.17002362899281986,,,,,77.24,,,,
0.17019326273640112,,,75.12,,,,,,
0.17023350181038777,,,,,77.37,,,,
0.17092462428870903,102.16000000000001,,,,,,,,
0.17095132769667387,,77.25,,,,,,,
0.17104225102425663,,,,76.07,,,,,
0.17139676068528908,,77.13,,,,,,,
0.1713982614985552,,,,,76.5,,,,
0.172338651482296,,,75.08,,,,,,
0.17249810430872903,103.04000000000002,,,,,,,,
0.17325385531216853,,,,76.95,,,,,
0.17333835883178095,,,,,,76.73,,,
0.17399171270219282,,,,78.21,,,,,
0.17403446671685674,,,,,76.71,,,,
0.17419191209385154,,,,,,76.74,,,
0.17449849366050896,,,,,,76.85,,,
0.17472555932997325,,80.62,,,,,,,
0.17478938687925472,,,,,78.02,,,,
0.17520328304789157,,,,,,76.57,,,
0.1752516966778206,,79.17,,,,,,,
0.17556298446052687,,,,,77.01,,,,
0.17675850470032284,98.45,,,,,,,,
0.17683943221175036,,,,,,,74.94,,
0.17700454127585497,,,75.63,,,,,,
0.17740147127351968,,,,,77.42,,,,
0.17822288823033272,,,,76.48,,,,,
0.1784529453866237,,,,,77.57,,,,
0.17856111616166226,,,75.9,,,,,,
0.17884127270650918,,,,,78.56,,,,
0.1789274225484876,93.49999999999999,,,,,,,,
0.17955825543334014,,,,,76.46,,,,
0.18011288517317237,,,78.42,,,,,,
0.18059137297611594,,,,,77.47,,,,
0.18087117518510154,91.48,,,,,,,,
0.18128881473417957,,76.63,,,,,,,
0.18176703346376466,101.12,,,,,,,,
0.1821671562193259,,,,,77.22,,,,
0.1825615178356257,93.04,,,,,,,,
0.1826418283212614,,77.05,,,,,,,
0.18268162340053862,,,,,76.94,,,,
0.18279633483673918,,77.33999999999999,,,,,,,
0.18287682297028507,,80.93,,,,,,,
0.1831054690125855,,77.36,,,,,,,
0.18334552117587566,,,,,77.17,,,,
0.18340459956084598,,,,,78.32,,,,
0.1834920079322655,,77.51,,,,,,,
0.18356792560055601,,,,78.76,,,,,
0.18366393126714642,,77.54,,,,,,,
0.18366577648930194,,,,78.7,,,,,
0.18377911865425034,105.62000000000002,,,,,,,,
0.1840035934509061,,,,,76.94,,,,
0.18400622195269634,,80.38,,,,,,,
0.18404616201303625,,,73.37,,,,,,
0.1841118097576364,,,77.82,,,,,,
0.18424940884675012,,80.26000000000002,,,,,,,
0.18428490934206487,,80.29999999999998,,,,,,,
0.18469184280431628,93.35,,,,,,,,
0.18543552362303584,93.6,,,,,,,,
0.1856405989209593,93.66,,,,,,,,
0.1857600991726629,93.58999999999999,,,,,,,,
0.18576159041530937,93.58999999999999,,,,,,,,
0.18577948561963908,93.58999999999999,,,,,,,,
0.1857932336044168,,80.84,,,,,,,
0.18584794242411773,102.64,,,,,,,,
0.18592927261567138,,76.7,,,,,,,
0.1861949885856533,,79.14,,,,,,,
0.18637190861139907,,,,78.66,,,,,
0.18638695122652016,,80.78,,,,,,,
0.186879799108006,94.22,,,,,,,,
0.18692151271503366,,,,78.77,,,,,
0.1870544161931489,94.27,,,,,,,,
0.18712402118476779,94.28,,,,,,,,
0.1871771912323008,94.3,,,,,,,,
0.18722673548264557,94.29,,,,,,,,
0.18730768089127237,94.34,,,,,,,,
0.18748869334496088,,,,,77.14,,,,
0.1877713540143522,94.52,,,,,,,,
0.18778757022337178,,,,78.39,,,,,
0.18797671045907682,,,,,77.71,,,,
0.18809913499182374,94.68999999999998,,,,,,,,
0.188121385163891,,,,,77.70999999999998,,,,
0.1881838358030754,94.7,,,,,,,,
0.18821010406344096,,78.73,,,,,,,
0.18832845398468145,94.77999999999999,,,,,,,,
0.18833786822269305,94.71,,,,,,,,
0.18840113068940068,,,,,77.76,,,,
0.18841127147756254,,,,78.56,,,,,
0.18850971096000957,,,,,77.82,,,,
0.18852560241998662,,,,,,,76.31,,
0.1889780250852071,111.28,,,,,,,,
0.18905868443644747,,80.87,,,,,,,
0.189070865513707,,,77.12,,,,,,
0.18908935512574354,,,76.2,,,,,,
0.18917397962926685,,,76.22,,,,,,
0.18920697372591344,95.17,,,,,,,,
0.18929611869607732,95.16,,,,,,,,
0.18936362918813687,95.19999999999999,,,,,,,,
0.18955724865073553,,,,,77.52,,,,
0.18994311339645287,,,,78.29999999999998,,,,,
0.1909997549693152,,,,,76.91000000000001,,,,
0.1910411374442862,,,,,,,76.63,,
0.1912969799132438,,,78.94,,,,,,
0.19145226483161037,,,,78.82,,,,,
0.19145599459674711,,,78.08,,,,,,
0.19158113100114615,,,,78.845,,,,,
0.1916949290773935,,,,,76.94,,,,
0.19201365749648058,,,,,77.89,,,,
0.19226192206034787,,,,,77.73,,,,
0.1924255660444163,,,,79.01,,,,,
0.19249829137354202,,,,,77.96,,,,
0.192624289619864,,,,,,,76.76,,
0.19266607269411518,,,,,,,76.78,,
0.19277698984089464,,,,,,,76.77,,
0.1927821027518415,,,,,78.07,,,,
0.19295736700727728,,,,79.23,,,,,
0.19304735385712224,,78.79,,,,,,,
0.1930799195430286,,78.8,,,,,,,
0.19308539900224497,,,,,78.11,,,,
0.1931086776996791,,,,,,77.23,,,
0.1933866550730683,,,,79.47,,,,,
0.19342390380342356,,,,77.92,,,,,
0.19343398327136052,,,,78.41,,,,,
0.1934843831650399,,,,77.93000000000002,,,,,
0.19375255028953942,,78.94,,,,,,,
0.19395295391196887,,78.99,,,,,,,
0.19423207620503447,,79.13,,,,,,,
0.19437958044569115,,,,78.62,,,,,
0.19439740750613632,,79.18,,,,,,,
0.19444768459115824,,,,,,,,73.63,
0.19468713441424934,,,,79.02,,,,,
0.1947247471844773,,79.19,,,,,,,
0.19480725736957116,,,,78.94,,,,,
0.19487117174765722,,,,78.75,,,,,
0.19496167390231278,,,,78.43,,,,,
0.19498474096407703,,,,78.76,,,,,
0.1950096397444272,,79.28999999999999,,,,,,,
0.19522754834005895,,,,78.83,,,,,
0.195440552948269,,,,78.87,,,,,
0.19550981228472786,,,,78.88,,,,,
0.19557160278329055,,,,78.89,,,,,
0.1956527537446464,,,,78.91,,,,,
0.19598230902968483,,,,79.02,,,,,
0.19599639287487913,,,79.16,,,,,,
0.19622772347926332,,,,79.1,,,,,
0.19760258387363638,,,,78.24,,,,,
0.19797175893888164,,,,,78.73,,,,
0.19807408668969195,,,,79.24,,,,,
0.19808910317685302,,,,,,76.95,,,
0.1987265165388843,,80.38,,,,,,,
0.19880141654734662,,80.35,,,,,,,
0.19903510375105404,,80.45999999999998,,,,,,,
0.19908716764165169,,80.38999999999999,,,,,,,
0.19977714139598568,,,,,78.44,,,,
0.20013086965544802,,80.81,,,,,,,
0.20022638116050828,,80.81999999999998,,,,,,,
0.2004184003770042,,80.98,,,,,,,
0.20058719628327304,,81.02,,,,,,,
0.20061755401096315,,80.86999999999999,,,,,,,
0.20067084754809383,,81.02,,,,,,,
0.20068087841813065,,,77.74,,,,,,
0.20079533293343776,,,77.62,,,,,,
0.20111263683213743,,,,,,76.95,,,
0.20111485633095638,,,,,,77.21,,,
0.20124230294894052,,81.05999999999999,,,,,,,
0.20127401577771775,,,77.73,,,,,,
0.2012860043896838,,,77.62,,,,,,
0.20150139614462215,,,,78.6,,,,,
0.20155196821494537,,81.24,,,,,,,
0.2015751356023754,,,77.63393234672304,,,,,,
0.20158062469448446,,81.36,,,,,,,
0.20161711783075953,,,,,,77.01,,,
0.20174208903197322,,81.42,,,,,,,
0.20174330430229648,,,,,,77.08,,,
0.20183685046265176,,,,78.67,,,,,
0.2018457392164852,,,,78.67,,,,,
0.20192707742000615,,,78.74,,,,,,
0.20195730425755465,,,77.99,,,,,,
0.202694253800195,,81.69,,,,,,,
0.20271903317672701,,,,,,77.16,,,
0.2029908539886256,,81.69,,,,,,,
0.20334515141692044,,,,79.18,,,,,
0.2033531713817438,,,,,,76.4,,,
0.20343694184826067,,,,79.19999999999999,,,,,
0.20344674553748066,,,,78.89,,,,,
0.20364329864186437,,80.68,,,,,,,
0.203762777247402,,,,78.8,,,,,
0.20382641698577175,,82.0,,,,,,,
0.20398953973887868,111.69,,,,,,,,
0.20401282424159417,,,,,,,,73.3,
0.2041826737818051,,82.01,,,,,,,
0.20428443642082228,,80.81,,,,,,,
0.20436342722550616,,,,,,76.83,,,
0.20454737892261754,,,,,76.32,,,,
0.2045881837312027,,,,79.7,,,,,
0.20468328968982008,,,,,,76.29,,,
0.20484830959782174,,,,,,76.92,,,
0.2049250764807935,,82.15999999999998,,,,,,,
0.20497237326976925,,82.33,,,,,,,
0.20523004097964748,,82.35,,,,,,,
0.2052786010757759,,,,79.81,,,,,
0.20561996966660168,,,,,,76.72,,,
0.2056863879861699,,,,,,76.76,,,
0.20619066717066503,,,,,75.89,,,,
0.20663142693490189,,82.73999999999998,,,,,,,
0.2068013127804098,,,78.54,,,,,,
0.20680329874196235,,82.95999999999998,,,,,,,
0.20713623437757134,,,,,76.4,,,,
0.2071615407112486,,83.00999999999999,,,,,,,
0.2073594043693605,,82.94999999999999,,,,,,,
0.20739386047539488,,83.02,,,,,,,
0.20747348063147508,111.79,,,,,,,,
0.20759864983152165,,,78.82,,,,,,
0.2076421826813335,113.18,,,,,,,,
0.2078365143543377,,,,,78.04,,,,
0.20794520467716393,,83.12999999999998,,,,,,,
0.2079843372018726,,83.13,,,,,,,
0.20806504222187305,,,,78.69,,,,,
0.20829644771505818,,,75.85,,,,,,
0.20854285987385013,,83.3,,,,,,,
0.20868716429171852,,,78.88,,,,,,
0.20876729910836933,,83.43,,,,,,,
0.20886272209876156,,83.49999999999999,,,,,,,
0.20899425782681802,,83.40999999999998,,,,,,,
0.20922178578617467,,,,,,77.1,,,
0.20922772671233525,,83.40999999999998,,,,,,,
0.20945020409472193,,83.61,,,,,,,
0.20949763515723752,,83.61,,,,,,,
0.2095925084437804,,83.64,,,,,,,
0.2097279725032497,,83.47,,,,,,,
0.20976589013749347,,83.67999999999999,,,,,,,
0.2098947391576933,,83.73,,,,,,,
0.20991099522438827,,,78.79,,,,,,
0.20998213259717535,,83.77,,,,,,,
0.2100544729291267,,,78.78,,,,,,
0.2100970497833925,,83.57,,,,,,,
0.21019460819148694,,,,,76.79,,,,
0.21026058927588087,,83.72,,,,,,,
0.21028344838361135,,83.81,,,,,,,
0.2104186232808618,,83.87,,,,,,,
0.2105189696576084,,83.87,,,,,,,
0.21054206055901736,,83.88,,,,,,,
0.210566928668811,,83.89,,,,,,,
0.21060051660596746,,,,,77.6,,,,
0.21072304380175844,,83.92,,,,,,,
0.2109089688174428,,83.97000000000001,,,,,,,
0.21109136100583936,,,,79.79,,,,,
0.211176889403339,,,,79.77,,,,,
0.21138358532487156,,,,,77.0,,,,
0.21141271922784566,,,,,77.73,,,,
0.2116268457736965,,,,79.86500000000001,,,,,
0.211729398016399,,,,,76.19,,,,
0.21176977728562507,,,,,77.38,,,,
0.21187710853250596,,,,,76.18,,,,
0.21203630476510282,,,,,77.98,,,,
0.21204364996963654,,,,,77.42,,,,
0.2122471907508392,,,,,77.1,,,,
0.21244950281546826,,,,,77.13,,,,
0.21245642066104198,,,,,77.13,,,,
0.21253944096582322,,,,,77.86,,,,
0.21255825183337018,,,,,77.81,,,,
0.21257317121230046,,,,,76.46,,,,
0.21262766249790244,,,,,77.16,,,,
0.2128004668568384,,,,,77.2,,,,
0.21289911069523737,,,,,75.79,,,,
0.21290343754671026,,,,,77.86,,,,
0.2129047356081717,,,,,76.15,,,,
0.21291923081656772,,,,,76.22,,,,
0.21365331421948341,,,,,77.34,,,,
0.21376899548477946,,,,,78.47,,,,
0.21424374140140645,,82.05,,,,,,,
0.21434360588294288,,82.08,,,,,,,
0.2143596929730709,,82.08,,,,,,,
0.2146958910589274,,,,,76.67,,,,
0.21553408357570336,,82.54,,,,,,,
0.21555010345582692,,,,,76.04,,,,
0.21576695000176827,,82.59,,,,,,,
0.21577134344700144,,,,,78.0,,,,
0.21583055595878564,,82.51,,,,,,,
0.21592530534003074,,82.58999999999999,,,,,,,
0.21602186186212746,,82.63999999999999,,,,,,,
0.21606891351981194,,82.65,,,,,,,
0.21638587802194698,,,,80.52,,,,,
0.21638694374486822,,82.75,,,,,,,
0.21639075484049797,,82.76,,,,,,,
0.21732990857852386,,82.91999999999999,,,,,,,
0.21742602122797106,,,,,78.65,,,,
0.21744016235486874,,83.01999999999998,,,,,,,
0.21751975112463917,,,,,78.79,,,,
0.217523675016432,,,,,76.68,,,,
0.21795916612783928,,,,,78.49,,,,
0.218244137558395,,,,,77.83,,,,
0.2182788306622414,116.98,,,,,,,,
0.21831216906424245,116.96,,,,,,,,
0.218505841891931,,,,79.84,,,,,
0.2186989277779301,,,,,76.88,,,,
0.21902298495969452,,,,79.63,,,,,
0.21934118995506724,,,,,78.57,,,,
0.21943390291656306,,,,,76.62,,,,
0.21944942934249978,,,,,78.25,,,,
0.2194542404279567,96.46,,,,,,,,
0.2194949174859251,112.46466666666667,,,,,,,,
0.21961608333599747,,82.99,,,,,,,
0.2196210415674571,,83.00999999999999,,,,,,,
0.21975515448199023,,83.01999999999998,,,,,,,
0.2197556650027166,,,,,77.85,,,,
0.21982437040469271,,,,,78.3,,,,
0.2199510799616935,,83.08,,,,,,,
0.21997453210741913,,83.15,,,,,,,
0.21998580749843955,,84.12,,,,,,,
0.22014368485981017,,82.27999999999999,,,,,,,
0.22022918122621937,,83.17,,,,,,,
0.22030318247674208,,82.31999999999998,,,,,,,
0.22036297662801507,,84.8,,,,,,,
0.22116139479574315,,83.49999999999999,,,,,,,
0.2212282780958832,,83.40999999999998,,,,,,,
0.22156800469082127,,83.49,,,,,,,
0.22158089225378896,,83.49,,,,,,,
0.22159609434171057,,,,,78.12,,,,
0.2243198903009378,,,,,76.79,,,,
0.22434815704119138,,,76.25,,,,,,
0.22483063114081459,,,,,76.59,,,,
0.22488865672045066,,,,,76.99,,,,
0.22514399045252498,,,,,76.62,,,,
0.22517599743289596,,,,,76.63,,,,
0.2255661755270295,106.84,,,,,,,,
0.22711453941248272,,,,,79.0,,,,
0.22870345224111,,,,,77.18,,,,
0.2293871992950549,,,,,78.58,,,,
0.22958949250682736,,,,,77.06,,,,
0.22967665471529464,,,,,77.04,,,,
0.23607259745205456,,,,,78.63,,,,
0.2370512119190611,,,,,78.47,,,,
0.2373456388570201,,,,,78.11,,,,
0.23748547319442692,,,,,78.9,,,,
0.23768435809047883,,,,,78.19,,,,
0.23790675626517865,106.74,,,,,,,,
0.23793828099536607,106.75999999999999,,,,,,,,
0.23811454257504483,106.79,,,,,,,,
0.23881899491783365,100.01,,,,,,,,
0.2398209333918968,,,,,78.83,,,,
0.23999230475363809,,,,,78.39,,,,
0.2402691311057492,,,,,78.89,,,,
0.2407226333535073,,,,,78.98,,,,
0.24146008475270642,,,,78.19,,,,,
0.24161532735099422,,,,78.29,,,,,
0.24184815390401582,,79.97,,,,,,,
0.2419869662339229,,80.01,,,,,,,
0.24201605465438414,,80.01,,,,,,,
0.24234096793269488,,80.1,,,,,,,
0.2429596844198476,,,,,78.97,,,,
0.24335013379727366,,,,,78.41,,,,
0.24364688475599827,,,,,78.45,,,,
0.24393293921983727,,,,78.77,,,,,
0.2448912774202865,,79.22,,,,,,,
0.2450219132749749,,,,76.86,,,,,
0.2453526109173303,,,,78.3,,,,,
0.2453610301626441,,,,78.29,,,,,
0.24538252191028165,,,,78.3,,,,,
0.24541199118248302,,,,78.29,,,,,
0.2454425697963809,,,,78.31,,,,,
0.24547514431943251,,,,78.33,,,,,
0.2455207958379677,,,,78.32,,,,,
0.24552323363453654,,,,78.32,,,,,
0.2455309903234697,,,,78.32,,,,,
0.2455365308747155,,,,78.32,,,,,
0.24553830386152464,,,,78.32,,,,,
0.24553963360494402,,,,78.34,,,,,
0.2455469472445031,,,,78.34,,,,,
0.24556733723860202,,,,78.32,,,,,
0.24578768040562848,,,,78.41,,,,,
0.2458098520422829,,,,78.42,,,,,
0.24583402002518007,,,,78.42,,,,,
0.24586395414793483,,,,78.43,,,,,
0.2461629308185529,,,,,,76.88,,,
0.2468468983858283,,,,,78.14,,,,
0.2468810162009032,,,,78.61,,,,,
0.24699407624371195,,,,78.63,,,,,
0.24701175638671735,,,,,78.54,,,,
0.2472542588387565,,,,78.78,,,,,
0.24741206546846195,106.63,,,,,,,,
0.24812135448269013,106.71,,,,,,,,
0.24844947034531217,,,,77.08,,,,,
0.24851560412637963,,,,77.74000000000001,,,,,
0.24956822954925406,,,,78.36,,,,,
0.24964026899609415,115.45,,,,,,,,
0.24987969907896357,109.03,,,,,,,,
0.24995680296342715,,,,,78.72,,,,
0.25010469626831244,109.12,,,,,,,,
0.25011184036286105,,,,,,,,,73.28
0.2502607686746092,,,,,,76.11,,,
0.25067514124142387,109.29,,,,,,,,
0.2506862681085118,,,,,79.0,,,,
0.2516367385422045,,,,79.14,,,,,
0.2519729752690625,,,,79.04,,,,,
0.2520612979751222,,,,,79.14,,,,
0.2526888070465534,,,,78.34,,,,,
0.25330259055802373,,,,,78.95,,,,
0.25338136487332363,,,,,79.36,,,,
0.25384752067773664,,,,79.42,,,,,
0.25405909421524675,,,,,79.08,,,,
0.2544061014312773,,,77.58,,,,,,
0.2546157868304457,,,,,78.63,,,,
0.25481175493311303,,,79.49,,,,,,
0.2550673343624885,,,,,79.2,,,,
0.25523900765972685,,,,,79.22,,,,
0.25533841893079856,,,,,79.24,,,,
0.2554301971579276,,,,,79.25,,,,
0.25548999928363214,,,,,79.25,,,,
0.2555059938410045,,,,,79.26,,,,
0.2555801768263106,,,,,79.28,,,,
0.25570584425812815,,,,,79.28,,,,
0.2558505552613952,,,,,79.29,,,,
0.25585333849218195,,,,,79.34,,,,
0.2558540343018061,,,,,79.33047619047619,,,,
0.2558885938166324,,,,,79.44,,,,
0.25592965020881664,,,,,79.35,,,,
0.25598949992778053,,,,,79.32,,,,
0.2561180337171636,,,,,79.38,,,,
0.25615876698326656,,79.87,,,,,,,
0.25618996843637976,,,,,79.78,,,,
0.25627838981320816,,,,,79.77999999999999,,,,
0.25676574293152443,,,,,79.41999999999999,,,,
0.25706591203274587,,,,,79.49,,,,
0.2571386525950947,,,,,79.51,,,,
0.25717281800093983,,,,,79.61,,,,
0.25723813255024663,,,,,79.52,,,,
0.25769063954493787,,,,,79.65,,,,
0.257765313570141,,,,,79.59,,,,
0.25779043953486913,,,,78.65,,,,,
0.25780196590853555,,,,78.44,,,,,
0.2578325510416426,,,,,79.67,,,,
0.2578974687773199,,,,,79.62,,,,
0.2579163171170038,,,,,79.62,,,,
0.25797705449852604,,,,,79.63,,,,
0.2580768999505094,,,,,79.7,,,,
0.2580990123922753,,,,,79.64,,,,
0.25813229890189104,,,,,79.64,,,,
0.25814836085471193,,,,,79.7,,,,
0.2581569739548555,,,,,79.62999999999998,,,,
0.2584710834806794,,,,,79.75,,,,
0.25850094917939437,,,,79.62,,,,,
0.2588417900226718,,,,79.69,,,,,
0.2591601586912142,,,,,79.26,,,,
0.2591725162636944,,,,,79.33,,,,
0.259297271380599,,,,,79.87,,,,
0.25930170239071026,,,,,79.8,,,,
0.25937152323504487,,,,79.71,,,,,
0.2596301503590872,,,,,79.93,,,,
0.2596357503890978,,,,,79.93,,,,
0.25966655144422623,119.33,,,,,,,,
0.2596835860079534,,,,,79.1,,,,
0.2598336500826859,,,,,79.92,,,,
0.2598684289755657,,,,,79.12,,,,
0.26001059891268485,,,,,79.37,,,,
0.2601913474541975,,,,80.92,,,,,
0.26029321982052345,,,,80.1,,,,,
0.2603483602867833,,,,,,76.95,,,
0.2605791322988922,,,,,80.02,,,,
0.2607183573200009,,,,79.9,,,,,
0.2607574126232075,,,,80.19,,,,,
0.2607607319012697,,,,,79.46,,,,
0.26100177689985693,,,,,79.5,,,,
0.2610354510445638,,,,,79.57,,,,
0.26153188558944707,,,,,79.5,,,,
0.26159484512346287,,,,,79.58,,,,
0.26192636399857694,,,,,79.58,,,,
0.2620252981985489,119.54,,,,,,,,
0.26219141673774016,,,,80.4,,,,,
0.26224376451580333,,,,,79.63,,,,
0.26227039526915497,,,,80.39,,,,,
0.2623985572587917,,,,81.19,,,,,
0.2625210056573939,,,,,80.31,,,,
0.2625761603976755,,,,81.21,,,,,
0.26286356542041855,,,,,80.34,,,,
0.26298670725063955,,,,,80.36,,,,
0.2632142896286578,,,,,80.335,,,,
0.2632452659419231,,,,,80.35999999999999,,,,
0.2634177754705953,,,,,80.38,,,,
0.26368848740762285,,,,,80.38999999999997,,,,
0.26388601829809577,,,,,78.51,,,,
0.2639365265946185,,,,,78.51,,,,
0.26395673104357664,,,,,80.49,,,,
0.26434900656486127,,,,81.54999999999998,,,,,
0.26476705881672724,,,,81.61999999999999,,,,,
0.2648417890717307,,,,78.97,,,,,
0.26484453163439414,,,,,,78.13,,,
0.26492001055092107,,,,,80.7,,,,
0.2649277283542406,120.42999999999999,,,,,,,,
0.2650767380666055,,,,,80.66,,,,
0.26519984110578476,,,,,80.68,,,,
0.265663260887371,,,77.66,,,,,,74.17
0.26574656535148966,,,,,,78.25,,,
0.26581248434687255,,,77.53,,,,,,
0.2658477355159441,,,,,,78.24,,,
0.2659912851394033,,,,,78.83,,,,
0.2662286756849459,122.46,,,,,,,,
0.2667094814471396,,,,80.44,,,,,
0.26883001008543617,,,,,,,76.43,,
0.27056035770509257,,,,,78.68,,,,
0.27136738553767237,124.75000000000001,,,,,,,,
0.27191001273000226,,,,83.16,,,,,
0.2730949725105096,,,,,79.99,,,,
0.2733586270865571,,,,,,77.92,,,
0.2751091015224991,,,,,79.84,,,,
0.27530980729183163,,,,,78.65,,,,
0.2760206304179924,,,,,78.6,,,,
0.27605103766647465,,,,80.62,,,,,
0.27648105537994816,,,,80.73,,,,,
0.27678722395632227,,,,80.77,,,,,
0.27763478408154674,,,,81.09,,,,,
0.2777082440838914,,,81.08999999999999,,,,,,
0.27890184961179987,,,,,,,77.36,,
0.2789291489694845,,,,80.81999999999996,,,,,
0.2800540694838949,,,,80.95,,,,,
0.28011188909403195,,,81.51,,,,,,
0.28025728050308985,,,,81.05999999999999,,,,,
0.2804036417606208,,85.59999999999998,81.51,,,,,,
0.28045938492584677,,85.64,,,,,,,
0.28046383521967,,,,81.1,,,,,
0.2806235978315017,,85.63,,,,,,,
0.28067912584501964,,,,81.26,,,,,
0.2806997450675679,,,,81.14,,,,,
0.28070982061097527,,,,80.23,,,,,
0.28073840789944815,,85.6,,,,,,,
0.28079371152244104,,,,81.27999999999999,,,,,
0.2808965983412022,,,,81.3,,,,,
0.28090198922249066,,85.6,,,,,,,
0.28100248407731687,,,,,78.54,,,,
0.2812998677332452,,85.67,,,,,,,
0.2813657748299856,,85.79,,,,,,,
0.28140260132050376,,85.75,,,,,,,
0.2819402275224141,,,,,,77.51,,,
0.28194398380941377,,85.84999999999998,,,,,,,
0.2819662872168547,,,,,,77.55,,,
0.2820713714887271,,,,,78.99,,,,
0.2822847236291737,,,,81.43,,,,,
0.2824294343203766,,,,81.45,,,,,
0.28279021124169645,,,,,79.1,,,,
0.2828448367098877,,,,,79.34,,,,
0.2831020274615912,,,,,79.09,,,,
0.28341491039357525,,,,,77.83,,,,
0.2836993362204683,,,,,79.17,,,,
0.2839227549273211,,,,,79.2,,,,
0.28398251429812604,,,,,79.23,,,,
0.28401365548522617,,,,,79.2,,,,
0.28404914912126444,,,,,79.23,,,,
0.2842924429297131,,,,80.74,,,,,
0.2843056383219189,,,,81.81,,,,,
0.28444349925713297,,,,,,77.16,,,
0.28483320478883045,,,,,,77.21,,,
0.28516651627158507,,,,,,77.28,,,
0.2856155688045381,,,,,,,75.92,,
0.28569809641376565,,,,,,77.3,,,
0.28574013171489265,,,,80.13999999999999,,,,,
0.28574941422506717,,,,,,,77.59,,
0.28577154190825405,,,,,,77.28,,,
0.28578615197599433,,,,,,,77.6,,
0.2859314506684547,,87.04,,,,,,,
0.28607178742482686,,87.03,,,,,,,
0.28615047446091,,,,81.31,,,,,
0.28622822576392304,,,,,,77.39,,,
0.2862350796730757,,87.02999999999999,,,,,,,
0.2862582416996837,,,,,,77.3,,,
0.28630456825554673,,,,81.35,,,,,
0.28640077742712133,,87.02,,,,,,,
0.28642917278316093,,,,,,,77.77,,
0.28643103783191526,,87.08200000000001,,,,,,,
0.2865166257462486,,,,,,77.43,,,
0.2865993873213719,,,,81.13,,,,,
0.2866840516063238,,,,81.14,,,,,
0.2867093584577429,,,,81.27,,,,,
0.28673017231522824,,,,,,77.43,,,
0.2867306453652696,,,,81.17999999999999,,,,,
0.2869014391602638,,,,81.3,,,,,
0.2869172907449504,,,,,,77.45,,,
0.286940950552971,,87.08,,,,,,,
0.2869732213046976,121.24,,,,,,,,
0.2869975010185666,,87.2,,,,,,,
0.28699797426518847,,87.17,,,,,,,
0.2872656509895486,,87.21999999999998,,,,,,,
0.2872774082814846,,,,,77.92,,,,
0.28748560315205895,,,81.27,,,,,,
0.28750644213044785,,,,80.97,,,,,
0.28761558808891197,,,,,78.09,,,,
0.2877558517925469,,87.27999999999999,,,,,,,
0.2879027478877014,,,,,,77.42,,,
0.2879837920119612,,87.30999999999999,,,,,,,
0.28804398927832175,,87.46,,,,,,,
0.2886577180126966,,,,,78.73,,,,
0.2888028623206884,,,,81.65,,,,,
0.2890399561873733,,,80.0,,,,,,
0.289142714723281,,,,,78.04,,,,
0.28935407965445314,,,81.51999999999998,,,,,,
0.28986536201084845,,,,81.55,,,,,
0.2899143257332195,,,,81.56,,,,,
0.29002391335757105,,,83.17,,,,,,
0.2905314445360927,,87.8,,,,,,,
0.2906613643839415,,,,81.88999999999999,,,,,
0.2914514401343995,,,,80.89999999999999,,,,,
0.29151362998909414,,,,81.76,,,,,
0.2926349609642196,,,,,78.38,,,,
0.29289120394398305,,,80.71,,,,,,
0.2939243412862238,,89.15,,,,,,,
0.2944639107160161,,,,,,78.75,,,
0.2949787020968042,,,,,80.43,,,,
0.2949796337473851,,,,,80.44,,,,
0.295346375620841,133.59,,,,,,,,
0.2963800808607815,,88.37,,,,,,,
0.29708295308728916,,88.55,,,,,,,
0.29718294486101526,,,,81.63,,,,,
0.29756873464881584,,,,,78.3,,,,
0.29815150437729465,,,,,78.74,,,,
0.29868443266970557,,,,,78.4,,,,
0.2986974435697407,,,,83.2,,,,,
0.2988388200554424,,,,,78.48,,,,
0.2990028529350157,,,,,78.44,,,,
0.2992207459568714,,,81.84,,,,,,
0.2997821059719572,,,,,78.63,,,,
0.30036451074899895,,89.25,,,,,,,
0.3004611435214928,,89.21,,,,,,,
0.3028202895276142,,89.8,,,,,,,
0.3038470192567029,,89.99999999999999,,,,,,,
0.3039832777184466,,,,83.12,,,,,
0.3042024196681177,,90.02999999999999,,,,,,,
0.30460542488482667,,90.16,,,,,,,
0.3046910165500054,,90.08,,,,,,,
0.3052177009895414,,,,82.26,,,,,
0.30737069450146026,,,,82.0,,,,,
0.30745982409435535,,,,82.01,,,,,
0.310115657738107,,,,,79.73,,,,
0.3101881729687965,,,,82.16,,,,,
0.31061145667364265,,,,,,,77.58,,
0.31281309224736464,,,,,80.56,,,,
0.31391632652353607,,,,,,,77.38,,
0.3142516167576572,,,,,,,77.33,,
0.31461468095944967,,,,,,,77.44,,
0.3150365479706154,,,,,,,77.47,,
0.3150459151934195,,,,,,,77.46,,
0.31509491514898014,,,,,,,77.46,,
0.3153346832564472,,,,,,,77.47,,
0.317099352096877,,,,,,,78.22,,
0.3200388311422828,,,,,79.39,,,,
0.3206666725362963,,,,,79.46,,,,
0.32093658807216285,,,,,,,77.44,,
0.32102214088150705,,,,,,,77.24,,
0.32255767223971654,,,,,79.6504424778761,,,,
0.3229459431773265,127.93,,,,,,,,
0.3235305017310013,,,,80.72,,,,,
0.3237179929125933,,,,,80.28,,,,
0.3238236218306605,,,,,,,78.33,,
0.32395166473130677,,,,,,,78.35,,
0.32405806141716886,,,,,80.39,,,,
0.32425093378083214,,,,,,,77.62,,
0.3243395959881339,,,,80.73,,,,,
0.3246614518572106,,,,78.94,,,,,
0.3248306292362564,,,,81.60999999999999,,,,,
0.32483413959794993,,,,78.94,,,,,
0.3251723916764331,,,,78.94,,,,,
0.32575028719986254,,,,,80.36,,,,
0.3262323415387207,,,,,80.44,,,,
0.32699818502034916,127.12,,,,,,,,
0.3279293984203173,,,,,81.06,,,,
0.32916335273911823,130.1,,,,,,,,
0.3293011199361935,130.16,,,,,,,,
0.33031352163921235,,,,,80.86,,,,
0.33065971269814853,,,,81.08,,,,,
0.33118757728653203,,,,81.05,,,,,
0.33242703620296776,,,,,81.34,,,,
0.33370436748529686,129.98,,,,,,,,
0.33395204993747307,,,,79.59,,,,,
0.33511443532848095,,,,80.96999999999998,,,,,
0.33529699141564273,,,,80.93000000000002,,,,,
0.3353204880448015,,,,,81.315,,,,
0.33536736490355445,,,,80.95,,,,,
0.3354477328905108,,,,80.96,,,,,
0.33554119067236665,,,,80.98,,,,,
0.33559850840358596,,,,79.85,,,,,
0.3357983265118567,,,,79.88,,,,,
0.33582687683676204,,,,79.88,,,,,
0.33585138350565513,,,,79.92,,,,,
0.33597012272043414,,,,81.07,,,,,
0.33625027860818313,,,,81.11999999999999,,,,,
0.3367523299147528,,,,80.02,,,,,
0.33700421209806986,,,,80.03,,,,,
0.337008740650075,,,,80.01,,,,,
0.33702852363171165,,,,80.03,,,,,
0.3370337674117452,,,,80.02,,,,,
0.33726071948192726,,,,80.06,,,,,
0.3374696216066613,,,,80.1,,,,,
0.3375631240623682,,,,80.12,,,,,
0.33796351962185955,,,,80.18,,,,,
0.33805824603708734,131.58,,,,,,,,
0.3395996829614083,,,,,,,78.71,,
0.34005169740775054,131.69,,,,,,,,
0.34041694041269577,,,,,80.4,,,,
0.3407104685466531,,,,,,,78.11,,
0.34193063560544545,,,,,80.59,,,,
0.34219444138225263,,,,82.06999999999998,,,,,
0.34267909593656976,,,,82.39999999999998,,,,,
0.3429671229113953,,,,82.18999999999998,,,,,
0.3430387882137065,,,,82.39,,,,,
0.3439241725727653,,,,82.61,,,,,
0.34403062239370064,,,,82.62,,,,,
0.3440518180361718,,,,82.6,,,,,
0.34407175928382205,,,,,80.52,,,,
0.34436043486295853,,,,82.44,,,,,
0.34463847214181653,133.03,,,,,,,,
0.34486763543758503,,,80.69,,,,,,
0.3451038401987556,133.25,,,,,,,,
0.345154884850317,,,,,79.72,,,,
0.34528465338209857,,,,,79.74,,,,
0.34629679525715784,,,,81.09,,,,,
0.3466983266465271,,,,82.97,,,,,
0.34691687183518827,,,,,79.98,,,,
0.34695711611811997,,,81.12999999999998,,,,,,
0.34714824881504835,,,80.98,,,,,,
0.3484408652495552,,,,,81.44,,,,
0.34916023207804603,,,,,81.45999999999998,,,,
0.3494882065976479,,,,,81.47,,,,
0.34995654827360245,,,,,81.54999999999998,,,,
0.3502281885638674,,,,,81.54999999999998,,,,
0.3505240033132855,,,,81.39,,,,,
0.3515253386104469,,,,,78.85,,,,
0.351649608315064,,,,,80.13,,,,
0.3517816482123439,,,,,81.95,,,,
0.3521241329278644,,,,81.68,,,,,
0.35312311497487103,,,,,81.35,,,,
0.35335876935525623,,,,,81.38,,,,
0.35357738927336224,,,,,79.86,,,,
0.3537935461232047,,,,82.84,,,,,
0.3548792410394348,,,,,79.3,,,,
0.35503852103507594,,,,83.22,,,,,
0.35505688257781687,,,,83.25,,,,,
0.3550921381348404,148.89,,,,,,,,
0.35614943247858544,,,,82.09999999999998,,,,,
0.3565038663073197,,,,83.37999999999998,,,,,
0.35823915017120944,,,,,81.24,,,,
0.3592346221381404,,,,,80.85,,,,
0.3643964564986748,,90.8,,,,,,,
0.36664795877460876,,,,83.88,,,,,
0.36719754035693697,,,,83.91,,,,,
0.36930102767843853,,,,,79.86,,,,
0.37028931495270534,,,,,82.9,,,,
0.3710640407560668,,,,83.24,,,,,
0.37117282810794605,,,,84.58,,,,,
0.371281883446525,,,,83.94,,,,,
0.3714322010837203,,,,,79.68,,,,
0.3730557759055806,,,,82.5,,,,,
0.3740920370462446,,,,,80.86,,,,
0.37475261326724274,,,,84.17,,,,,
0.37544846497200424,,,,84.47,,,,,
0.3759834382964078,,,,84.51,,,,,
0.3779867173104343,,91.53,,,,,,,
0.38059077135815333,,,,85.12,,,,,
0.3809647088024164,,,,84.15,,,,,
0.3818565187054548,,,,84.24,,,,,
0.3826169288354162,,,,84.4,,,,,
0.38570484708469865,,,,84.52,,,,,
0.3871847067879943,,93.76,,,,,,,
0.38728734272323395,,,,85.01,,,,,
0.38729991666951835,,,,85.28,,,,,
0.38793018896206877,,,,85.26,,,,,
0.38990642637866824,,,,,82.59,,,,
0.39383105243722505,,,,84.41,,,,,
0.39428435145138585,,,,,81.85,,,,
0.39443989110892286,,,,,81.68,,,,
0.3958202896069978,,,,,82.33,,,,
0.3962705979767671,,,,,81.13,,,,
0.3980447877628208,,,,85.98,,,,,
0.3991632653882162,,,,,81.4,,,,
0.39925503661850437,,,,,81.4,,,,
0.39945268338521256,,,,85.53,,,,,
0.3995824456266823,,,,,81.78999999999999,,,,
0.3998103257008676,,,,,81.48,,,,
0.4044679080930986,,,,,81.4,,,,
0.4065337936400244,,,,,82.57,,,,
0.4070402289685946,,,,86.98,,,,,
0.40847326955414265,,,,,,78.87,,,
0.410404611233252,,,,87.39999999999999,,,,,
0.4108957269047657,,,,87.5,,,,,
0.41094915106345664,,,,,82.71,,,,
0.41096460595285955,,,,,,,,76.0,
0.41120951945493434,,,,88.77,,,,,
0.4148216360891288,,,,83.61999999999999,,,,,
0.4148899480912249,,,,83.61999999999999,,,,,
0.4153860960962237,,,,,,,,74.75,
0.41781778702037453,,,,,81.43,,,,
0.41975601138005425,,,,,,,,74.85,
0.4203554332945163,,,,83.1,,,,,
0.42075600202812913,,,,84.5,,,,,
0.42099852145103833,,,,,,,79.06,,
0.4210805576817487,,,,84.59999999999998,,,,,
0.4215843415327949,,,,84.68,,,,,
0.42265825116889144,,,,,80.05,,,,
0.42310188893650347,,,,83.49999999999999,,,,,
0.4231811300413968,,,,,80.11,,,,
0.4234619626942646,,,,,81.17999999999999,,,,
0.42347310712329067,,,,,83.27,,,,
0.42379687828974943,,,,,80.18,,,,
0.42444029734478983,,,,,80.29999999999998,,,,
0.42446413884821754,,,,,80.29999999999998,,,,
0.42515842862744235,,,,,,,79.52,,
0.4254278510784253,,,,,,,,76.11,
0.42549617512648163,,,,,,,,75.46,
0.4256145512477245,,,,,,,,76.5,
0.4256623137038049,,,,,,,79.28,,
0.42604605380079597,,,,,,,,76.52,
0.42622121974717375,,,,,,,78.19,,
0.42628936558649033,,,,,,,78.19,,
0.4264533999962554,,96.91,,,,,,,
0.4267042294111867,,,,,,,78.23,,
0.4269218050418142,,,,,,,78.23,,
0.4269426754318999,,,,,,,78.01,,
0.42703939984430983,,,,,,,78.25,,
0.427192149301425,,,,,,,78.01,,
0.4272145553049209,,,,,,,78.02,,
0.4272555499278077,,,,,,,78.27,,
0.4272919632757779,,,,,,,78.02,,
0.4272975654942248,,,,,83.58999999999999,,,,
0.4273627581786994,,,,,,,78.27,,
0.42738873504810293,,,,,83.26,,,,
0.427826409148655,,,,,,,,75.61,
0.42789674735830174,,,,85.65,,,,,
0.4279602106027116,,,,,,,78.34,,
0.42811953074848463,,,,,,,78.34,,
0.42828628141738845,,,,,,,78.35,,
0.4287469603408418,,,,,,,,76.54,
0.4287900844825716,,,,,,,78.95,,
0.42879365701343897,,,,,,,79.37,,
0.4288347424025285,,,,,,,79.37,,
0.42887404368139403,,,,,,,79.43,,
0.42895520511223006,,,,,,,79.37,,
0.42914742602509626,,,,,,,78.43,,
0.4291767870247898,,,,,,,79.18,,
0.42968300710945617,,,,,,,78.5,,
0.42987363491751407,,,,,,,78.47,,
0.4300405398617544,,,,,,,78.43,,
0.4303276666135063,,,,,,,79.1725,,
0.4303951824290255,,,,,,,78.49,,
0.4304757494128344,,,,,,,,77.14,
0.4306274445846461,,,,,,,78.52,,
0.43064688845031607,,,,,,,78.53,,
0.43066300679225145,,,,,,,78.52,,
0.43089919494034046,,,,,,,78.49,,
0.43103203705085047,,,,,,,78.55,,
0.4310322930324828,,,,,,,78.52,,
0.4312588726868396,,,,,,,78.52,,
0.4313510612126228,,,,,,,79.66,,
0.431493720752794,,,,,,,78.51,,
0.43166100414913244,,,,85.48,,,,,
0.4317350517017424,,,,,,,78.53,,
0.431801931679781,,,,,,,78.55,,
0.4320238847263733,,,,,,,78.55,,
0.43226462521215425,,,,,,,78.64,,
0.43280151919945076,,,,,,,78.72,,
0.43304021092918865,,,,,,,78.74,,
0.43307537976497557,,,,,,,78.76,,
0.43395516201452766,,,,,,,78.88,,
0.4341294484678746,,,,,80.84,,,,
0.43455660365854976,,,,,,,78.91000000000001,,
0.43503369279731485,,,,,,,79.02,,
0.43577981239742036,,,,,,,79.08,,
0.4358803157859785,,,,83.95,,,,,
0.4361669565629509,,,,,81.12,,,,
0.43620820925840853,,,,,,,,76.68,
0.4370890037721791,,,,86.15,,,,,
0.43717187569613025,,,,,,,79.18,,
0.4374158999400417,,,,,,79.89,,,
0.4374747880398504,,,,84.11,,,,,
0.43770212070048453,,,,,,79.86,,,
0.43796958694323607,,,,,,79.89,,,
0.4392315079440181,,,,,,,79.39,,
0.4392431595920969,,,,,,,79.39,,
0.44158482068847205,,,,84.81,,,,,
0.44230188496236233,,,,86.27,,,,,
0.442330488757124,,,,86.27,,,,,
0.44313758314501905,,,,,,79.53,,,
0.44332113967523834,,98.47,,,,,,,
0.4436313391431075,,,,,81.53,,,,
0.4436912586840285,,98.62,,,,,,,
0.4445048327714811,,,,,,80.59,,,
0.4445622163918086,,,,,,80.63,,,
0.44553556279487805,,,,,,,78.52,,
0.44638939623005847,,90.08,,,,,,,
0.44648249810420393,,90.18,,,,,,,
0.4478581924250593,,90.39999999999999,,,,,,,
0.44967454806395946,,,,,82.78999999999999,,,,
0.4549472845318554,,,,,,79.61,,,
0.4550396389173632,,,,86.64,,,,,
0.4608950356047512,,,,,83.13,,,,
0.46489829028058294,,,,86.08,,,,,
0.4656422316015183,,,,,,,,77.17,
0.4661372689344756,,,,,,,79.79,,
0.4662377676823233,,,,,,,79.77,,
0.46735385293189213,,,,,,,,77.33,
0.4678136896744627,,,,,84.10999999999999,,,,
0.4682347413704504,,,88.55999999999999,,,,,,
0.4708183210277932,,,,,82.9,,,,
0.4737845054402914,,,,,83.81,,,,
0.47391646873196747,,,,87.76,,,,,
0.47520775074152244,,,,87.99,,,,,
0.47575963343606453,,,,88.03999999999999,,,,,
0.4759586628257304,,,,,82.84,,,,
0.4761038165955769,,,,,83.03999999999999,,,,
0.4768984468012871,,,,88.09,,,,,
0.47783997431514136,,,,,,,79.14,,
0.4797813770993473,,,,,,,80.61,,
0.48005240865579046,,,,,,,,,76.03
0.4803418923617504,,,,,,,79.14,,
0.4803824345962415,,,,,,,80.89,,
0.4806709512348426,,,,88.21,,,,,
0.48076385944071176,,,,,83.76,,,,
0.48077317831118926,,,,88.55999999999999,,,,,
0.48078825320294505,,,,,84.16999999999999,,,,
0.48096095113236115,,,,88.26000000000002,,,,,
0.4813418512958687,,,,,,,,,77.97
0.48188323649226383,,,,88.28,,,,,
0.48234728209772904,,,,,,,,78.31,
0.4848545761269165,,,,89.33,,,,,
0.48503070486611133,,,,,84.62,,,,
0.4851517314548639,,,,88.66,,,,,
0.48527581107663,,,,89.38999999999999,,,,,
0.48585677937942817,,,,88.88,,,,,
0.489131480816543,,,,89.09,,,,,
0.4892587214713877,,,,,,,80.46,,
0.4896039608569318,,,,,,,80.5,,
0.4897021545376048,,,,89.15,,,,,
0.4897390498593315,,,,89.67,,,,,
0.48973988210570996,,,,,,,80.25,,
0.4916025572780045,,,,90.2,,,,,
0.4924348477567211,,,,90.03,,,,,
0.4936017833605293,,,,90.4,,,,,
0.49385307469508133,,,,90.43,,,,,
0.49414742453808436,,,,90.44999999999999,,,,,
0.49420100589611726,,,,90.46,,,,,
0.49478786157516996,,,,90.53,,,,,
0.4950929181559973,,,,90.58,,,,,
0.4966253903619946,,,,90.8,,,,,
0.49691719259916667,,,,90.84999999999998,,,,,
0.4973789317661266,,,,88.41999999999999,,,,,
0.49809956706795133,,,,91.0,,,,,
0.49829007645025114,,,,,,,80.26,,
0.4985901076943049,,,,88.52,,,,,
0.49909445325682955,,,,,,,,77.61,
0.5017520753744384,,,,,,,,,76.62
0.5059141678530907,,,,84.7,,,,,
0.5063430332963836,,,,86.71,,,,,
0.5087483441486924,,,,87.01,,,,,
0.5093431001445596,,,92.52,,,,,,
0.509369633968985,,,92.54,,,,,,
0.5094087663619911,,,92.52,,,,,,
0.5094470966317841,,,92.56,,,,,,
0.5094685409885527,,,92.53,,,,,,
0.5095312692298744,,,92.52,,,,,,
0.50957309095391,,,92.54,,,,,,
0.509583010548966,,,92.56,,,,,,
0.5097200215339359,,,,87.14,,,,,
0.5097833070186983,,,,87.15,,,,,
0.5104446358069203,,,,87.24,,,,,
0.5104478566744914,,,,87.23,,,,,
0.5106263678943912,,,,87.27999999999999,,,,,
0.5107753832481672,,,,87.27999999999999,,,,,
0.5132250528827649,,,,87.64,,,,,
0.5186964938658061,,,89.85,,,,,,
0.5310531808620516,,,,85.71775,,,,,
0.5466724221628316,,,,,84.4,,,,
0.5519882556815998,,,,,84.69,,,,
0.5557884523723653,,,,,,,79.71,,
0.5566417048486458,,,95.93,,,,,,
0.5571351826908852,,,,,82.77000000000001,,,,
0.5571935973861799,,,,,82.78,,,,
0.5573123690773685,,,,,,,79.81999999999998,,
0.5575152322334858,,,,,82.82999999999998,,,,
0.5575458316710662,,,,,82.82999999999998,,,,
0.5577823976253733,,,,,82.85,,,,
0.5580969440586372,,,,89.00999999999999,,,,,
0.5582742325366596,,,,,82.9,,,,
0.5583520497907646,,,,,82.9,,,,
0.558372471208626,,,,,82.91,,,,
0.5587075692787948,,,,,82.96,,,,
0.5589917150219836,,,,,83.00999999999999,,,,
0.5590168485431075,,,,,83.0,,,,
0.5592748592267167,,,,,83.02,,,,
0.5593688029487665,,,,,83.02,,,,
0.5595105558682731,,,90.55,,,,,,
0.5595744134095044,,,,,83.03,,,,
0.5595968016923043,,,,,83.05,,,,
0.5596299707002244,,,,,83.03999999999999,,,,
0.5597126229492215,,,,,83.07,,79.79,,
0.559882377778341,,,,,,,79.77999999999999,,
0.5602316802205884,,,,,83.12,,,,
0.5603799667071656,,,,,83.14,,,,
0.5603907573090565,,,,,83.14,,,,
0.5606334469285315,,,,,83.16,,,,
0.5607247864023981,,,,,,,79.86,,
0.5607544048302511,,,,,83.17,,79.86,,
0.5612301144967136,,,,,83.21,,,,
0.5612927148839986,,,,,83.21,,,,
0.5613204157725298,,,,,83.21,,,,
0.5613661243876518,,,,,83.45,,,,
0.5614040784229393,,,,,83.46,,,,
0.5619034704607668,,,,,83.49999999999999,,,,
0.5622742025566618,,,,,83.52999999999999,,,,
0.5630825479879664,,,,,,,80.62,,
0.5630983735961421,,,,,,,80.39,,
0.5644856077991032,,,,,,,78.93,,
0.5645009055437911,,,,,85.63,,,,
0.5656449113782709,,,,,,,78.85,,
0.5664174342260428,,,,,83.74,,,,
0.5667409384956259,,,,,,,79.87,,
0.5667663225003312,,,,,,,79.87,,
0.5675117514396615,,,,,,,80.96,,
0.5680967216816493,,,,90.4,,,,,
0.5681156471034143,,,,,82.85,,,,
0.5681315747925701,,,,,82.84,,,,
0.5721505188004232,,,,90.34,,,,,
0.5728297909505664,,,,90.63,,,,,
0.573410910512532,,,92.14,,,,,,
0.5734906871702039,,,,,83.39,,,,
0.5738123350403235,,,,,83.42,,,,
0.57517016312677,,,,,83.55999999999999,,,,
0.5753531700133674,,,,,83.58,,,,
0.5760291694344186,,,,,83.35,,,,
0.576348185220195,,,,,85.47,,,,
0.5763764229260304,,,,,85.47,,,,
0.5765967117567354,,,,,83.6,,,,
0.5766551833614144,,,,,85.49,,,,
0.5767150718193716,,,,,83.58,,,,
0.5769628662877058,,,,,83.6,,,,
0.5774456816438562,,,,,83.64,,,,
0.5784586815227484,,,,90.80999999999999,,,,,
0.5785800431082353,,,,90.87999999999997,,,,,
0.5787536167388001,,,,90.8,,,,,
0.5788826488969925,,,,90.87999999999998,,,,,
0.5789058182679403,,,,90.9,,,,,
0.5813748544865582,,,,,,,81.26,,
0.5813809325273129,,,,91.17999999999998,,,,,
0.5815445256004432,,,,,,,81.26,,
0.5816531215133853,,,,91.21,,,,,
0.5916700670527191,,,,,86.23,,,,
0.5918615547393433,,,,88.71,,,,,
0.5966916548910657,,,,,86.03,,,,
0.5985270816241675,,,,89.49,,,,,
0.5985938058397697,,,,89.5,,,,,
0.5986193612698578,,,,89.82,,,,,
0.5987559546997829,,,,89.83,,,,,
0.5992428828805136,,,,89.89,,,,,
0.5992778372077319,,,,89.89999999999999,,,,,
0.5992906257579973,,,,89.56999999999998,,,,,
0.5992960254295177,,,,89.59,,,,,
0.5993699193348896,,,,89.59,,,,,
0.5993969207344219,,,,89.86,,,,,
0.6011303268494077,,,,90.03,,,,,
0.6012194887626414,,,,90.04,,,,,
0.6022382912876336,,,,89.95,,,,,
0.6089169100458212,,,,,86.79,,,,
0.6091207892006052,,,,,86.81,,,,
0.6098110667193513,,,,,86.87,,,,
0.6102682414114149,,,,,86.89,,,,
0.6106561007626456,,,,,86.92,,,,
0.6114778240507937,,,,,87.0,,,,
0.6136562653969702,,,,90.41,,,,,
0.6137971768949431,,,,90.41999999999999,,,,,
0.6141951604994249,,,,90.43,,,,,
0.614552104898918,,,,,86.56,,,,
0.6146127476905656,,,,90.37999999999998,,,,,
0.614969402610257,,,,90.47,,,,,
0.6150128725498236,,,,90.41999999999999,,,,,
0.6151856821131034,,,,,86.61,,,,
0.6152183721398521,,,,90.47999999999999,,,,,
0.6152449757621479,,,,,,,80.75,,
0.6154688682994391,,,,90.43,,,,,
0.615506275434127,,,,90.44,,,,,
0.6155561543085895,,,,86.92,,,,,
0.6157342354157094,,,,90.47,,,,,
0.6157411377057616,,,,,,,81.60999999999999,,
0.6157812275305423,,,,90.5,,,,,
0.6157916705939381,,,,90.49,,,,,
0.6158470791050505,,,,90.49,,,,,
0.6158708682181901,,,,90.49,,,,,
0.6159404989162425,,,,86.99,,,,,
0.6159808756008742,,,,,,,81.62,,
0.616139559756401,,,,87.01,,,,,
0.6162623287143549,,,,87.01,,,,,
0.6163485393417438,,,,87.01000000000002,,,,,
0.6165137295001362,,,,90.53999999999999,,,,,
0.6165778985780579,,,,87.02,,,,,
0.6165900941825389,,,,90.55,,,,,
0.6166380072673268,,,,90.54999999999998,,,,,
0.6166411157763048,,,,,,,81.66,,
0.6167201194756167,,,,,86.76,,,,
0.6167550432877182,,,,90.56,,,,,
0.6167920017299675,,,,,86.76,,,,
0.6170243195067573,,,,90.59,,,,,
0.6170894007875225,,,,,,,81.69999999999999,,
0.6173151920885254,,,,90.58,,,,,
0.6174887193640897,,,,90.59,,,,,
0.6178570233563399,,,,,86.69999999999999,,,,
0.6182931861765397,,,,,,,81.75999999999999,,
0.6182987149269716,,,,90.7,,,,,
0.6185213512639123,,,,90.72,,,,,
0.6185417262754602,,,,90.71,,,,,
0.6185795272497059,,,,,,,81.8,,
0.6188513771182349,,,,,86.91,,,,
0.6195083025565409,,,,,,,81.9,,
0.6195375248643997,,,,90.83,,,,,
0.6212349351810007,,,,,85.88,,,,
0.6232505555482797,,,,,86.02,,,,
0.6239485164030794,,,,,86.09,,,,
0.6241996894456368,,,,,86.57,,,,
0.624472790892989,,,,91.35,,,,,
0.6244914234236894,,,,,,,82.18999999999998,,
0.6248059485228978,,,,91.41,,,,,
0.6248904327354037,,,,91.41,,,,,
0.6249113684708105,,,,,85.43,,,,
0.6249878351605118,,,,91.41,,,,,
0.6253183222873253,,,,,,,82.26,,
0.6257090349321519,,,,91.45,,,,,
0.6262930184534359,,,,,86.2,,,,
0.6265608514898189,,,,,85.57,,,,
0.6266939758461247,,,,91.56,,,,,
0.6271888463600894,,,,,85.61,,,,
0.6276646766616374,,,,,85.65,,,,
0.6278326832176555,,,,,85.67,,,,
0.6280293370886543,,,,,85.69,,,,
0.6288369289908542,,,,,85.79,,,,
0.6305297424374454,,,,,85.11,,,,
0.6308956879118011,,,,,87.1,,,,
0.6313649185355683,,,,,86.05,,,,
0.6316289794364687,,,,,86.07,,,,
0.6317100599560737,,,,,86.07,,,,
0.6318471285609963,,,,,86.08999999999999,,,,
0.6328820888421456,,,,,86.07,,,,
0.632902389362977,,,,,84.53,,,,
0.6332118075274733,,,,,86.09,,,,
0.6344248505383481,,,,,87.34999999999998,,,,
0.634503780440079,,,,,84.74,,,,
0.6347797914466835,,,,,84.77,,,,
0.6349188950177704,,,,,84.65,,,,
0.634981468971396,,,,,84.82000000000001,,,,
0.6350066821608322,,,,,84.82,,,,
0.6350069859389398,,,,,84.86542372881354,,,,
0.6352971455702496,,,,,86.29,,,,
0.6355858882393011,,,,,86.73,,,,
0.6359227822138758,,,,,84.71999999999998,,,,
0.6363431076955579,,,,,,82.2,,,
0.6366834321325967,,,,,84.80999999999999,,,,
0.6367771931465906,,,,,86.4,,,,
0.6369123740344775,,,,,86.83,,,,
0.6369145054434848,,,,,84.82,,,,
0.6369489132426376,,,,,84.83,,,,
0.6370803799190627,,,,93.76000000000002,,,,,
0.6371556949949173,,,,,84.83999999999999,,,,
0.6372147850913734,,,,,86.41,,,,
0.6372272737505396,,,,,86.85,,,,
0.6379946255162707,,,,,84.91,,,,
0.6381351915743261,,,,,84.92,,,,
0.6382038063293121,,,,,84.94,,,,
0.6383380029069328,,,,,86.97,,,,
0.6383590493645028,,,,,84.93,,,,
0.6383779611354405,,,,,84.94,,,,
0.6384450709428098,,,,,87.0,,,,
0.6385100506765091,,,,,86.56,,,,
0.6385298811991358,,,,,84.96,,,,
0.6388008447273443,,,,,84.95,,,,
0.6388069485414618,,,,,85.53082500000002,,,,
0.6388347214697963,,,,,84.98,,,,
0.6388902701505748,,,,,84.96,,,,
0.6392886828352691,,,,,85.02,,,,
0.6403386106257407,,,,,85.07999999999998,,,,
0.6432914679933508,,,,,85.33,,,,
0.6436637788614752,,,,,85.38,,,,
0.6436987780033505,,,,,85.34,,,,
0.6438565996639434,,,,,85.4,,,,
0.6438787093982974,,,,,85.4,,,,
0.6441062899770049,,,,,85.41,,,,
0.6448794901471719,,,,,85.46,,,,
0.6449397540815067,,,,,85.48,,,,
0.6460733742693492,,,100.28,,,,,,
0.6462052499680362,,,100.29,,,,,,
0.6462844457582202,,,100.27,,,,,,
0.6465380439933011,,,100.31999999999998,,,,,,
0.6467028891402189,,,,,85.61,,,,
0.6477049529636407,,,,,85.72,,,,
0.6479024261992516,,,,,85.71,,,,
0.6483549692133079,,,,,,82.2,,,
0.6488410708323387,,,,,85.77,,,,
0.6489312864099954,,,,,85.77,,,,
0.6526178844471211,,,,,,82.27,,,
0.6678344596466526,,,,93.81,,,,,
0.6701560556703838,,,102.51,,,,,,
0.7609509134932864,,,,91.0,,,,,
0.7626624381569884,,,,,,83.6,,,
0.765182377760679,,,,,,83.73,,,
0.7666365042927501,,,,,,83.37,,,
0.768939057572952,,,,,,,,78.97,
0.7690241744229533,,,,,,,,,77.72
0.7712636212386552,,,,,,83.45,,,
0.772427096085577,,,,,,83.82000000000001,,,
0.7731389311092969,,,,,,83.85,,,
0.7733757075547403,,,,,,83.86,,,
0.7747277700705295,,,,,,,,,78.19
0.7760323720972526,,,,,87.92,,,,
0.7760364726850031,,,,,87.91,,,,
0.7760456202182191,,,,,87.91,,,,
0.7761607610209444,,,,,,84.58,,,
0.7761948329426593,,,,,,,82.18,,
0.7762301681681436,,,,,,,82.18999999999998,,
0.7762424727284611,,,,,87.93,,,,
0.7766489345258676,,,,,,,82.21,,
0.7767275343907822,,,,,87.96,,,,
0.7770274772873675,,,,93.47,,,,,
0.77705021393019,,,,93.47,,,,,
0.777067582590993,,,,93.47,,,,,
0.7770710563638958,,,,93.47,,,,,
0.777446303791524,,,,93.5,,,,,
0.7777581829320281,,,,,,,83.295,,
0.778257670247722,,,,,,,,78.6,
0.7782592513492987,,,,,86.66,,,,
0.7783503275454551,,,,,,,,78.6,
0.7785068865565155,,,,,,,,78.6,
0.7786641058646646,,,,,90.21,,,,
0.7790188213075218,,,,,86.75999999999999,,,,
0.779059966062652,,,,,86.74,,,,
0.779166318246596,,,,,86.75999999999999,,,,
0.7791856275961655,,,,,86.74,,,,
0.779213484445493,,,,,86.75999999999999,,,,
0.7793328355946283,,,,,,,,78.65,
0.7794338375359111,,,,,86.83,,,,
0.7798281397948215,,,,,,,,79.35,
0.7799301484212553,,,,,86.78,,,,
0.7800084051996894,,,,,,,83.45,,
0.7802875876569102,,,,,87.34,,,,
0.7806572192117245,,,,,,,83.48,,
0.7808084763634182,,,,,,,,78.39,
0.781423282382846,,,,,,,81.88,,
0.7817997353314674,,,,,89.38,,,,
0.7821747593440314,,,,,87.04,,,,
0.7822487666392972,,,,,,,,79.87,
0.7824638355912397,,,,,,,,79.71,
0.7825261104424657,,,,,89.49,,,,
0.7828019513837039,,,,,89.51,,,,
0.7828165720644766,,,,,89.52,,,,
0.7828645677239825,,,,,89.52,,,,
0.7829262348145944,,,,,,,81.95,,
0.7829284599955426,,,,,89.51,,,,
0.7832721581819468,,,,,89.46,,,,
0.7834015960017562,,,,,89.55,,,,
0.7835285078304928,,,,,,,81.97,,
0.7837279772025294,,,,,89.55,,,,
0.784097447402577,,,,,,,82.0,,
0.7841738427625435,,,,,,,82.0,,
0.7842018560338226,,,,,89.52,,,,
0.7842489712466494,,,,,,,,79.21000000000001,
0.7844062522026263,,,,,,,82.01,,
0.7845565546494568,,,,94.21,,,,,
0.7846530545229353,,,,,,,82.03,,
0.7848374843001231,,,,,,,82.04,,
0.7848967392613919,,,,,89.6,,,,
0.7851261504022335,,,,,89.63,,,,
0.7857366074218783,,,,,90.7,,,,
0.7859592172640819,,,,,90.7,,,,
0.7860434280031605,,,,,,,82.06999999999998,,
0.7860743710651665,,,,,,,82.11,,
0.7861263705840704,,,,,,,82.08,,
0.7861940063902877,,,,,,,82.08,,
0.7862479272825615,,,,,,,82.06,,
0.786339504540875,,,,,,,82.1034899328859,,
0.7864961968175714,,,,,,,82.18,,
0.7865297089171415,,,,,,,82.12,,
0.7866771770929404,,,,,,,82.16,,
0.7872136302919843,,,,,90.8,,,,
0.7884873993014527,,,,,,,,80.14,
0.789607961321561,,,,,,85.03,,,
0.7896643305581605,,,,,,85.04,,,
0.7899753860484664,,,,,,85.01,,,
0.7902506529939257,,,,,87.99,,,,
0.7907950270338417,,,,94.83,,,,,
0.7910432791280055,,,,,88.03,,,,
0.7912534170397996,,,,,88.05,,,,
0.7913198372908365,,,,,,,,,78.74
0.7914472367732523,,,,,88.06,,,,
0.7915136713991291,,,,,,,,79.54,
0.7915358173694056,,,,,88.07,,,,
0.7915823577868797,,,,,88.08,,,,
0.791595517929661,,,,,88.07,,,,
0.7916195918618905,,,,,88.07,,,,
0.7916340365317762,,,,,88.08,,,,
0.792548376399308,,,,,88.18,,,,
0.7930118439190361,,,,,,,82.78,,
0.7936254551324593,,,,,,,,79.58,
0.79380080380214,,,,,,,82.75,,
0.7939485093723047,,,,,88.58999999999999,,,,
0.7942481786138176,,,,,,85.28999999999999,,,
0.7946703316227732,,,,,88.75,,,,
0.7948458846606907,,,,,88.7,,,,
0.7948819658696014,,,,,,,,79.83,
0.7950095503483126,,,,,88.71,,,,
0.7950340383329519,,,,,88.37999999999998,,,,
0.7950727049322315,,,,,89.44,,,,
0.795171634564809,,,,,88.71,,,,
0.7953392275517066,,,,,89.46,,,,
0.7956216280470354,,,,95.11,,,,,
0.7956896624480527,,,,,,,,78.89,
0.7961470131961124,,,,,88.71,,,,
0.7962063762093183,,,,,89.47,,,,
0.7962289609947084,,,,,88.8,,,,
0.7964625855228471,,,,,88.83,,,,
0.7966268689860161,,,,,88.83,,,,
0.796765678038277,,,,,88.89,,,,
0.7967734261522528,,,,,89.49,,,,
0.79753435807172,,,,,88.8,,,,
0.7975417897009125,,,,,89.54,,,,
0.7978740139784704,,,,,88.88,,,,
0.7982015107769813,,,,,88.9,,,,
0.7982264092925149,,,,,88.88,,,,
0.7983518824338247,,,,,88.91,,,,
0.7987636737517569,,,,99.55,,,,,
0.8019011498651998,,,,,88.36,,,,
0.8019164101788816,,,,,88.37,,,,
0.8020648058545481,,,,,88.36,,,,
0.8043236285381208,,,,,,,,80.01,
0.8083476946279415,,,,,91.3,,,,
0.8098227405313241,,,,,,83.48,,,
0.8168667370036344,,,,,,,,80.0,
0.8171401013200978,,,,,,85.13999999999999,,,
0.8193107832187501,,,,,91.33999999999999,,,,
0.8204656751196957,,,,,,,,80.31,
0.8214584563576732,,,,,91.4,,,,
0.8215088869597085,,,,,91.45999999999998,,,,
0.8216980265909619,,,,,91.45999999999998,,,,
0.8223115073869218,,,,,91.47,,,,
0.8226277042327248,,,,,91.47,,,,
0.8228316961266651,,,,,91.51,,,,
0.8232108968210312,,,,,91.54,,,,
0.823641469169335,,,,,91.57999999999998,,,,
0.8239241947921858,,,,,91.6,,,,
0.8246743412469459,,,,,91.62,,,,
0.8288242452350898,,,,,,84.06,,,
0.8289061915607319,,,,,,,,79.65,
0.8291480596580296,,,,,,,,79.69,
0.8293337694465039,,,,,,,,79.67,
0.8306662966279859,,,,,,,,80.98,
0.8321907486459652,,,,,,84.52,,,
0.833547613931148,,,,,90.43,,,,
0.8336437692234628,,,,,,,,80.97,
0.8342898849368297,,,,,91.33,,,,
0.8343016611802703,,,,,91.32,,,,
0.8344056351473588,,,,,91.32,,,,
0.8345954432685299,,,,,91.6,,,,
0.8357870156620169,,,,,,,83.07,,
0.8359825030867456,,,,,,,83.05,,
0.836019245888143,,,,,,,,80.91624999999999,
0.8360694746656381,,,,,91.43,,,,
0.8362090509314815,,,,,,85.08999999999999,82.49,,
0.836240407939169,,,,,91.44,,,,
0.8362420938301347,,,,,,,83.1,,
0.8362919976047407,,,,,,,,80.07,
0.8365152490452417,,,,,,85.11,,,
0.8368832939872932,,,,,,,83.1,,
0.837229208490424,,,,,,,82.54,,
0.8372714020989722,,,,,91.43,,,,
0.8372879425222839,,,,,,,,80.08,
0.8375779546507811,,,,,,,,80.03,
0.8378846095175223,,,,,,,82.57,,
0.8380521646556538,,,,,,,83.21,,
0.8381143299760787,,,,,,,82.57,,
0.8381389945563513,,,,,,,83.21,,
0.8381988004649907,,,,,91.54999999999998,,,,
0.8389830570812986,,,,,90.8,,,,
0.8392949173292112,,,,,91.65,,,,
0.8393409273589088,,,,,91.68,,,,
0.8395500313459325,,,,,,,,80.26,
0.8396204200810022,,,,,90.8,,,,
0.8397334594163999,,,,,,,,,79.18
0.8419523811102625,,,,,,,83.86,,
0.8419958098279317,,,,,90.92,,,,
0.8427245640896839,,,,,,,,,79.26
0.8453766302979839,,,,,92.11,,,,
0.8456814652791327,,,,,92.12999999999998,,,,
0.8465641811235716,,,,,,,,,79.31
0.8465788433768757,,,,,90.29,,,,
0.8467776592351717,,,,,,85.37,,,
0.8483646039657033,,,,,,85.38,,,
0.8484322521853089,,,,,,,,81.3,
0.8498492187901765,,,,,91.41,,,,
0.8499963740071068,,,,,90.50999999999999,,,,
0.8500292304618413,,,,,90.50999999999999,,,,
0.8506372854556195,,,,,90.58,,,,
0.8509438610577886,,,,,90.58,,,,
0.8510737153085648,,,,,90.58,,,,
0.8517222312956612,,,,,,,,80.95,
0.8520072146793054,,,,,,85.68,,,
0.8524137506895608,,,,,90.63,,,,
0.8534169595065462,,,,,,,,80.53,
0.8535825487427335,,,,,90.68999999999998,,,,
0.8545292425880029,,,,,,,,81.34,
0.8557826744871821,,,,,,86.08,,,
0.8562690847665277,,,,,,86.05999999999999,,,
0.8563014752399085,,,,,,86.07,,,
0.8563462724381214,,,,,90.85,,,,
0.8565806314824833,,,,,,86.11999999999999,,,
0.8565823549299036,,,,,,86.08,,,
0.8566182033617042,,,,,,86.12999999999998,,,
0.85730096652085,,,,,,,,80.07,
0.8574479296978248,,,,,,85.41,,,
0.8577816155417552,,,,,,,,80.09,
0.8579334874674955,,,,,91.05999999999997,,,,
0.8586310364618801,,,,,,,,80.19,
0.8586832010167742,,,,,91.88,,,,
0.8595842787769739,,,,,92.0,,,,
0.8608438629183317,,,,,92.0,,,,
0.861170456599087,,,,,92.06,,,,
0.8625105860445434,,,,,,,,80.48,
0.8653406830243364,,,,100.93,,,,,
0.8754199768610684,,,,,,,,80.87,
1.1228966075050764,,,,,94.68,,,,
1.1272707063655565,,,,,94.85,,,,
1.1276542930567195,,,,,94.86999999999999,,,,
1.1279923562514562,,,,,94.89999999999999,,,,
1.1286910838177437,,,,,94.91,,,,
1.1314762018017723,,,,,,,85.81,,
1.1323954584241527,,,,,,,87.04,,
1.132465940964813,,,,,,,87.04,,
1.1327645961077044,,,,,95.18,,,,
1.1339092042972663,,,,,,,86.69,,
1.1341862490111603,,,,,95.4,,,,
1.1351876251642539,,,,,95.34,,,,
1.1351937038831523,,,,,95.34,,,,
1.1356987383359702,,,,,93.25,,,,
1.1357572754571588,,,,,,,86.98,,
1.1359142772163984,,,,,93.26,,,,
1.1359701647687386,,,,,95.35999999999999,,,,
1.1360941163067642,,,,,93.25,,,,
1.1361138890481084,,,,,93.29,,,,
1.136143168587445,,,,,93.27,,,,
1.1361549566805578,,,,,93.28,,,,
1.1362492661093668,,,,,93.27999999999999,,,,
1.1362644780874454,,,,,93.28999999999999,,,,
1.136279309974662,,,,,93.29,,,,
1.1362865358404792,,,,,93.29,,,,
1.136314679152239,,,,,93.3,,,,
1.1363268494626602,,,,,93.3,,,,
1.13632875108619,,,,,93.3,,,,
1.136340541227634,,,,,93.3,,,,
1.136365643252574,,,,,93.29,,,,
1.1364078616248627,,,,,95.37,,,,
1.1368305176436313,,,,,,,86.57,,
1.1371981474766457,,,,,,,87.03,,
1.137240018109547,,,,,93.3,,,,
1.137827140998251,,,,,,,86.04,,
1.1385281508717355,,,,,95.11,,,,
1.139205213956175,,,,,93.23,,,,
1.1393867519188516,,,,,93.24,,,,
1.1394584602745352,,,,,93.25,,,,
1.139522162686056,,,,,93.25,,,,
1.139698031549134,,,,,93.25,,,,
1.1400754269584232,,,,,93.25,,,,
1.1420458429941087,,,,,93.37,,,,
1.1423468052431796,,,,,93.37999999999998,,,,
1.1444612764798525,,,,,93.49999999999999,,,,
1.144515695978443,,,,,93.49999999999999,,,,
1.1446325922674556,,,,,93.51,,,,
1.1521243440055984,,,,,96.36,,,,
1.1522420712747246,,,,,96.36,,,,
1.152554786555358,,,,,96.37,,,,
1.1535120281722442,,,,,96.36,,,,
1.1538583590435216,,,,,,,87.05,,
1.1554371981040772,,,,,,,87.04,,
1.1582147679082815,,,,,,,,81.11999999999999,
1.1620733418519023,,,,,94.36,,,,
1.1620815223648417,,,,,94.37,,,,
1.162140345971284,,,,,94.36,,,,
1.1639303466886908,,,,,96.88,,,,
1.1650047548916929,,,,,94.5,,,,
1.1650113951766432,,,,,94.48,,,,
1.1676915331594482,,,,,,,86.04,,
1.1702201308534228,,,,,94.80999999999999,,,,
1.1703810628464582,,,,,94.82,,,,
1.1945252812055553,,,,,96.9,,,,
1.1949226683016403,,,,,96.89,,,,
1.1950399049108715,,,,,96.91,,,,
1.1953286333786548,,,,,96.92,,,,
1.1956937687857612,,,,,96.94,,,,
1.1959862860656436,,,,,96.95,,,,
1.1962636065393748,,,,,96.98,,,,
1.196360082253685,,,,,96.96,,,,
1.1964891317717758,,,,,96.99,,,,
1.1973253057715496,,,,,97.03,,,,
1.1974134246578352,,,,,97.04,,,,
1.1977748262475854,,,,,97.06,,,,
1.1979414812733555,,,,,97.06,,,,
1.1980147530750225,,,,,97.06,,,,
1.2001635454902146,,,,,97.16000000000001,,,,
1.2017471964877728,,,,,97.26,,,,
1.2020227413898619,,,,,97.3,,,,
1.202333923375297,,,,,97.3,,,,
1.202400212458207,,,,,97.32,,,,
1.2025712082094233,,,,,97.33,,,,
1.203352547791635,,,,,97.36,,,,
1.204125940082673,,,,,97.39,,,,
1.2042324201443333,,,,,97.39,,,,
1.205289276064176,,,,,97.42,,,,
1.2054019482888378,,,,,97.44,,,,
1.2054635581147917,,,,,97.42,,,,
1.2057311143923402,,,,,97.47,,,,
1.2059662932027009,,,,,97.46,,,,
1.2060145516073209,,,,,97.47,,,,
1.2061423046355282,,,,,97.49,,,,
1.2063426836297646,,,,,97.47,,,,
1.2087899162850215,,,,,97.57,,,,
1.2089488937583939,,,,,97.57,,,,
1.209210382184191,,,,,97.58,,,,
1.209543534083866,,,,,97.6,,,,
1.20962409138416,,,,,97.61,,,,
1.2106303317640315,,,,,97.77000000000001,,,,
1.2156221300769596,,,,,97.88,,,,
1.2160480660825534,,,,,97.91,,,,
1.2162997767077974,,,,,97.92000000000002,,,,
1.2195858474767194,,,,,98.05,,,,
1.2198190625482117,,,,,98.05999999999999,,,,
1.220303715345222,,,,,98.09,,,,
1.220523932621902,,,,,98.14,,,,
1.2243349284904124,,,,,,,,82.94,
1.2287383929161777,,,,,,,,83.19,
1.2289561464022976,,,,,96.45,,,,
1.2290418519325512,,,,,96.46000000000001,,,,
1.2297745512114182,,,,,96.53,,,,
1.2302067754796941,,,,,,,,83.14,
1.232961942140979,,,,,96.57,,,,
1.2331032244521825,,,,,96.6,,,,
1.2337508585979862,,,,,96.63,,,,
1.2342370387720187,,,,,96.65,,,,
1.2345931783456745,,,,,98.66,,,,
1.2349810669166366,,,,,98.66,,,,
1.2361392906071713,,,,,96.7,,,,
1.5093815019867134,,,,,,,89.98,,
1.5110945538305134,,,,,,,90.63,,
1.512834752217442,,,,,,,90.68999999999998,,
1.5146767311214235,,,,,,,90.23,,
1.5225752466177673,,,,,98.21,,,,
1.523012577938562,,,,,98.23,,,,
1.5232640439019107,,,,,98.23,,,,
1.5233299881187206,,,,,,,,83.25,
1.5234923620194931,,,,,98.24,,,,
1.524673271211944,,,,,98.28000000000003,,,,
1.5250912910683554,,,,,98.3,,,,
1.5251541426235917,,,,,98.31,,,,
1.5261661188795732,,,,,98.34,,,,
1.5265025607005773,,,,,,,90.32,,
1.5265951207116912,,,,,98.36,,,,
1.526765211713145,,,,,98.37,,,,
1.530250957519255,,,,,,,92.07,,
1.5311814434026023,,,,,98.42,,,,
1.5317197357318606,,,,,,,92.12,,
1.5317407960371745,,,,,,,,84.72,
1.5327910507084668,,,,,98.43,,,,
1.53708355359145,,,,,,,90.61,,
1.5377462565523703,,,,,,,90.62,,
1.5423307143695073,,,,,,,90.76,,
1.542522323800025,,,,,,,90.77,,
1.546583839633612,,,,,,,90.85,,
1.5505960834139656,,,,,,,91.1,,
1.554229484748057,,,,,,,91.18,,
1.5558410186559963,,,,,,,91.2,,
1.5563977871820756,,,,,,,91.26,,
1.5569944940602847,,,,,,,91.26,,
1.559885785210223,,,,,,,91.37,,
1.5641077298873678,,,,,,,91.48,,
1.5644975718787455,,,,,,,91.53,,
1.5790345126398484,,,,,105.05,,,,
1.579635655945148,,,,,105.07,,,,
1.579728822591496,,,,,105.07,,,,
1.585849749939094,,,,,,,92.38,,
1.5862065780533774,,,,,,,91.66,,
1.587315427385699,,,,,,,92.46,,
1.5873316848334311,,,,,,,92.47,,
1.587835288720162,,,,,,,92.46,,
1.5883012849251972,,,,,,,92.46,,
1.5883553590048884,,,,,,,92.46,,
1.5889345239966493,,,,,,,92.46,,
1.588938832806515,,,,,,,92.46,,
1.5891571646139888,,,,,,,92.46,,
1.589185416376154,,,,,,,93.01000000000002,,
1.5892639499369516,,,,,,,92.46,,
1.5894899999445111,,,,,,,92.51,,
1.5897170475153883,,,,,,,92.63,,
1.5905839305708702,,,,,,,92.04,,
1.5913554603006195,,,,,,,92.5,,
1.5919167742929252,,,,,,,92.61,,
1.5921687250029302,,,,,,,92.54,,
1.5929416793705373,,,,,,,92.1,,
1.5933336136603478,,,,,,,92.62,,
1.5937617066655596,,,,,,,92.62,,
1.5944726243294447,,,,,,,92.72,,
1.5947832623876343,,,,,,,92.63,,
1.5971433649108864,,,,,101.94,,,,
1.598921930055957,,,,,,,92.31,,
1.6002430855821719,,,,,,,,85.74,
1.6015041897224975,,,,,,,92.37,,
1.6021985603894078,,,,,,,92.32,,
1.6028676536616864,,,,,,,92.17,,
1.6056405790552284,,,,,,,92.24999999999999,,
1.6062013070844183,,,,,,,92.26,,
1.6089020957310538,,,,,102.33,,,,
1.6143273354439671,,,,,,,93.17,,
1.614419607250682,,,,,,,93.17,,
1.6149753286416941,,,,,,,93.17,,
1.6175210878716788,,,,,,,93.26,,
1.8460559445659452,,,,,109.53999999999999,,,,
1.846283269938303,,,,,109.55,,,,
1.8464539143989471,,,,,109.56,,,,
1.8466124244669184,,,,,109.57000000000001,,,,
1.8491504812660344,,,,,109.62000000000002,,,,
1.8494432544061299,,,,,109.61999999999999,,,,
1.8495817971564383,,,,,109.63000000000001,,,,
1.8557175481166097,,,,,109.84000000000002,,,,
1.871838980296133,,,,,,,,85.78000000000002,
1.871913209346857,,,,,,,,85.78,
1.8735085143853225,,,,,,,92.87,,
1.8739162641387699,,,,,,,92.82,,
1.874219312634044,,,,,110.43,,,,
1.8742817888380139,,,,,110.43,,,,
1.8744816276608494,,,,,110.44,,,,
1.8744842097396148,,,,,110.44,,,,
1.8745441152692188,,,,,110.44,,,,
1.8745652893726064,,,,,110.44,,,,
1.8750704616877996,,,,,110.47,,,,
1.8756905476590893,,,,,110.52,,,,
1.8779173088019663,,,,,105.23,,,,
1.8957163848501186,,,,,105.53,,,,
1.9142188745942406,,,,,106.96000000000001,,,,
1.9171634960745916,,,,,107.02,,,,
1.9183707976144508,,,,,107.07000000000001,,,,
1.9191748003694946,,,,,107.08999999999999,,,,
1.9342986686903547,,,,,107.56,,,,
1.9367330423397981,,,,,,,94.28999999999999,,
1.9368160545454849,,,,,,,94.28999999999999,,
1.950242500714051,,,,,108.1,,,,
1.9505428168942918,,,,,108.12,,,,
1.951201332614962,,,,,108.13,,,,
1.9518813815985618,,,,,108.16,,,,
1.952130284889798,,,,,108.16000000000001,,,,
1.9534070503733107,,,,,108.19,,,,
1.9534855559788884,,,,,108.19,,,,
1.9549872335317175,,,,,,,94.77,,
1.9550052432874288,,,,,,,94.72,,
1.9672082687192827,,,,,108.83,,,,
1.968163845612442,,,,,108.86,,,,
1.9751456333787538,,,,,,,95.1,,
1.9752496420402776,,,,,,,95.1,,
1.9816023951212043,,,,,109.21,,,,
1.9816851851058117,,,,,,,,88.3,
1.9818630046407106,,,,,,,95.33,,
1.9861621247140748,,,,,,,,88.37,
1.9890976399953222,,,,,,,97.28,,
2.5538029778736675,,,,,,,99.94,,
2.5613150725715883,,,,,,,100.05,,
2.5704167408271976,,,,,,,,,87.78
2.5717481153224604,,,,,,,,,89.0
2.571870590414135,,,,,,,98.01000000000002,,
2.5718750558105477,,,,,,,98.01,,
2.5718941933502046,,,,,,,98.01000000000002,,
2.5749467020133565,,,,,,,,,87.7
2.588621915355175,,,,,,,,89.71999999999997,
2.589533924146687,,,,,,,,89.09,
2.660280575147207,,,,,,,101.34,,
2.6923545000016613,,,,,,,100.64,,
2.693977597503462,,,,,,,,93.26,
2.6984053955296634,,,,,,,,94.0,
2.701240322644521,,,,,,,,94.02,
2.7045893749783514,,,,,,,,94.04,
2.710425758369283,,,,,,,,94.48,
2.7172655274363007,,,,,,,102.78,,
2.717432733519366,,,,,,,,94.21,
2.7245605530674455,,,,,,,102.06,,
2.725420143570241,,,,,,,102.07000000000001,,
2.7259948126700215,,,,,,,102.10000000000001,,
2.7261024093164483,,,,,,,102.10000000000001,,
2.729436817746152,,,,,,,102.91,,
2.7303710208365466,,,,,,,102.94,,
2.7307140735965425,,,,,,,102.92000000000002,,
3.639435161759474,,,,,,,,,90.8
4.450057579858331,,,,,,,,,94.88
4.50295949161459,,,,,,,,,96.57
4.511300830497922,,,,,,,,,96.3
4.5542245987720715,,,,,,,,,96.03
6.142412017536764,,,,,,,,104.24,
6.14249364094863,,,,,,,,,97.81
6.15135320587119,,,,,,,,104.28,
6.15651714495758,,,,,,,,101.44,
6.172891062434279,,,,,,,,104.42,
6.18434932605415,,,,,,,,,96.74
6.220052395920237,,,,,,,,105.57,
6.228603874676248,,,,,,,,105.62,
6.361665562110097,,,,,,,,106.06,
6.3810733778338244,,,,,,,,106.32,
6.41806194230083,,,,,,,,109.89,
6.436813117348448,,,,,,,,106.51,
6.442782677816452,,,,,,,,109.35,
6.443453017854983,,,,,,,,108.04,
6.4438921283260004,,,,,,,,108.04,
6.446662350084725,,,,,,,,108.06,
6.4482403159841475,,,,,,,,108.05999999999999,
