moneyness,9,16,44,79,142,226,317
-0.8266729902137404,,,218.33,,,,
-0.7415276534178767,,,170.11,,,,
-0.741303150884506,,,169.92,,,,
-0.7412463087168728,,,169.91,,,,
-0.7410066725314266,,,170.15,,,,
-0.7409910201586689,,,170.15,,,,
-0.740897401848697,,,178.72,,,,
-0.7408568912415243,,,170.11,,,,
-0.7408330489695953,,,170.07,,,,
-0.7408234212690668,,,170.08,,,,
-0.7408136249093658,,,170.08,,,,
-0.7408132890210453,,,169.27,,,,
-0.7408114976019664,,,170.07,,,,
-0.7407966614609995,,,169.25,,,,
-0.7407882628925437,,,169.24,,,,
-0.7407868630782208,,,169.24,,,,
-0.7407841753923394,,,169.24,,,,
-0.7407838954218547,,,169.22999999999996,,,,
-0.740781487650722,,,169.64000000000001,,,,
-0.7407753840304676,,,169.22999999999996,,,,
-0.7407742640689368,,,169.22,,,,
-0.7407688881188765,,,169.21,,,,
-0.7407686081153684,,,169.22,,,,
-0.7407524788923909,,,169.24,,,,
-0.7407345551793566,,,169.22999999999993,,,,
-0.7401115138179459,,,178.38,,,,
-0.740023679509858,,,,,124.48999999999998,,
-0.739935053113931,,,168.73,,,,
-0.7399105335583684,,,168.72,,,,
-0.7398913092484246,,,168.72,,,,
-0.7398687551159144,,,168.72,,,,
-0.7397717841918732,,,168.65,,,,
-0.7396090446798331,,,168.59,,,,
-0.7372705386566993,,,167.31,,,,
-0.6782673452508828,,,,,,107.12,
-0.6761095837878596,,,,,,,103.32000000000001
-0.675487072270327,,215.78,,,,,
-0.6753888246759894,,234.76,,,,,
-0.6751465684540896,,,,,,106.99,
-0.6751355226311424,,,,,,108.53999999999999,
-0.6750954840221706,,,,,,,105.25
-0.6537033397715655,,,153.53,,,,
-0.6535881769644798,,,,,,105.47,
-0.6535013043510274,,,,,,105.44,
-0.6534956013432243,,,,,,106.83,
-0.653488247187624,,,,,116.4,,
-0.6534003483759748,,,,,,105.42000000000002,
-0.6533471070082815,,,,,,105.36000000000001,
-0.6532811521467314,,,,,,105.36000000000001,
-0.6532706331061533,,,,,,105.32,
-0.6532513966383591,,,,,,105.44,
-0.6531765344445557,,,,,,105.2,
-0.6531601446322197,,,,,,105.42000000000002,
-0.6517207714820261,,,142.48,,,,
-0.6511386290053374,,,147.17,,,,
-0.6499841070908625,,,146.4,,,,
-0.6497991707682115,,,146.58,,,,
-0.6497580813397454,,,146.58,,,,
-0.6484196463101641,,,,,,107.68,
-0.6483903640500244,,,,,,107.68,
-0.6483492524894126,,,,,,107.68,
-0.6483418328379715,,,,,,107.68,
-0.6482698614315152,,,,,,107.66,
-0.6481602630002035,,,,,,107.64,
-0.6119715402681923,,,142.42,,,,
-0.6119004265861144,,,142.41,,,,
-0.611488039659301,,,142.31,,,,
-0.6097879913121464,,,,,,105.98,
-0.6097178520258246,,,,,,105.97000000000001,
-0.6095907079118178,,,,,,105.94000000000001,
-0.6077040815992946,,,137.68,,,,
-0.6076998921610592,,,137.69,,,,
-0.6076499540078557,,,,,110.23,,
-0.6075265933439127,,,140.67,,,,
-0.6070935333489187,,,140.49,,,,
-0.6069746282471264,,,137.46,,,,
-0.6069247627790944,,,140.42,,,,
-0.6060862303502681,,,140.11,,,,
-0.6060589878517346,,,137.11,,,,
-0.6060434682882501,,,140.08,,,,
-0.6056837618820626,,,137.01,,,,
-0.6051549218535783,,,,,112.14,,
-0.6049429537625233,,,,,112.10000000000001,,
-0.5700853337621016,,,,,,106.43999999999998,
-0.5700396767386305,,,135.44,,,,
-0.5699173531681716,,,135.41,,,,
-0.5698591718928777,,,135.36,,,,
-0.5698120788594685,,,135.35,,,,
-0.5697550723187943,,,135.32,,,,
-0.5697205464032725,,,135.32,,,,
-0.5694229125999558,,,135.24,,,,
-0.569414013377876,,,135.24,,,,
-0.5693320490815037,,,135.21,,,,
-0.568605805142262,,164.03,,,,,
-0.5686047815846009,,,135.05,,,,
-0.5684689775584449,,164.84,,,,,
-0.5684646944783979,,164.83,,,,,
-0.5684566867528502,,164.85,,,,,
-0.5684471888326216,,164.84,,,,,
-0.568420834570527,,164.84,,,,,
-0.5678981138320567,,,,117.26000000000003,,,
-0.5675583109778999,,,134.23,,,,
-0.5674031339912555,,,134.18,,,,
-0.5673838577073593,,,134.14,,,,
-0.5673217127483465,,178.25,,,,,
-0.5670947882758013,,163.53,,,,,
-0.5657948841084836,,,136.47,,,,
-0.5653599721308814,,163.44,,,,,
-0.5650027296078717,,,136.25,,,,
-0.5642355002086222,,160.59,,,,,
-0.564036974024233,,160.53999999999996,,,,,
-0.5636903073801784,,160.68,,,,,
-0.5636840252068465,,160.65999999999997,,,,,
-0.5636580379316432,,160.4,,,,,
-0.5636071015089157,,160.38,,,,,
-0.5632796822422967,,160.43,,,,,
-0.5632546005122587,,160.4,,,,,
-0.5625874005050366,,159.88,,,,,
-0.5622507838994087,,159.65,,,,,
-0.5620684732218009,,,,,,,97.6
-0.5619157599053037,,,134.82,,,,
-0.5613329949748501,,,,116.55,,,
-0.5611170799188242,,,,,109.58,,
-0.5599341133354485,,158.95,,,,,
-0.5598458844379771,,158.91,,,,,
-0.5598384254892286,,158.91,,,,,
-0.5597232155967171,,,,116.01999999999998,,,
-0.5279272853522918,,,,,,101.79,
-0.5278244468463394,,,129.55,,,,
-0.5266776319681927,,,130.94,,,,
-0.5257585330590493,,,130.71,,,,
-0.5256622132816736,,,130.67,,,,
-0.5256375646750057,,,130.61,,,,
-0.5255729138362778,,,130.64,,,,
-0.5254940200383875,,,130.61,,,,
-0.5254641338242909,,,130.58,,,,
-0.5254043501005818,,,130.57,,,,
-0.5253704591436734,,,130.56,,,,
-0.5253458826128587,,,130.55,,,,
-0.522961076008997,,,,,107.05,,
-0.5204368035979448,,,,,107.9,,
-0.5174585683346662,,,,,107.9,,
-0.517323267914547,,,,,107.85,,
-0.5172944617877131,,,,,107.84,,
-0.48400712328166307,,,120.16000000000001,,,,
-0.4822463346815782,,,123.05,,,,
-0.4816744937417594,,,,,104.7,,
-0.4816677771214636,,,,,104.69000000000001,,
-0.4811994236990266,,,,,104.57,,
-0.48000691590801836,,,120.57,,,,
-0.47974664528714417,,,122.19000000000001,,,,
-0.4797076216980133,,,122.11,,,,
-0.4785808622230314,,,120.66000000000001,,,,
-0.4784638151675761,,,121.8,,,,
-0.4778161051086556,,,119.8,,,,
-0.4764997464295647,,,120.94,,,,
-0.4764710835347101,,,122.71000000000001,,,,
-0.46413119268749137,,,,,,101.22,
-0.4641244157348505,,,,,,100.59,
-0.4640003327485934,,,,,,101.19,
-0.4637717778367867,,,,,,101.19,
-0.463753834696328,,,,,,101.14,
-0.46355062537122294,,,,,,100.91000000000001,
-0.4634639326505591,,,,,,101.23,
-0.46337951560771407,,,,,,100.87,
-0.4633216866983636,,,,,,100.95,
-0.4632841257907435,,,,,,100.86,
-0.46315054611547546,,137.55,,,,,
-0.463019668086013,,,,,,101.08,
-0.4628909187315289,,,,,,100.88,
-0.4627735369120781,,137.43,,,,,
-0.46276060677106445,,,,,,100.99,
-0.46266361087044416,,,,,,100.95,
-0.4626433989825476,,,,,,100.96,
-0.46260066027032476,,,,,,100.97000000000001,
-0.4625924582805151,,,,,,100.94000000000001,
-0.4625879528556356,,137.34,,,,,
-0.46254751617409506,,137.33,,,,,
-0.46241333834220744,,,,,,100.94000000000001,
-0.4622482111686744,,137.22,,,,,
-0.4620719868177513,,137.05,,,,,
-0.4620703663602046,,,,,,100.81,
-0.4619312020930446,,137.07,,,,,
-0.461820235903565,,137.57,,,,,
-0.46164141226531596,,136.88,,,,,
-0.4616083696209292,,136.88,,,,,
-0.4613114996419877,,136.74,,,,,
-0.46126587864949276,,,,109.22000000000001,,,
-0.4610962122177249,,,,,,100.95,
-0.4596715018862868,,142.56,,,,,
-0.45832093791079587,163.77,,,,,,
-0.456534262471343,,,,107.42,,,
-0.4552458301247313,,135.41,,,,,
-0.45426476803196525,,135.18,,,,,
-0.45407003888331554,,135.11,,,,,
-0.4533253562569318,,139.08,,,,,
-0.45282761180701714,,134.56,,,,,
-0.44106227404673704,,,117.27000000000001,,,,
-0.4409936552779874,,,117.23999999999998,,,,
-0.4409837997105156,,,117.22999999999999,,,,
-0.44050358120746214,,,,,103.87909090909089,,
-0.44033521337650494,,,,,103.46,,
-0.4403197926600093,,,,,103.46,,
-0.44021266751366794,,,,,103.44000000000001,,
-0.4401853072758255,,,,,103.45,,
-0.4400865712301406,,,,,103.38000000000001,,
-0.4400332706385969,,,,,103.36,,
-0.43984712135281234,,,,,103.68000000000002,,
-0.43925128832016513,,,,,103.19,,
-0.4387214419850609,,,116.70999999999998,,,,
-0.43871429305417575,,,116.71,,,,
-0.43854448271699553,,,116.43,,,,
-0.4383930091161775,,,,,102.91,,
-0.43836110313655874,,,,,102.9,,
-0.4383481213392718,,,,,102.9,,
-0.43832324799519207,,,,,102.98000000000002,,
-0.4370265474462116,,,,,103.37,,
-0.43683266024006084,,,117.12,,,,
-0.4366275310591575,,,,,103.36,,
-0.43642322968072733,,,,,103.29,,
-0.43641247930170635,,,116.86,,,,
-0.4362209805591647,,,,,103.21,,
-0.43614676579206524,,,,,103.19,,
-0.4360629908963215,,,,,103.19,,
-0.43605932135378733,,,,,103.19,,
-0.4356416602380463,,,,,102.64,,
-0.43105104566253016,,,116.08,,,,
-0.39986848546524345,,,,,101.48,,
-0.39948274016883545,,,,,101.93,,
-0.3984775035957082,,,112.16,,,,
-0.3981723784764948,,,113.14,,,,
-0.39794294305271316,,,,,102.5,,
-0.3947326609821976,,,,,101.40000000000002,,
-0.3930328846112159,,124.4,,,,,
-0.3930105160928087,,124.39,,,,,
-0.3929574829589073,,124.56,,,,,
-0.39229820447993424,,124.34,,,,,
-0.392293192490046,,124.37,,,,,
-0.3919413553496891,,124.2,,,,,
-0.3907843955515077,,,111.01,,,,
-0.39052740275864717,,127.39,,,,,
-0.390333121982149,,127.38,,,,,
-0.39003203421048904,,127.3,,,,,
-0.38861224806184624,,121.5,,,,,
-0.3857651512542346,,125.09,,,,,
-0.3855845406048525,,125.01,,,,,
-0.38541582984447076,,124.96,,,,,
-0.38524189743331905,,124.93000000000002,,,,,
-0.38484670929239573,,124.75000000000001,,,,,
-0.3846804326839294,,124.96,,,,,
-0.38457169596874674,,124.92,,,,,
-0.35782791714695783,,,,,100.45000000000002,,
-0.3577846138037776,,121.15,,,,,
-0.35686782626255953,,120.69,,,,,
-0.3567842643702436,,120.52,,,,,
-0.3560569391626207,,,107.76,,,,
-0.3560327495984864,,,107.46999999999998,,,,
-0.35596155262212736,,,107.71000000000001,,,,
-0.3559210393545127,,,107.42,,,,
-0.3559171675126337,,120.35,,,,,
-0.35582090962382096,,,107.66,,,,
-0.3552503788441316,,,,,101.01,,
-0.3552318102834079,,,,,,95.1,
-0.3551273075425815,,,,,,95.08,
-0.3550302587554105,,,,,,95.08,
-0.35500599199433436,,,,,,95.03,
-0.3548985029559626,,,,,,95.06,
-0.3548645150968155,,,,,,95.03,
-0.354837460975731,,,,,,95.06,
-0.35481775859818243,,,,,,95.03,
-0.3548090170171272,,,,,,95.06,
-0.35479250449548316,,,,,,95.03,
-0.3546281657908612,,,,,,96.01,
-0.35462344536855195,,,108.0,,,,
-0.35456040722935367,,,,,,96.00000000000001,
-0.3545133288694343,,,,,,96.00000000000001,
-0.3544809671940773,,119.57999999999998,,,,,
-0.3544729109936491,,,,,,95.92,
-0.35438844768512745,132.09,,,,,,
-0.35434328964676554,,,,,,95.95,
-0.3543366196164587,,,,,,95.95,
-0.35421570142722636,,,,,,95.90999999999998,
-0.3541219934378794,,,,,,95.89,
-0.35400781090688904,,,,102.07000000000001,,,
-0.3537797422873613,,,,101.99,,,
-0.353773199811388,,,,101.99,,,
-0.3537499520697882,,,,102.0,,,
-0.35373463827235174,,,,101.96,,,
-0.35370094536317054,,,,101.96,,,
-0.3536082021086163,,,,101.93,,,
-0.3535679493817847,,,,,101.08,,
-0.35356195979327776,,,,101.93,,,
-0.3535001073189822,,,,102.85000000000001,,,
-0.3534240292631664,,,,101.89,,,
-0.3534121839990638,131.56,,,,,,
-0.3532239951310703,,,107.68,,,,
-0.3531587307508124,,,,,,99.93,
-0.3531131215396942,,,108.58,101.84,,,
-0.3530043029527159,,,,101.74,,,
-0.3529985819885588,,,107.53,,,,
-0.35291861743729025,,118.48,,,,,
-0.3527274877002041,,,,,101.15000000000002,,
-0.35230266119405595,,117.98,,,,,
-0.3521010929622629,,119.67,,,,,
-0.3516380324807733,,,106.94,,,,
-0.35119030626412784,130.37,,,,,,
-0.3510905248185163,130.72,,,,,,
-0.351056696013325,131.02,,,,,,
-0.3501426870040235,,120.35,,,,,
-0.3501188957480229,,,,,100.25,,
-0.3500182211558669,,117.33,,,,,
-0.3494070278787763,,,,101.52000000000001,,,
-0.3493632869125727,,,,101.52000000000001,,,
-0.34931375375039286,,,,101.49000000000001,,,
-0.3492753638906392,,,,101.49000000000001,,,
-0.3486917605599862,130.1,,,,,,
-0.3486428322051828,121.48,,,,,,
-0.34863505389936367,121.5,,,,,,
-0.3486295382608495,121.52000000000001,,,,,,
-0.3486155366050927,121.51,,,,,,
-0.3486098791997021,121.44,,,,,,
-0.34858357097366555,121.52000000000001,,,,,,
-0.34841180808121397,,118.72,,,,,
-0.34837685017533004,121.48,,,,,,
-0.3483744440276454,121.5,,,,,,
-0.34819846400795373,121.47,,,,,,
-0.34770371050047,121.2,,,,,,
-0.3476898108496145,121.26,,,,,,
-0.3476563357899871,121.14,,,,,,
-0.3476217223699859,121.16,,,,,,
-0.3468081015826622,121.00000000000001,,,,,,
-0.3462263312139444,126.87,,,,,,
-0.34581575031444456,,118.26,,,,,
-0.3454727770128294,127.76,,,,,,
-0.34530751342556065,,117.99,,,,,
-0.3449537089703568,,117.48,,,,,
-0.3448338291121341,126.35,,,,,,
-0.3446895718048757,,118.17,,,,,
-0.3446629459541347,,117.38,,,,,
-0.3445555616973127,,117.33,,,,,
-0.343320983389961,126.26,,,,,,
-0.31317089252583974,,,,,99.88,,
-0.31193479206024355,,,106.26,,,,
-0.31062785645117685,,,105.87,,,,
-0.31051289006925253,,,105.78,,,,
-0.31050100505251943,,,105.8,,,,
-0.3104166096503317,,,105.77,,,,
-0.31040442410041724,,,105.77,,,,
-0.31040011447358107,,,105.77,,,,
-0.31033531496986166,,,105.75,,,,
-0.3102736252298459,,,105.72,,,,
-0.3102382415558611,,,105.7,,,,
-0.310213560037395,,,105.76,,,,
-0.3100829862368024,,,105.65,,,,
-0.31004044241069284,115.93,,,,,,
-0.30999744699055387,,,105.71,,,,
-0.3099635229467318,,,105.59,,,,
-0.30995757101614785,,,105.67,,,,
-0.30990191549662693,,,105.59,,,,
-0.3097444242448819,,,105.59,,,,
-0.30973757516849953,,,105.54000000000002,,,,
-0.3096153111790325,,,105.51000000000002,,,,
-0.3095759868802177,,,105.51000000000002,,,,
-0.30957211379028293,,,105.48000000000002,,,,
-0.30956853859177447,,,105.54000000000002,,,,
-0.309565261293948,,,105.5,,,,
-0.309506264612304,,,105.5,,,,
-0.3092926898128442,,,104.63000000000001,,,,
-0.3092133667213539,,,104.57499999999999,,,,
-0.30901229353503257,,,105.26,,,,
-0.30897110980967335,,106.84,,,,,
-0.3088236437607942,,,104.64,,,,
-0.30879333676776644,,,104.65,,,,
-0.308748991205559,,112.40000000000002,,,,,
-0.3086102439331089,,,104.58,,,,
-0.3085805157989352,,,104.57000000000001,,,,
-0.30853091342202,,,,,99.47,,
-0.30844125251662546,,,104.50999999999999,,,,
-0.3082365891394441,,,104.45,,,,
-0.30818035651628173,,,104.45,,,,
-0.3079288429738124,,,105.71,,,,
-0.30783408523460865,,,105.71,,,,
-0.3075586465368195,,,105.62,,,,
-0.3075286780506067,,,105.62,,,,
-0.3075262804596467,,,104.17000000000002,,,,
-0.3074780254120938,,,105.59,,,,
-0.3074140246495678,,,105.58,,,,
-0.30735316049341554,,,105.46,,,,
-0.3073099794336004,,113.86,,,,,
-0.3071552030803879,,,105.47,,,,
-0.3070914427092378,,,105.44,,,,
-0.30702797073319266,,,103.99000000000001,,,,
-0.30702782066746215,,,103.96000000000001,,,,
-0.30700260870205487,,,103.95,,,,
-0.30689483688636365,,,103.92,,,,
-0.3068188661376251,,113.08,,,,,
-0.30680069675194965,,,103.92,,,,
-0.3065191748531717,,,103.59000000000002,,,,
-0.3063766743145864,,,105.15,,,,
-0.3061775565351461,,,105.12,,,,
-0.3061769547976454,,,105.12,,,,
-0.3060307016354905,,,105.08,,,,
-0.30594716522795296,,,105.02,,,,
-0.3059050131010428,,,103.46,,,,
-0.3055927774704785,121.15000000000002,,,,,,
-0.3053829564854983,120.85000000000001,,,,,,
-0.30473264145540313,,,104.83,,,,
-0.3040762645423595,,112.13000000000001,,,,,
-0.30400906006206063,,112.10000000000001,,,,,
-0.3039064119573217,,112.02,,,,,
-0.3037752569123694,,111.34,,,,,
-0.3025824500104176,123.75,,,,,,
-0.3019044918082855,,110.85,,,,,
-0.3012769382304795,,110.48000000000002,,,,,
-0.30119622104386434,,110.08,,,,,
-0.3011908799295251,,110.47,,,,,
-0.30108251397998775,,110.41,,,,,
-0.30100220992520066,,110.77,,,,,
-0.3009877043737199,,110.37,,,,,
-0.30093975542503515,,110.38,,,,,
-0.3009324250697867,,110.37,,,,,
-0.30080259122559694,,110.53,,,,,
-0.3006216599220368,,110.43,,,,,
-0.3004557749233945,,110.6,,,,,
-0.30034228567243126,,110.52,,,,,
-0.3003406029402311,,110.5,,,,,
-0.30030648762384293,,110.32,,,,,
-0.3002911881952126,,110.51000000000002,,,,,
-0.2996823402865394,,110.06,,,,,
-0.29963697120129107,,109.99,,,,,
-0.29954176898099516,,,104.16,,,,
-0.29951616267949077,,110.12,,,,,
-0.2995129425928966,,,104.13,,,,
-0.2995123292397126,,110.11999999999999,,,,,
-0.2994764462089855,,,104.1,,,,
-0.2990956143098392,,109.92,,,,,
-0.29901423877327493,,109.92,,,,,
-0.29899243306144463,,110.05,,,,,
-0.2989767689664026,,109.90000000000002,,,,,
-0.29894989266265615,,109.92,,,,,
-0.29876246915376625,,109.91,,,,,
-0.2982717749557582,121.63,,,,,,
-0.2982651579659952,121.63,,,,,,
-0.2982163730506314,121.62,,,,,,
-0.2981999046867745,121.64000000000001,,,,,,
-0.298108929984611,121.59,,,,,,
-0.298095535777935,121.59,,,,,,
-0.2980077679827925,121.54,,,,,,
-0.2726143140089776,,104.31,,,,,
-0.27210914937390684,,104.24,,,,,
-0.27167068890098967,,104.01,,,,,
-0.2716672564733785,,104.02000000000001,,,,,
-0.2716530583609409,,103.94,,,,,
-0.27154522825701766,,103.94,,,,,
-0.27153367871207157,,103.89,,,,,
-0.2715087054709696,,103.89,,,,,
-0.27144017634576256,,103.83,,,,,
-0.2713936503670997,,103.88,,,,,
-0.2713739765215265,,103.83,,,,,
-0.2713265050911774,,103.77,,,,,
-0.2702642780842548,,,,,99.02000000000001,,
-0.27010339200127775,,,,,98.99000000000001,,
-0.2700671946084586,,,,,98.97,,
-0.2699987074682997,,,,,98.94,,
-0.26753468115569246,,,,,99.3,,
-0.2670777354599001,,,,,99.12,,
-0.26692397635096754,,102.69,,,,,
-0.26664268156848747,,,99.97,,,,
-0.266466268127722,,,102.51,,,,
-0.2661207900425542,,,,,99.54,,
-0.26587121653776236,,,100.79,,,,
-0.2658632907893913,,,,,99.94,,
-0.2658514018459519,,,100.81,,,,
-0.26584823139600033,,,100.81,,,,
-0.2658468046845883,,,100.81,,,,
-0.265747079670977,,104.33,,,,,
-0.26569839641488036,,,100.77,,,,
-0.26556357195316893,,102.99,,,,,
-0.26381096051233566,112.66,,,,,,
-0.2637009551747638,,,,,99.73,,
-0.26290442970590533,,102.28,,,,,
-0.2607138329791645,,101.57,,,,,
-0.2606231598487061,,103.49,,,,,
-0.2594141530311743,,101.05,,,,,
-0.25925102871513384,,101.025,,,,,
-0.2590240518613425,114.29000000000002,,,,,,
-0.25902114513923324,114.29000000000002,,,,,,
-0.2589938531360687,114.29000000000002,,,,,,
-0.2589568684563439,114.23000000000002,,,,,,
-0.25891955702570413,,,,,98.74,,
-0.25887545685423585,114.35,,,,,,
-0.25884249945339644,,,101.70000000000003,,,,
-0.2587581539328221,,,,,98.7,,
-0.258674274122194,114.28,,,,,,
-0.2576574814152367,,,100.76,,,,
-0.25714495461592646,113.17,,,,,,
-0.2564431388946722,,100.76,,,,,
-0.25546081172728063,,,100.78,,,,
-0.25454862371039644,,,99.41,,,,
-0.2543166294409831,112.01,,,,,,
-0.2540425954841933,,,,,100.01,,
-0.2529411596682267,,,,,101.02,,
-0.25193391584212543,,,101.38000000000001,,,,
-0.24981824167684052,110.34,,,,,,
-0.24964953273532553,,,,98.38000000000001,,,
-0.24906385081344617,112.56,,,,,,
-0.24897345400112603,,,,98.89,,,
-0.2489708755197122,,,,98.9,,,
-0.2488644977307124,,,,98.87,,,
-0.24885256864521754,,99.95999999999998,,,,,
-0.24884757121300605,,99.96,,,,,
-0.24880130150540214,,,,98.85,,,
-0.24878372719602515,,,,98.85,,,
-0.24740019774022237,,,,98.24,,,
-0.24610332347810882,,98.55,,,,,
-0.24585316200840934,,98.53000000000002,,,,,
-0.24558006917384123,107.85,,,,,,
-0.2453518525426145,,,,,,99.40999999999998,
-0.24532402767547723,,,,,,99.41,
-0.24505657653864477,,,,99.19,,,
-0.24427527726460474,108.7,,,,,,
-0.24414912030835256,,103.89,,,,,
-0.24410912645363214,,,,,,,97.37000000000002
-0.2440007136633262,,101.01,,,,,
-0.24379245430183782,,100.93,,,,,
-0.24375993915508531,,100.92,,,,,
-0.24374621332925395,,100.89500000000001,,,,,
-0.2436491379112874,,100.85000000000001,,,,,
-0.2436005908559956,,101.98,,,,,
-0.24353781370757033,,,,100.04,,,
-0.24345785584716295,,,,100.07,,,
-0.24341320944332723,,,,100.04,,,
-0.24335988851880774,,,,99.83,,,
-0.24325289688196405,,,,99.98,,,
-0.24323031679892482,,,,99.98000000000002,,,
-0.24316142285652498,,,,99.94,,,
-0.24309611749397342,,,,99.94,,,
-0.24224661322123775,,100.17,,,,,
-0.24140490078443066,,100.02,,,,,
-0.24111294472678657,,99.85,,,,,
-0.2409834252466262,,99.84000000000002,,,,,
-0.2408308087342632,,99.76,,,,,
-0.2407744881138908,,99.75000000000001,,,,,
-0.24064880701588443,,99.7,,,,,
-0.24043803721376178,,99.75000000000001,,,,,
-0.23910826967568188,,99.32,,,,,
-0.23898815865574874,,99.33,,,,,
-0.23868158792749117,,99.21999999999998,,,,,
-0.23836863784842188,,99.07,,,,,
-0.23734366362236048,,,,100.92,,,
-0.2369817089255264,,,,100.76,,,
-0.2364235562896555,,,,100.63,,,
-0.2360837374450362,,,,100.48,,,
-0.23584339854936875,,,,99.66,,,
-0.23552293398434743,,,,100.26,,,
-0.23399839052118965,,99.22,,,,,
-0.23368006755876525,,98.04,,,,,
-0.23233408820481327,108.87,,,,,,
-0.23233088907488408,108.88,,,,,,
-0.23232684803054549,108.88,,,,,,
-0.23229434975221752,108.86,,,,,,
-0.23229148707771097,108.86,,,,,,
-0.2312776012522707,,,,99.96,,,
-0.23027085229249533,,,,100.32,,,
-0.23015470810985827,,99.09,,,,,
-0.23000482016982582,,99.07,,,,,
-0.2285136221992633,,97.48,,,,,
-0.2279348608642111,105.03,,,,,,
-0.2275405814774102,104.75000000000001,,,,,,
-0.22644176750320544,,,,,99.08,,
-0.2246308919975447,103.48,,,,,,
-0.22450745991511378,,95.78,,,,,
-0.2244212512885917,103.4,,,,,,
-0.22433970301259998,104.98,,,,,,
-0.22398540402768818,,,,,99.45,,
-0.22397720734833226,,,,,99.46112359550561,,
-0.22393320996745691,,,,,99.46,,
-0.2239268525189394,,,,,99.45,,
-0.2237722340740702,,95.96999999999998,,,,,
-0.22363078122799618,104.66000000000001,,,,,,
-0.22296802901955404,,,,,97.95,,
-0.22283970486042526,,,99.06,,,,
-0.222779637949166,,,99.06,,,,
-0.22257419935400236,,,98.94,,,,
-0.22247647721370123,,,98.89,,,,
-0.2224336530714951,,,99.18,,,,
-0.22160361331602696,105.48000000000002,,,,,,
-0.22021852076319814,,,99.75000000000001,,,,
-0.2198859733331021,,96.83,,,,,
-0.2198004249487019,,96.81,,,,,
-0.21946142838558602,,96.66,,,,,
-0.21943925817241683,,96.66,,,,,
-0.21943045743326617,,96.58,,,,,
-0.21931230522113088,,96.56,,,,,
-0.21875,,96.44,,,,,
-0.21820012730307925,,97.75,,,,,
-0.2181648112921325,,97.72999999999999,,,,,
-0.218085848092325,,97.72,,,,,
-0.21726964082460642,,96.02,,,,,
-0.2155374146161505,,,97.17,,,,
-0.21539243128308838,,,97.16,,,,
-0.21536096555935935,,,97.15,,,,
-0.21363968183861526,,,99.48,,,,
-0.21354640109002465,,,99.47,,,,
-0.21354038775954265,,,99.46,,,,
-0.21347818734687407,,,99.31,,,,
-0.21290916425164608,,95.5,,,,,
-0.21276630639791383,,,,,99.73,,
-0.21228537238005574,,,99.57000000000001,,,,
-0.2122131471121922,,,99.57000000000001,,,,
-0.21192980658787275,,,,,99.51,,
-0.2119294615573719,,,,,99.51,,
-0.2118181734586776,,,,,99.51,,
-0.21125365753729297,,95.08,,,,,
-0.21044701419572398,,,,,99.33,,
-0.20960574915213748,104.49,,,,,,
-0.20868790343178867,104.02,,,,,,
-0.20793804491387313,,,100.16,,,,
-0.185060879169191,,,,,98.92999999999999,,
-0.18464523914355147,96.12000000000002,,,,,,
-0.18463964076080852,,,,,99.12,,
-0.18331732205451567,,,,,99.25,,
-0.18301198112929673,,91.89,,,,,
-0.18242049146855788,94.05,,,,,,
-0.18239287356415812,97.61,,,,,,
-0.18195548804535577,,,96.79,,,,
-0.18184928328920702,101.84,,,,,,
-0.18174252236480726,101.84,,,,,,
-0.18174128899002762,101.78,,,,,,
-0.18172349274005706,101.71,,,,,,
-0.181704990867397,,90.55000000000001,,,,,
-0.181683316180985,,,97.43000000000002,,,,
-0.18159942608582913,,,97.41,,,,
-0.18152257048436848,101.75,,,,,,
-0.1815223941934615,101.76000000000002,,,,,,
-0.1814931288502133,,,97.38,,,,
-0.18146967980601691,101.61000000000001,,,,,,
-0.18128009872900197,,,97.31000000000002,,,,
-0.18126245881534708,,94.67,,,,,
-0.1812543441998119,,,98.57,,,,
-0.18113737002441288,,94.59999999999998,,,,,
-0.1810164792415696,,,97.2,,,,
-0.1810145376385245,97.5,,,,,,
-0.18098929596115654,,94.46,,,,,
-0.1809734087929833,,94.46,,,,,
-0.180949929960442,,94.45,,,,,
-0.18089025589203966,,,97.16499999999999,,,,
-0.18087418831098845,101.34,,,,,,
-0.18080814569887627,96.69,,,,,,
-0.18072354615620279,,94.35,,,,,
-0.18070605889429814,,90.83,,,,,
-0.18064829263275595,,90.83000000000001,,,,,
-0.18054899335834962,96.6,,,,,,
-0.1805231928110319,,,96.74,,,,
-0.1805104686552802,,,96.64000000000001,,,,
-0.18048855390519847,,,97.04,,,,
-0.18021805768201482,,,96.6,,,,
-0.18020037197329442,,,96.55000000000001,,,,
-0.18019152883277179,,,96.58000000000001,,,,
-0.18017490321209628,101.09000000000002,,,,,,
-0.18006664332014322,101.08,,,,,,
-0.18005832806125222,97.75,,,,,,
-0.18000241683498197,101.13,,,,,,
-0.17961631518623034,,92.65,,,,,
-0.1795518409885105,,91.13,,,,,
-0.1795463495858004,100.8,,,,,,
-0.179451035468013,,92.77,,,,,
-0.1793998259895736,100.71,,,,,,
-0.17928320755128557,100.94,,,,,,
-0.17925892264342558,97.96,,,,,,
-0.1792578590379692,100.58,,,,,,
-0.17912630524317952,100.49,,,,,,
-0.17900641628090763,100.78,,,,,,
-0.1789856627130505,100.41,,,,,,
-0.17890299279055222,,,96.62,,,,
-0.17879066985180636,,93.0,,,,,
-0.17864884709316264,,,96.5,,,,
-0.17838210896772144,100.0,,,,,,
-0.17834142594953462,,,96.4,,,,
-0.17824991885217945,,,96.36,,,,
-0.17821028906669345,,92.96,,,,,
-0.17805457631092725,100.0,,,,,,
-0.17805386515843868,100.0,,,,,,
-0.17802008399769498,99.98,,,,,,
-0.17794291029842835,99.86,,,,,,
-0.1775783621732795,99.79,,,,,,
-0.17753314920176344,99.71,,,,,,
-0.17737272765452072,99.64,,,,,,
-0.17713384892394013,,92.15999999999998,,,,,
-0.17693601435596862,99.39,,,,,,
-0.17684740353842976,99.28,,,,,,
-0.17612336121722139,,92.88,,,,,
-0.17606441094784897,,,96.76000000000002,,,,
-0.17600831104038273,,,96.78,,,,
-0.17595774311306678,,,96.74,,,,
-0.175945412889298,,,96.73000000000002,,,,
-0.1759228958763399,,,96.72,,,,
-0.1758941223467586,,,96.72,,,,
-0.17581136491060256,,91.55,,,,,
-0.17561861687460956,,,96.63,,,,
-0.1756128938482281,,,96.62,,,,
-0.1755270389162087,,,96.6,,,,
-0.17525200392059148,,93.57,,,,,
-0.17518487254327186,,93.54,,,,,
-0.17517162399373654,,,96.44,,,,
-0.175043413340373,,93.43999999999998,,,,,
-0.17493253987898427,,93.43999999999998,,,,,
-0.17488936460618443,,92.54,,,,,
-0.17483238782877775,,92.51,,,,,
-0.17472629689047736,,92.47,,,,,
-0.1745961548779087,,92.41,,,,,
-0.17419202295572322,,92.18,,,,,
-0.17331873153155974,,,98.26,,,,
-0.17322826079861797,,,97.44,,,,
-0.17313543127732733,,,97.31000000000002,,,,
-0.1729495296803385,,,98.14,,,,
-0.17290236613043897,,,96.66,,,,
-0.17178543227242682,,,96.27999999999999,,,,
-0.1717796559006014,,,96.27,,,,
-0.17173362255813995,,,96.26,,,,
-0.17173181722475228,,,96.26,,,,
-0.1717218877504424,94.20999999999998,,,,,,
-0.17171917967067563,,,98.47,,,,
-0.17171213858040613,94.19999999999999,,,,,,
-0.17160488256082218,,,96.21,,,,
-0.17154564510977566,,,96.19,,,,
-0.17143310674209244,,,98.37,,,,
-0.17141214919116754,,,98.37,,,,
-0.17126035597420963,,,98.32000000000001,,,,
-0.17125800635645105,,94.73,,,,,
-0.17118190768624086,,,97.76,,,,
-0.17114484745466219,,93.23000000000002,,,,,
-0.17104232701507605,,,98.27,,,,
-0.17095027207012192,,92.86,,,,,
-0.17072285033904344,,91.84,,,,,
-0.17067796639761712,,91.88,,,,,
-0.16982279649123422,,,97.86000000000001,,,,
-0.16940453518238452,,93.39,,,,,
-0.16906798729461214,,87.83,,,,,
-0.1688757075492331,,94.13,,,,,
-0.16834147373830288,95.7,,,,,,
-0.16817161932906477,95.53999999999999,,,,,,
-0.16779014996421493,,87.51,,,,,
-0.16771049641907443,,88.63,,,,,
-0.16746031798195893,,87.33,,,,,
-0.166918418074538,,88.37999999999998,,,,,
-0.16689832739492616,,88.37999999999998,,,,,
-0.16654384154857904,,88.21,,,,,
-0.16654311033828695,,88.25,,,,,
-0.165752470415497,95.29999999999998,,,,,,
-0.16473034308261547,94.8,,,,,,
-0.16423028798644823,,,97.34000000000002,,,,
-0.16396605702191502,96.04,,,,,,
-0.16380195485498783,,,97.61,,,,
-0.16372834551575732,,,97.61000000000001,,,,
-0.16362766376335414,,,97.52,,,,
-0.16317788922192944,,,97.42,,,,
-0.15548203677810768,93.96,,,,,,
-0.14812509979496036,93.03,,,,,,
-0.14712060261396598,92.30999999999999,,,,,,
-0.14695233410246156,89.04999999999998,,,,,,
-0.14654986216780275,88.86,,,,,,
-0.14461003429455765,87.92,,,,,,
-0.14309086247025815,91.37,,,,,,
-0.14291560825672245,,,,96.67000000000002,,,
-0.14287446903751877,,87.44,,,,,
-0.1427484556077645,,,95.01,,,,
-0.14256947491597716,,,,96.91,,,
-0.14210587271424835,,87.3,,,,,
-0.1418338410101302,,,,,98.78,,
-0.1417889152598084,,,,96.88,,,
-0.14176258363791827,,,,96.72,,,
-0.14176239949501301,,,,96.72,,,
-0.1417622153520287,,,,96.72,,,
-0.14174619460990867,,,,96.72,,,
-0.14174103838177,,,,96.72,,,
-0.14172759506707933,,,,96.72,,,
-0.141722991095376,,,,96.87,,,
-0.14171875539778434,,,,96.71,,,
-0.14171599296378778,,,,97.51,,,
-0.14158374365630388,,,,96.81,,,
-0.14139450840220602,,,,96.78,,,
-0.14015809913031296,,,,,,93.14,
-0.14004293335655216,,88.29,,,,,
-0.1398905639759075,,88.13,,,,,
-0.13986060150838342,,88.11,,,,,
-0.13972481947663007,,,,97.78,,,
-0.1396828182614367,,88.03999999999999,,,,,
-0.13964747485458429,,88.14,,,,,
-0.13957825998202156,,87.96,,,,,
-0.13957122683161083,,87.96,,,,,
-0.1391623662446626,,87.04,,,,,
-0.1390476748045315,,,,98.07,,,
-0.13895797555243372,90.29999999999998,,,,,,
-0.13838412558912994,,89.53,,,,,
-0.13838301201481806,,,,96.45,,,
-0.1382100018485395,,,,96.45,,,
-0.1377546830159876,,,,,,99.31,
-0.13774687654195106,,88.68,,,,,
-0.13771379039245013,,89.16,,,,,
-0.1376965027988215,,,,96.48,,,
-0.1376771696150202,,87.7,,,,,
-0.1375449743344166,,,,,,99.26,
-0.13751986938600902,,87.91,,,,,
-0.13750759532373868,,,,96.82,,,
-0.13741311054439154,90.62,,,,,,
-0.13737962671828585,,,,96.82,,,
-0.13732139587436898,,87.59,,,,,
-0.1372088187612217,,87.18999999999998,,,,,
-0.13720528280577393,,87.17,,,,,
-0.13720453839040758,,87.21999999999997,,,,,
-0.1371848109151299,,,,,99.08000000000001,,
-0.137177552466076,,,,,99.12,,
-0.13710756730776696,,,,,99.15,,
-0.13705376780662581,,,,,99.15,,
-0.1370228626375558,,88.63,,,,,
-0.13701858042145432,,86.72,,,,,
-0.1369077865805991,,91.11,,,,,
-0.1366399017841552,,90.99999999999999,,,,,
-0.13656740645571286,,90.04,,,,,
-0.13652304598403342,,90.87999999999998,,,,,
-0.13648912019466986,,87.41,,,,,
-0.13644139589067006,,90.81999999999998,,,,,
-0.136335675231122,,87.38,,,,,
-0.13625697391517655,89.46,,,,,,
-0.13618833167517486,,88.43,,,,,
-0.13615848381992446,,88.3,,,,,
-0.13607321952249907,,88.3,,,,,
-0.136056052683302,,88.29,,,,,
-0.13597580732260506,,,,96.47,,,
-0.13596311599349553,,,,96.45,,,
-0.1359132802568066,,88.27,,,,,
-0.13585709150236425,,,,96.36,,,
-0.13584047615189765,,,,97.72,,,
-0.1357413308373543,,,,97.66,,,
-0.13567466102780823,,,95.48,,,,
-0.13562105627106924,,88.35,,,,,
-0.13561451865073748,,90.17,,,,,
-0.13557603808133312,,,,97.37,,,
-0.13540488880982648,,,,97.53,,,
-0.13532340093735262,,,,97.53,,,
-0.13509623784161529,,,,97.48,,,
-0.1349574507196073,,88.06,,,,,
-0.13494491653624163,,,,,,99.28,
-0.13486540019612603,,,,,,99.29000000000002,
-0.13477800891221914,,,,,,99.27,
-0.13455842358085968,,89.59,,,,,
-0.13455673835205317,,89.56999999999998,,,,,
-0.13428252040658417,,88.69,,,,,
-0.1341374742920004,,,,,,99.28,
-0.1337744586902453,,,,97.34000000000002,,,
-0.13373074879014668,,89.18,,,,,
-0.1336881602243748,,,,97.33,,,
-0.13357613418133119,,89.82,,,,,
-0.13315422854952208,89.04000000000002,,,,,,
-0.13298493778083165,,87.97999999999999,,,,,
-0.13279057586174603,90.99,,,,,,
-0.13275372373869865,,,,97.29,,,
-0.13261850979089385,90.77,,,,,,
-0.13231275960117617,,,95.45,,,,
-0.1320956873183774,,90.32,,,,,
-0.13188001366420865,,88.45,,,,,
-0.1317339728402046,,89.99,,,,,
-0.13173020339437047,,89.14,,,,,
-0.1316410464593749,,,,,98.41000000000001,,
-0.13129423476903612,,,96.53,,,,
-0.1296401061839071,,,96.24,,,,
-0.12961624344981826,,,,,99.02000000000001,,
-0.12919028193770843,,87.38,,,,,
-0.129131129773831,,87.45,,,,,
-0.1290463689181035,,,95.84,,,,
-0.12853062201780452,,87.9,,,,,
-0.12767196802219893,,87.73,,,,,
-0.12757969232353006,,,95.76,,,,
-0.1275737936253999,,,95.75,,,,
-0.12736862152820883,,88.25000000000001,,,,,
-0.12722105875940593,,88.03,,,,,
-0.12702943831328117,,88.03999999999999,,,,,
-0.1269960961447929,,88.02,,,,,
-0.12695284279432717,,88.9,,,,,
-0.12688157021618418,,,,99.58999999999999,,,
-0.12683144376019562,,88.75,,,,,
-0.1267063884265891,,87.88999999999999,,,,,
-0.12670295652530827,,87.38,,,,,
-0.12670009658696935,,87.9,,,,,
-0.12669323265852916,,87.94999999999999,,,,,
-0.1266100942911742,,87.86,,,,,
-0.1265862558303097,,,,98.94,,,
-0.12651664007637742,,88.66,,,,,
-0.12647352996414174,,,,98.97,,,
-0.126456361035586,,88.49,,,,,
-0.12637546722532045,,88.49,,,,,
-0.12630524535751375,,,,99.26,,,
-0.1262815810983251,,86.2,,,,,
-0.12625276240650085,,88.65,,,,,
-0.12621134413598256,,86.07,,,,,
-0.12618118458373895,,86.14,,,,,
-0.12604429513396764,,,96.74,,,,
-0.12588004757834892,,86.05999999999999,,,,,
-0.12581585966721986,,86.07,,,,,
-0.12576045180699857,,,97.91000000000001,,,,
-0.12554849970356097,,,97.83,,,,
-0.1254781448243173,,,95.5,,,,
-0.12539114148044606,90.48999999999998,,,,,,
-0.1253714438149548,,86.8,,,,,
-0.12529876514053173,,87.14,,,,,
-0.12505979669451972,,,97.61,,,,
-0.1248637795776899,,,97.565,,,,
-0.12481265520900564,,87.03,,,,,
-0.12477703695016307,,86.94,,,,,
-0.12477435588862751,,86.96999999999998,,,,,
-0.12469870488232127,,86.91,,,,,
-0.1245908556511599,,,97.5,,,,
-0.12445174262558545,,90.08,,,,,
-0.12434651622356041,,89.89,,,,,
-0.12411872658249301,,84.65,,,,,
-0.12407192683372803,,87.04,,,,,
-0.12386414462199336,,90.32,,,,,
-0.12372959960357532,,86.91,,,,,
-0.12371501021419695,,86.26,,,,,
-0.12369926848605683,,86.27,,,,,
-0.1235383632736281,,,95.56,,,,
-0.12349515073692152,,,97.49,,,,
-0.12341678113382537,,90.11,,,,,
-0.12339238381387863,,90.19,,,,,
-0.12337067482048825,,87.04,,,,,
-0.12332475579663149,,,96.04,,,,
-0.12268446271990185,,86.39,,,,,
-0.12249373241148376,,,97.17,,,,
-0.12193819849816301,,,96.04,,,,
-0.12189791229033398,,,95.99,,,,
-0.12185299555701523,,,95.99,,,,
-0.12171744640225823,,,95.9,,,,
-0.12171667502133676,,,95.87999999999998,,,,
-0.12087931409245845,,,95.89,,,,
-0.11866205160857068,90.14,,,,,,
-0.11460642419983624,86.45999999999998,,,,,,
-0.11321728015088284,86.74,,,,,,
-0.11253144560835104,89.79,,,,,,
-0.11238773328507023,86.19,,,,,,
-0.11190591921203097,87.01,,,,,,
-0.11171928249450025,87.05,,,,,,
-0.11095170884839411,86.95,,,,,,
-0.10438110549953694,88.38,,,,,,
-0.10422828283402064,88.37,,,,,,
-0.10095908400574094,,85.38,,,,,
-0.10069614891769874,83.66,,,,,,
-0.0998021493724014,,84.66,,,,,
-0.09972187836599522,86.32,,,,,,
-0.09961051723516978,86.19,,,,,,
-0.09944680303615083,86.11,,,,,,
-0.09942652767816074,84.92999999999999,,,,,,
-0.09931490031238754,86.57,,,,,,
-0.09913136959701352,85.04,,,,,,
-0.09909272202055486,85.93,,,,,,
-0.09899666843291921,85.81999999999998,,,,,,
-0.09877626691672059,,84.91,,,,,
-0.09862637097319382,85.73,,,,,,
-0.0985747178538866,85.76,,,,,,
-0.09821143120072506,,85.16,,,,,
-0.09820020084369807,,85.15,,,,,
-0.09819690913432055,,85.13999999999999,,,,,
-0.09819400466491357,,85.14,,,,,
-0.0976596514001421,,85.55,,,,,
-0.09758016120226387,,85.52,,,,,
-0.0973656616836237,,85.47,,,,,
-0.09721607230525453,85.11,,,,,,
-0.0971815297098213,,,95.77,,,,
-0.09716134629580353,,85.35,,,,,
-0.09711767716754638,,,,,99.03,,
-0.0970926382953109,,84.89999999999999,,,,,
-0.09708060361451532,,85.38,,,,,
-0.0970324616830025,,84.85,,,,,
-0.09699926405440018,,,,,98.44999999999999,,
-0.09694392924856698,,84.86999999999999,,,,,
-0.0968771301335547,,85.54,,,,,
-0.09673864584348157,,,95.66,,,,
-0.09636435105728602,,84.27,,,,,
-0.09576942809353972,,,94.42,,,,
-0.09569661396515716,84.92,,,,,,
-0.0956650705155162,84.92,,,,,,
-0.095641898307946,,85.73000000000002,,,,,
-0.09563157753075124,,85.7,,,,,
-0.09562768283662848,84.91,,,,,,
-0.09553926425564718,84.78,,,,,,
-0.09551063162646145,84.92,,,,,,
-0.09533587486513506,86.17,,,,,,
-0.09532749575450117,84.71,,,,,,
-0.09516066068783302,,,96.54,,,,
-0.09511991707851275,,88.33,,,,,
-0.09483753519088478,85.15,,,,,,
-0.09468769204206773,,,96.25,,,,
-0.0946800814960369,85.9,,,,,,
-0.09455126823185689,85.89,,,,,,
-0.09451378839908309,85.84,,,,,,
-0.09427107043573535,84.3,,,,,,
-0.09416695279488319,,,94.22,,,,
-0.09387009592248019,,87.92,,,,,
-0.09371758556870402,,88.49999999999999,,,,,
-0.09359690959708222,,88.43999999999998,,,,,
-0.09330046187706231,,88.92,,,,,
-0.0932634656852035,,88.91,,,,,
-0.09303594125809733,,88.04,,,,,
-0.0928856969024422,88.05000000000001,,,,,,
-0.09269189242436615,,87.25,,,,,
-0.0924019129574537,,88.34,,,,,
-0.0922277185672501,85.6,,,,,,
-0.09218337463538728,,87.43,,,,,
-0.09128614815021552,,88.46,,,,,
-0.0907412126091679,,87.12,,,,,
-0.09027129626159991,,,97.04,,,,
-0.09019976180563294,,,97.01,,,,
-0.08990424275807551,,84.7,,,,,
-0.08988905747610632,84.71,,,,,,
-0.08966832065262975,84.65,,,,,,
-0.08966713678856675,84.58,,,,,,
-0.08964937845811316,84.65999999999998,,,,,,
-0.08958781088137646,84.62,,,,,,
-0.08956373411532592,84.62,,,,,,
-0.08946425594379315,84.37,,,,,,
-0.0894281305135669,,86.6,,,,,
-0.0891915664343671,84.35,,,,,,
-0.08906335976423219,84.38,,,,,,
-0.08903293254397315,,86.36,,,,,
-0.08879893068384992,,86.22,,,,,
-0.08866744954472427,,86.11,,,,,
-0.08859032265204592,,86.14000000000001,,,,,
-0.08846926643913111,,86.45,,,,,
-0.08835807211174473,,86.88,,,,,
-0.08829751717365286,,84.6,,,,,
-0.08790014852025907,,86.11,,,,,
-0.08789262150736166,,83.84,,,,,
-0.08785894650748793,,86.07,,,,,
-0.0878480511222075,,86.1,,,,,
-0.0877325440337382,,83.84,,,,,
-0.08739298596323497,,84.41,,,,,
-0.0873525313798621,,,,,99.8,,
-0.08672681367900581,,84.85,,,,,
-0.08651924247215736,86.14,,,,,,
-0.08616605537703159,,,95.1,,,,
-0.08584642132816067,85.09,,,,,,
-0.08568622187913677,,,96.61000000000001,,,,
-0.08565656389736709,,,96.59,,,,
-0.0852142526233115,,,95.05,,,,
-0.08509169995190191,,86.88,,,,,
-0.08487201935190636,,85.88,,,,,
-0.08481877777547775,,,94.92,,,,
-0.08475815061001968,,,94.89,,,,
-0.08472025455237264,,,94.89,,,,
-0.08461233332316231,,,94.8,,,,
-0.08449261272729647,,86.46,,,,,
-0.08448562805920756,,86.43,,,,,
-0.08448283416213065,,,94.77,,,,
-0.08418578556035727,86.79999999999998,,,,,,
-0.08414205044022238,,86.32,,,,,
-0.08370366976680255,86.79999999999998,,,,,,
-0.08341091605222462,,84.0,,,,,
-0.08338291067828363,,83.98999999999997,,,,,
-0.08336710689052595,,83.98999999999998,,,,,
-0.08334590095203254,,86.59,,,,,
-0.08316260875164949,,86.5,,,,,
-0.08309775858880897,,83.98,,,,,
-0.08304170784791853,,86.45999999999998,,,,,
-0.08294360255998479,,86.42,,,,,
-0.08293058701613121,,83.76999999999998,,,,,
-0.08276595856198665,,83.69,,,,,
-0.08263132787804772,86.52,,,,,,
-0.08236675965350171,84.66,,,,,,
-0.08236495525545984,84.66,,,,,,
-0.08234891584986614,,,96.46,,,,
-0.08200493619060023,,82.9,,,,,
-0.08183234783338666,,83.41,,,,,
-0.08165085939987193,,88.21,,,,,
-0.08147874049740544,,82.75,,,,,
-0.08145081781495522,,83.35,,,,,
-0.08115421032642645,,83.24,,,,,
-0.08114797871151125,,85.41,,,,,
-0.08086425021501209,,83.16,,,,,
-0.08073067028304304,,82.49,,,,,
-0.08062784362355213,,82.35,,,,,
-0.08047124535063277,,82.30999999999999,,,,,
-0.0804476906100573,,82.28,,,,,
-0.08023524078674926,,84.83,,,,,
-0.07976044849846486,,88.49999999999999,,,,,
-0.07951560604582919,,88.02,,,,,
-0.07922945536203052,83.01,,,,,,
-0.07871896514858123,84.71,,,,,,
-0.07864570571022489,,88.96,,,,,
-0.0778856389480519,85.25,,,,,,
-0.07783753780866098,,88.44,,,,,
-0.07783204748092665,85.2,,,,,,
-0.07663937183336766,,88.43,,,,,
-0.07458341188613671,83.02,,,,,,
-0.0731717936432087,82.56,,,,,,
-0.0726259007390525,86.56,,,,,,
-0.07217587057414399,87.46,,,,,,
-0.07188789441796684,87.30999999999997,,,,,,
-0.07176227443283589,87.18,,,,,,
-0.07134770771900112,87.11,,,,,,
-0.07123056765955715,86.95,,,,,,
-0.07099358963972058,86.65,,,,,,
-0.07097773328073198,86.74,,,,,,
-0.0708657197852014,86.69,,,,,,
-0.07053393718365741,86.57999999999998,,,,,,
-0.07038383419106642,82.4,,,,,,
-0.07037237855820377,82.47,,,,,,
-0.07033821095885306,82.45,,,,,,
-0.07032956816808433,82.42999999999999,,,,,,
-0.0703185132014772,83.89,,,,,,
-0.06713685861591312,85.05,,,,,,
-0.0661413023767139,83.09,,,,,,
-0.06590314023813382,83.13,,,,,,
-0.06585261152850841,83.09,,,,,,
-0.06434519830659546,83.00999999999999,,,,,,
-0.05762171993459886,,84.12,,,,,
-0.05759810457276959,,84.13,,,,,
-0.05757411248137889,83.31999999999998,,,,,,
-0.05738470529561268,82.5,,,,,,
-0.05731321411202117,,83.54,,,,,
-0.057249589957136915,,84.64,,,,,
-0.056679417216543904,83.19,,,,,,
-0.05630289931631283,,83.69,,,,,
-0.05582397812258333,,83.72,,,,,
-0.05489736077940044,81.66,,,,,,
-0.054479799498143744,,,95.29999999999998,,,,
-0.05438612251459363,,,95.29999999999998,,,,
-0.05401122888671317,,84.66,,,,,
-0.05359227335524552,84.56,,,,,,
-0.053545858176858196,,84.14,,,,,
-0.05353771469367652,,84.13,,,,,
-0.052720414736225796,,,94.31,,,,
-0.05217925530585743,,83.91,,,,,
-0.050853746269477695,,,95.04,,,,
-0.05062990705666781,,86.14,,,,,
-0.05060040893229667,,,93.9015,,,,
-0.05054796329591049,,84.09,,,,,
-0.05054529988634593,,84.28,,,,,
-0.05042317675315078,,84.1,,,,,
-0.050268428677749166,,86.68,,,,,
-0.05022414710128409,,86.65,,,,,
-0.05017371027621387,,85.99,,,,,
-0.05013639177901685,81.26,,,,,,
-0.05001703492180565,86.11,,,,,,
-0.04989703259090694,,84.68,,,,,
-0.04987056645853083,,84.69,,,,,
-0.049661452691823205,,84.39,,,,,
-0.049287116587217294,,86.14,,,,,
-0.04906356534597445,,83.78,,,,,
-0.04891433571421777,,,,,98.65000000000002,,
-0.048887609210399474,,86.23,,,,,
-0.0487467562804873,,,,,98.6,,
-0.048717552350262205,,,95.18,,,,
-0.04844126027899698,85.27,,,,,,
-0.04773426765029942,84.73,,,,,,
-0.04708813958252933,84.22999999999999,,,,,,
-0.04706419971801756,84.22,,,,,,
-0.04706254864853976,84.19999999999999,,,,,,
-0.047056976246812265,84.19999999999999,,,,,,
-0.04687470214834444,,85.57,,,,,
-0.04672870873987278,83.92,,,,,,
-0.046723132433122205,83.89,,,,,,
-0.04642480821218953,83.75,,,,,,
-0.04630348313810362,83.6,,,,,,
-0.04561939301393392,,,94.65999999999998,,,,
-0.04549372162648735,,86.07,,,,,
-0.04525160224140212,,86.83,,,,,
-0.04487606398635735,,,94.46,,,,
-0.04476989809431586,,,94.3,,,,
-0.04462014748459353,,,94.28,,,,
-0.04454795174967152,,,94.24,,,,
-0.04446972738938493,,,94.21,,,,
-0.044453126408210086,,,94.22,,,,
-0.044139674655559014,,,94.16999999999999,,,,
-0.04401278241817841,,,94.12000000000002,,,,
-0.04383889989319245,,,95.64,,,,
-0.043593237595567325,,,95.43,,,,
-0.04255328408575587,,85.92,,,,,
-0.04187444200074042,,86.19,,,,,
-0.041784719515142954,,84.63,,,,,
-0.041731086657346705,,85.07,,,,,
-0.04172899965436905,,84.69999999999999,,,,,
-0.041641754797508646,,84.52,,,,,
-0.04149624179390077,,84.69,,,,,
-0.04138368421958494,,84.62999999999997,,,,,
-0.040714685001225326,85.99999999999999,,,,,,
-0.04052976712785206,,85.26999999999998,,,,,
-0.04034519655693303,,85.09,,,,,
-0.039964531053219954,,85.52,,,,,
-0.03992556804767555,,,95.58,,,,
-0.03934850362154696,,,95.57999999999998,,,,
-0.03883520807797847,,,96.09000000000002,,,,
-0.03810124683939742,,84.79,,,,,
-0.037490615533501415,,,95.87000000000002,,,,
-0.03747756119564538,84.68,,,,,,
-0.037257479141855065,,86.64,,,,,
-0.03722124546372574,,,95.83,,,,
-0.0371504555263078,,84.96,,,,,
-0.037120535220927176,,,95.81999999999998,,,,
-0.03694645487951875,,82.32,,,,,
-0.03666180545779263,,,96.00000000000001,,,,
-0.036608244449739535,,84.4,,,,,
-0.03659578493139459,,,95.89,,,,
-0.036587206520377724,,83.91999999999999,,,,,
-0.0364031557796648,,,95.87,,,,
-0.03596163041596756,82.42,,,,,,
-0.03564037443726931,,84.48,,97.41,,,
-0.035537167438419615,,84.18,,,,,
-0.03534665256518865,,,95.84,,,,
-0.035240313062374407,83.05,,,,,,
-0.035158178141815544,,,95.79,,,,
-0.0351505614656239,,,95.76,,,,
-0.0350513221112726,,84.59,,,,,
-0.034748620655778995,,83.7,,,,,
-0.034698926885522674,,83.67,,,,,
-0.03468132578153815,,83.66,,,,,
-0.03452918596328325,,,95.65,,,,
-0.0345177083398146,,84.21,,,,,
-0.03451117849540408,,,95.63,,,,
-0.03442241187119721,,83.72,,,,,
-0.03441244326350157,,,95.6,,,,
-0.034355438839365426,,,95.53999999999999,,,,
-0.03432174160951795,,,95.48999999999998,,,,
-0.0342863463891967,,,95.55,,,,
-0.03427384087071628,,,95.47,,,,
-0.034272993027231524,,,95.53999999999999,,,,
-0.03408250609654928,,82.94,,,,,
-0.033926100177033014,,,96.59,,,,
-0.033863522682908376,,,96.45,,,,
-0.03360612728856882,,,,,99.31,,
-0.03253810832391313,82.87,,,,,,
-0.03251834828952471,,,,97.48000000000002,,,
-0.03247216906194306,83.36,,,,,,
-0.03239810668262433,82.82999999999998,,,,,,
-0.03238687151108277,82.73,,,,,,
-0.032353788657466076,82.64,,,,,,
-0.032324865315749185,82.65,,,,,,
-0.032235786073081196,,,95.44999999999999,,,,
-0.03214067254608943,82.75999999999999,,,,,,
-0.03212131262417073,82.78,,,,,,
-0.032005136826073866,82.7,,,,,,
-0.03184929766167399,,84.1,,,,,
-0.031813739896976445,83.19,,,,,,
-0.03105094152780008,,84.43,,,,,
-0.030768365916387985,,84.52,,,,,
-0.03075813667774907,,84.56999999999998,,,,,
-0.030728700317037783,,84.12,,,,,
-0.03070844873287759,,84.54,,,,,
-0.03070531696905432,,84.52,,,,,
-0.030674833410699875,,84.69,,,,,
-0.030593186491897684,83.58,,,,,,
-0.03058295355522933,84.74,,,,,,
-0.03057146734856986,84.73,,,,,,
-0.030526564110739618,,84.71,,,,,
-0.030276909815752595,,84.35,,,,,
-0.030129354880841785,,,,97.12,,,
-0.030086919299567638,,84.75,,,,,
-0.030024617975195844,82.11500000000001,,,,,,
-0.02997004547500426,82.14,,,,,,
-0.029944534384154897,82.27,,,,,,
-0.029870921092287728,,84.7,,,,,
-0.029768011063232014,,85.73,,,,,
-0.02975378600853218,82.88,,,,,,
-0.02961067549016516,,86.06,,,,,
-0.0295353372062781,,86.1,,,,,
-0.02949159377968802,,86.03,,,,,
-0.02917040885517408,,83.99,,,,,
-0.028981451172116368,,,,96.24,,,
-0.028839579837155793,,,,97.34,,,
-0.02877502199284998,,84.45,,,,,
-0.028679007767546172,,,,96.37,,,
-0.028426512988210306,86.18,,,,,,
-0.028410989923974173,,86.13,,,,,
-0.028136317487563955,,85.41999999999999,,,,,
-0.02807712402405449,,85.41,,,,,
-0.028010575244941438,,85.89,,,,,
-0.02790937004638827,,85.63,,,,,
-0.027850988999593818,,85.43,,,,,
-0.02776529476427847,,85.46,,,,,
-0.027526405359409978,,86.49,,,,,
-0.027362665769822936,,85.11,,,,,
-0.026434046423518986,,84.17,,,,,
-0.026063198109783525,,,,96.52000000000001,,,
-0.026009865437851776,83.51,,,,,,
-0.02578677460083245,,83.83,,,,,
-0.025593965438467592,,84.38,,,,,
-0.025526232075908428,,85.57999999999998,,,,,
-0.025117522082713006,,85.34,,,,,
-0.02488451382258705,,84.52,,,,,
-0.02458902684330999,,85.94,,,,,
-0.02441287540863546,,,,99.92,,,
-0.024409068312828186,,86.1,,,,,
-0.024209577231209867,,83.88,,,,,
-0.024029901988745106,81.74,,,,,,
-0.023615910460805467,,85.86,,,,,
-0.02344788434324374,,84.24,,,,,
-0.023212593003727577,83.21,,,,,,
-0.02316149224455355,,84.16999999999999,,,,,
-0.023042307044342625,,84.07999999999998,,,,,
-0.023036792434396935,,83.94,,,,,
-0.023034035106077932,,84.07999999999997,,,,,
-0.022949186626910145,,83.91,,,,,
-0.02280002970687911,,83.81,,,,,
-0.02279323911901998,,83.81,,,,,
-0.022706014115165707,,85.33,,,,,
-0.02233911666818389,,,,98.19,,,
-0.022289411459506803,,,,98.18,,,
-0.022080551876888177,,,,98.08,,,
-0.021945584964565112,,,,99.48,,,
-0.021917949348825627,,,,98.07,,,
-0.021891375168560767,,,,98.07,,,
-0.021849703946510313,,,,98.04000000000002,,,
-0.02175741931781272,82.24,,,,,,
-0.02172956039787355,,,,98.03,,,
-0.021701274527579528,,,,98.04000000000002,,,
-0.021629595487320796,,,,98.02,,,
-0.021574499709298922,,,,99.45,,,
-0.021380445093571288,,84.28,,,,,
-0.020981668208076676,,,,97.895,,,
-0.020928203577310844,,,,97.89,,,
-0.02089433252299644,,,,97.88,,,
-0.020818273881045513,,85.09,,,,,
-0.02066377668174335,,84.68999999999998,,,,,
-0.020563593826416482,,,,98.8,,,
-0.020437590119741667,,85.78,,,,,
-0.020403045371012563,,,,97.14,,,
-0.02020681909926081,,84.70999999999998,,,,,
-0.018489691197226654,,85.18,,,,,
-0.017995130128738768,,84.58,,,,,
-0.017816803190131125,,86.14,,,,,
-0.01752688373937128,,86.18,,,,,
-0.017515515067491272,,85.64,,,,,
-0.017439574171412286,,85.07,,,,,
-0.017005799665781973,,87.81,,,,,
-0.016840001415750372,83.58,,,,,,
-0.016537898695535902,,83.33,,,,,
-0.016410856988105738,,,,99.91,,,
-0.015839946706639574,,84.57,,,,,
-0.015439010275534848,84.29,,,,,,
-0.013679831896736605,82.08,,,,,,
-0.013435507099511024,,83.67,,,,,
-0.013422496554104102,,84.32,,,,,
-0.013399352263788189,,84.19,,,,,
-0.013246945248505226,82.06,,,,,,
-0.013224328976097488,,84.25999999999999,,,,,
-0.013204637675057529,,84.25,,,,,
-0.012716003251169172,81.77,,,,,,
-0.01240138553501613,,83.77,,,,,
-0.012361583012619248,81.11999999999999,,,,,,
-0.011811921896249467,,84.03,,,,,
-0.011503945173710894,,84.83999999999999,,,,,
-0.010915195868893779,,,96.21,,,,
-0.010632687491558102,,84.14,,,,,
-0.01018306449044648,,84.28,,,,,
-0.009845872608530315,,84.0,,,,,
-0.009234579867000492,84.78,,,,,,
-0.009004059851846047,82.53,,,,,,
-0.008546758012558664,,84.63,,,,,
-0.008346275133032544,,,,,99.62,,
-0.008178431287571897,,,95.4,,,,
-0.008066147324603423,,86.44,,,,,
-0.008040264939506603,,85.22,,,,,
-0.007955977399511927,,86.03,,,,,
-0.007822671165687578,83.57,,,,,,
-0.00778093873845398,,85.25,,,,,
-0.007708166108790215,,85.25,,,,,
-0.007697891465878293,,85.23,,,,,
-0.007541819167215302,,,95.84999999999998,,,,
-0.007406902319776476,,86.27,,,,,
-0.007351425864149053,,,95.64,,,,
-0.007331932664303875,,,95.64,,,,
-0.007330004723814398,,,95.64,,,,
-0.006900315676164892,,86.67,,,,,
-0.006608858500717907,,,95.58,,,,
-0.006412312538623066,,86.55,,,,,
-0.006400294105512905,,,95.5,,,,
-0.006343631861548182,,,94.8,,,,
-0.006281167127089815,,,95.44999999999999,,,,
-0.006244028012684644,,,94.21,,,,
-0.006184127291393726,,85.44,,,,,
-0.006132594011214243,,,95.37,,,,
-0.006114556100512036,,,95.42,,,,
-0.006025001064201563,,,,,98.73,,
-0.005683169155773049,,,,,98.96000000000001,,
-0.005587517269810327,,,95.9,,,,
-0.005509262492154887,,,,,98.9,,
-0.0055079724750549675,,,,,98.94,,
-0.005404330166843385,,,95.66,,,,
-0.0053968034318134794,,86.32,,,,,
-0.005388201309427965,,86.39,,,,,
-0.00534497339189699,,86.12,,,,,
-0.005276145073121907,,,95.59999999999998,,,,
-0.005246890153090322,,85.4,,,,,
-0.005170733247561676,,85.4,,,,,
-0.005047652810080794,,,94.44,,,,
-0.0050125736128469045,,87.11,95.99,,,,
-0.004928847004565418,,86.43999999999998,,,,,
-0.004353141222550483,,84.37,,,,,
-0.004350770686614935,,,95.63,,,,
-0.0043296508681920365,,,94.21,,,,
-0.004292581265418538,,,94.65,,,,
-0.0035359310862780324,82.37,,,,,,
-0.0034571371749916313,,84.39,,,,,
-0.0029475903735889375,,84.04,,,,,
-0.0026172623968711006,,,95.8,,,,
-0.0023858160082811386,,,94.7,,,,
-0.0023602854377350324,84.43,,,,,,
-0.0021430063565659463,,,93.87,,,,
-0.0014023783990309013,,,94.64,,,,
-0.0013236803306574396,81.1,,,,,,
-0.0002686234742143023,,,95.65,,,,
-0.000209304008747635,81.25,,,,,,
-0.00019257160468655332,81.31,,,,,,
-0.00011476943516042226,81.28,,,,,,
0.00019155842673335144,,84.84,,,,,
0.00022983542087828823,82.30999999999999,,,,,,
0.00043780028086204403,82.79999999999998,,,,,,
0.0005046023211705553,81.99,,,,,,
0.0006432395781375,82.88,,,,,,
0.0006571707201621368,82.88,,,,,,
0.0007488211831547797,83.00999999999999,,,,,,
0.0008117453525890994,83.06,,,,,,
0.0008820817302901407,83.08,,,,,,
0.0014167870543804195,80.78,,,,,,
0.0031566723548557274,,86.94,,,,,
0.003369139070016347,,85.48,,,,,
0.003644538777334061,,87.22,,,,,
0.004185488777463275,80.4,,,,,,
0.004295985239468836,,87.09,,,,,
0.004661629963028435,,86.79,,,,,
0.004761477270220249,79.81,,,,,,
0.00497681999117372,,86.9,,,,,
0.004987139441747113,,86.81,,,,,
0.005076290752839219,,,96.22,,,,
0.005093420155924955,,86.96,,,,,
0.005107695104513699,,,96.23000000000002,,,,
0.005320549735502222,,87.09,,,,,
0.0054605249640546916,,,96.23,,,,
0.005484700457364378,,87.84,,,,,
0.005657479183983183,81.81,,,,,,
0.005663415385994464,83.26,,,,,,
0.00573927302541688,81.93,,,,,,
0.0057755568115602784,,87.03,,,,,
0.005846152769662938,82.07,,,,,,
0.005872546326990635,81.965,,,,,,
0.0059018008047651005,,86.52,,,,,
0.0059979346425012015,81.99,,,,,,
0.006046558522493806,,86.55,,,,,
0.0060936467592083154,,87.03,,,,,
0.006152403216888036,,87.66,,,,,
0.006349848774058087,84.21,,,,,,
0.006356453643612037,82.16,,,,,,
0.006456417920962965,,87.15,,,,,
0.006657507542271901,82.27,,,,,,
0.006822756295487675,,87.35,,,,,
0.006827384041391937,,,96.78,,,,
0.006967117926575783,,87.3,,,,,
0.007036999415042988,,86.66,,,,,
0.00707029022233252,,86.87,96.87,,,,
0.007114166899835572,,,95.66,,,,
0.007122986793990371,,,96.86,,,,
0.007126294294125923,,,95.66,,,,
0.007215163930836654,,84.71,,,,,
0.007582496364489044,,86.85,,,,,
0.007630832101541252,,86.97,,,,,
0.0077109604558884826,81.54,,,,,,
0.007717362444389364,,84.62,,,,,
0.0077480489669157215,,82.5,,,,,
0.007844094406070923,,86.95,,,,,
0.007870592921505715,,,96.71,,,,
0.007885388532148596,,,96.71,,,,
0.007941262442048735,,82.6,,,,,
0.007948109078391496,,,96.78,,,,
0.007971986099422956,83.76,,,,,,
0.008183601630715076,,,96.86,,,,
0.008914416860626773,82.33999999999999,,,,,,
0.00960241637364434,,84.52,,,,,
0.009606183355017839,,84.51,,,,,
0.011788435038233347,,88.03,,,,,
0.012219692161986817,,87.53,,,,,
0.012360490800981783,82.48,,,,,,
0.012867379108773447,,85.19000000000001,,,,,
0.013788384832345235,81.16,,,,,,
0.014742700113737461,84.43,,,,,,
0.014771620249141693,85.09,,,,,,
0.016243023059202777,82.12,,,,,,
0.018436076559523507,82.03,,,,,,
0.018540911971193008,82.09999999999998,,,,,,
0.0190044326692822,83.68999999999998,,,,,,
0.02032863699941756,81.56,,,,,,
0.02067097606982604,85.15,,,,,,
0.02082770882605467,85.25,,,,,,
0.02177600322098594,80.87,,,,,,
0.023271590867279368,83.43,,,,,,
0.02334043575142153,83.45,,,,,,
0.024040550262742544,83.11,,,,,,
0.02555553470501759,82.95,,,,,,
0.027651973669843732,,84.52,,,,,
0.027807987481298646,,,94.97,,,,
0.028086025098150058,,,96.26,,,,
0.028602654009139528,,,95.99,,,,
0.028980243360395397,84.17,,,,,,
0.02938111034193458,,,96.43,,,,
0.02974924104262966,84.52,,,,,,
0.0303476006424217,84.28999999999999,,,,,,
0.03074063319932252,82.73,,,,,,
0.03198290684992933,83.69,,,,,,
0.0327269003196935,84.31,,,,,,
0.03275163048410357,84.83999999999999,,,,,,
0.03294691793387372,,85.46,,,,,
0.03390341618920423,,,96.36,,,,
0.033940831012710504,,85.35,,,,,
0.034684120638132754,82.18,,,,,,
0.03494982433882887,,84.86,,,,,
0.034979504171506415,,,,,100.84,,
0.03654378296155247,,,96.79,,,,
0.036790959182835925,,85.87,,,,,
0.036854339462222496,,85.9,,,,,
0.03764780806628498,85.14,,,,,,
0.037675848224342,,85.46,,,,,
0.03786364417709853,,,95.16,,,,
0.03805914082440065,82.27,,,,,,
0.03808136611507784,,,95.52,,,,
0.03847866337411232,85.11,,,,,,
0.03889312863098571,,,95.8,,,,
0.039915420212489394,,,95.31,,,,
0.039922629756346195,,,95.31,,,,
0.04116077279290731,,,94.91,,,,
0.04122468847858851,,86.4,,,,,
0.04133379238797996,85.04,,,,,,
0.0425802819397727,,,95.07,,,,
0.043064209728920666,,86.13,,,,,
0.04338186145845224,83.88,,,,,,
0.04382340334706325,84.2234,,,,,,
0.04615550927286094,85.69,,,,,,
0.049180557197936015,,88.96,,,,,
0.049540268564235435,,,96.65,,,,
0.049697719859734146,,88.61,,,,,
0.049742944196539796,,,96.31,,,,
0.05003573402857353,,,96.42,,,,
0.050271462352034835,,,96.49000000000001,,,,
0.0503035377224017,84.22,,,,,,
0.050365231685405076,,,96.54,,,,
0.050392124509981207,,,96.64,,,,
0.050436948944606375,,,96.54,,,,
0.05046430522290857,,,96.57,,,,
0.0504799380216836,,86.05,,,,,
0.05054454319806334,,,96.61000000000001,,,,
0.050555349821799433,,83.46,,,,,
0.05061329551125482,,,96.19,,,,
0.050646410203877945,,84.28,,,,,
0.051004135920234006,,,95.55,,,,
0.05124075975797804,,88.00999999999999,,,,,
0.051397109621729165,,83.96,,,,,
0.05167999305891202,,84.1,,,,,
0.052211847949249934,,,96.17,,,,
0.05250440133220735,,83.88,,,,,
0.05303333774604457,84.11,,,,,,
0.05303424295434134,84.11,,,,,,
0.05340916123612316,,,96.24,,,,
0.0535613383411182,83.95,,,,,,
0.0535818820791647,,,96.31,,,,
0.05372469098448218,84.12999999999998,,,,,,
0.05379086208479822,83.97,,,,,,
0.05407561631032687,84.22,,,,,,
0.05474151514264425,84.44,,,,,,
0.056130706736265745,,,96.23,,,,
0.05622413076054733,,,96.25,,,,
0.056266223925852676,87.27,,,,,,
0.05628489512599977,87.18,,,,,,
0.05635499866085003,,,96.27,,,,
0.056507059998375464,,,96.28,,,,
0.05686110929463095,,,96.39,,,,
0.057130876326258795,,,96.43,,,,
0.057411962193116395,,,96.49499999999999,,,,
0.058572318636316956,84.78,,,,,,
0.06815830978116932,86.04,,,,,,
0.06923025895447599,83.82,,,,,,
0.06937703549917096,83.86,,,,,,
0.06946619450097935,83.86,,,,,,
0.0696926598344596,83.89999999999999,,,,,,
0.06981737344115047,83.78,,,,,,
0.06988602504175234,,,,99.32,,,
0.06989884534376811,,,,99.32,,,
0.0700640837357902,84.08,,,,,,
0.07020477822408488,84.33,,,,,,
0.07025386640130193,84.44,,,,,,
0.07046851409550126,,,96.62,,,,
0.07052018979230601,84.45,,,,,,
0.07053141616449987,85.2,,,,,,
0.0714744152267659,,,96.83,,,,
0.07179367028668548,,,96.76,,,,
0.07182836340812271,,,,,100.82,,
0.07197268351078479,84.96,,,,,,
0.07211886281638757,85.36,,,,,,
0.07219364254814487,85.34,,,,,,
0.07235224969850806,,87.51,,,,,
0.07244191960975366,83.52,,,,,,
0.07263635996989737,,87.41,,,,,
0.07284626113077985,,87.05,,,,,
0.07287756921991506,,86.83,,,,,
0.07288240372006949,,,,98.42,,,
0.07289621681773406,,86.87,,,,,
0.07292983017452048,84.65999999999998,,,,,,
0.07301203061088724,,87.15,,,,,
0.07309124967056091,,,,98.75,,,
0.07310092256632506,,,,99.04,,,
0.07310276504243252,,,,98.76,,,
0.07312211142355673,,86.99000000000001,,,,,
0.0731269481278336,,,,98.76,,,
0.07361014724777903,,,97.93,,,,
0.07366847393701992,,,,98.91,,,
0.07390138277689862,,86.84,,,,,
0.07392929249538205,,86.73,,,,,
0.07399319045357511,,,96.78,,,,
0.07462427374205016,,,97.45,,,,
0.0747127400317169,,86.75,,,,,
0.07480237608710882,,,,,,94.72,
0.07492229924159943,86.9,,,,,,
0.07506490166811375,85.38999999999999,,,,,,
0.07523783185602828,,,,,100.26,,
0.07532639919858064,,,,99.11,,,
0.07544065643176956,,,96.18000000000002,,,,
0.07557275324683155,,85.73,,,,,
0.07563869812436574,85.49,,,,,,
0.0758606562491797,,85.93,,,,,
0.07603552498345878,85.26,,,,,,
0.0760827059950504,,,,99.17,,,
0.07624185131169714,85.34,,,,,,
0.0762541104835115,,,,99.3,,,
0.07627021850481919,85.32999999999998,,,,,,
0.07630253055945779,,,96.74,,,,
0.0763270897751509,87.94999999999999,,,,,,
0.07653287516094154,,90.09,,,,,
0.07687579379206944,84.77999999999999,,,,,,
0.07723819395415155,,90.32999999999998,,,,,
0.07758481346791357,,85.96,,,,,
0.07802578120216253,,,96.21,,,,
0.07835383679373487,,,,,,99.78000000000002,
0.0784880460384978,,,96.7,,,,
0.07869582223265459,86.51,,,,,,
0.07872607628276174,,89.61,,,,,
0.07880753793033368,,,98.04,,,,
0.07887783758357259,,,,,,100.76,
0.07890763622773322,,89.79,,,,,
0.07894861205129478,,85.22,,,,,
0.0790512980987117,,89.85,,,,,
0.07924508101676975,,85.09,,,,,
0.07930262371992014,,85.43,,,,,
0.07930774927853679,,85.15,,,,,
0.07933780467007878,,,,,100.42,,
0.07935341549515451,,,96.11,,,,
0.07938929880496493,,87.07999999999998,,,,,
0.07940421205111625,,89.35,,,,,
0.0794510516443927,,89.38,,,,,
0.07947272507060288,,87.10531914893618,,,,,
0.07952726205761773,,85.56,,,,,
0.07954427686078902,,90.08,,,,,
0.0795549987930575,,,,99.02000000000001,,,
0.07957434542708497,,,,99.01999999999998,,,
0.0795759771026252,,85.86,,,,,
0.07959975350578441,,,96.27,,,,
0.07963005828274894,85.78,,,,,,
0.07973753739940892,,,,,,98.59000000000002,
0.07975805645277445,,87.2,,,,,
0.07986766005852441,,,,99.05000000000001,,,
0.0798692926208211,,87.23,,,,,
0.07987279098522193,,85.99,,,,,
0.07987558969306274,,,96.27,,,,
0.07989378164763727,,87.23,,,,,
0.07989634722900751,,,96.33999999999999,,,,
0.07991710556297704,,,96.27,,,,
0.07992596891497894,,88.01,,,,,
0.07997448668272655,,,96.25,,,,
0.07998754990352475,,,96.28,,,,
0.07999618113350349,,,96.22,,,,
0.07999898048096243,,86.41,,,,,
0.08006943550386958,,,96.24,,,,
0.08012869949480228,,90.2,,,,,
0.08017723548079769,,,,,100.1,,
0.08018003576692134,,,,,100.1,,
0.08029649385451743,,86.51999999999998,,,,,
0.08032567065537322,,,96.38,,,,
0.08034294406416387,,86.51999999999997,,,,,
0.08036255238678014,,86.59,,,,,
0.08036722113993444,,,,,100.14,,
0.08046223903325433,,,,,99.96,,
0.08047391314588848,,88.66,,,,,
0.08052574925276246,,,,98.15,,,
0.0805605429427727,,86.63,,,,,
0.0805647463590371,,,,,99.97,,
0.08059440472539614,,,,97.91,,,
0.08066283535669427,,,,,99.77,,
0.08067077667376465,,,,,99.77,,
0.08068385674454803,,,,,99.98,,
0.08070487895024647,,,,97.9,,,
0.08070581328948268,,,,97.91,,,
0.08070838273071246,,86.74,,,,,
0.08073127465553309,,,,97.91,,,
0.08077869672787763,86.26,,,,,,
0.08082986116740432,,86.78999999999999,,,,,
0.0810850547991202,,87.03999999999999,,,,,
0.08112432605412323,,87.03,,,,,
0.0811268974858177,,86.88,,,,,
0.08131300810898257,,,97.97,,,,
0.08131885432969788,,88.58,,,,,
0.08133475636987275,,87.08,,,,,
0.08133943352952433,,87.11,,,,,
0.08141824975484235,86.51,,,,,,
0.08146970868234171,86.97,,,,,,
0.08146994259773832,86.54,,,,,,
0.08152748885972594,86.51666666666665,,,,,,
0.08190449812614142,87.16,,,,,,
0.08195974936618788,,,,98.98,,,
0.08204919341889028,,,97.87,,,,
0.08205270592166336,87.33999999999999,,,,,,
0.08206183853559801,,88.49999999999999,,,,,
0.08206956625241446,87.33999999999999,,,,,,
0.08208993985311275,87.33,,,,,,
0.08216582070157252,,87.4,,,,,
0.08218034232394333,,87.45,,,,,
0.08220212548826256,87.35,,,,,,
0.08237993700548762,,87.44,,,,,
0.08241133535787548,,87.49,,,,,
0.08242539491208123,,88.61,,,,,
0.08249171406717459,87.44,,,,,,
0.08268392147250214,,89.29,,,,,
0.08269283029980845,87.44,,,,,,
0.08276903020709048,,87.73999999999998,,,,,
0.08293811506823912,,87.76,,,,,
0.0831063142498667,87.72,,,,,,
0.08332760975246178,,,96.68,,,,
0.08334943912832826,,,96.68,,,,
0.08339380476420266,,,96.7,,,,
0.08347127728478632,,,96.72,,,,
0.08360112729192459,,,,,,100.37,
0.08366806033603691,87.01,,,,,,
0.08403974783501011,,,96.84,,,,
0.08412436467601925,,85.89,,,,,
0.08413799862487936,,86.8,,,,,
0.08419700466725133,,88.41000000000001,,,,,
0.08426260059517343,,,96.87,,,,
0.08442062767567227,86.98,,,,,,
0.08475894161371778,,,,,100.46,,
0.08505107769443132,86.92,,,,,,
0.08505555158907474,,,96.28,,,,
0.08513420397267635,86.05,,,,,,
0.08519331850814571,,88.18,,,,,
0.08522370258793299,87.03999999999999,,,,,,
0.08522582247094634,,,,97.57,,,
0.085243488484807,,,,,100.68,,
0.08525455947998073,,,,,100.65,,
0.08536174781446149,,,,,100.67,,
0.085406278424077,,,,,,100.77,
0.08545599680789118,,84.89,,,,,
0.08546777908299252,,88.23,,,,,
0.08555945392017228,,85.53,,,,,
0.08578246044385929,,,96.66,,,,
0.08594611969732502,,,95.81,,,,
0.08604636766362095,,86.86,96.70000000000002,,,,
0.08604967026445953,,,,,,,97.44
0.0861714087100085,,86.96,96.81,,,,
0.0864395182379516,,85.82,,,,,
0.08647894338618989,,86.95,,,,,
0.08666146952707843,,,96.89,,,,
0.08670161933755094,,,96.92,,,,
0.08671035821885575,,87.05,,,,,
0.0867476771855149,,87.08,96.9,,,,
0.08694588857282914,84.67,,,,,,
0.08695037810655859,,85.44,,,,,
0.0871744293095269,83.91,,,,,,
0.0872165082954619,,,98.05,,,,
0.08741394477894504,84.1,,,,,,
0.0875085505359785,,,97.12,,,,
0.08836240204194201,,,,,,100.71,
0.08837661662020735,,,,,,100.71,
0.08883547304021588,,,97.09,,,,
0.08952092239712894,88.13,,,,,,
0.08967051196861409,88.3,,,,,,
0.08968642311739239,,87.7,,,,,
0.08969331017662396,,87.67,,,,,
0.0897529224993876,,87.71,,,,,
0.08976741094148277,,87.73,,,,,
0.09018916962471324,,87.94,,,,,
0.09110556926469071,,,,,100.65,,
0.09121415470623218,,88.16,,,,,
0.09135777785587051,,87.67,,,,,
0.09140732827633369,,,,,,100.44,
0.0916706403477976,,87.21,,,,,
0.09218404699187399,86.62,,,,,,
0.09219645293911172,,86.55,,,,,
0.09223558123425679,,89.56,,,,,
0.09281830409461533,,,97.15,,,,
0.09291982493173068,,,95.72,,,,
0.09297525132419415,,,97.6,,,,
0.09297907404124417,,,97.13000000000001,,,,
0.09320107640950792,,87.02,,,,,
0.09322473967585876,85.96,,,,,,
0.09327111308774527,86.21,,,,,,
0.09332753140856664,,89.65999999999998,,,,,
0.09333255196500301,,89.96,,,,,
0.09347434195260851,,87.27,,,,,
0.09379511904866078,,,96.28,,,,
0.09390376184752469,83.72,,,,,,
0.0940452212651759,,85.87,,,,,
0.09405790892274246,,90.53,,,,,
0.09414337873663636,,87.4,,,,,
0.09421185998727655,82.78,,,,,,
0.09442669770752632,87.56,,,,,,
0.09447652719971167,83.91,,,,,,
0.0945064749908553,84.51000000000002,,,,,,
0.09454528976663634,83.93,,,,,,
0.09454864425921272,,,97.93,,,,
0.09478159216714421,,,97.98000000000002,,,,
0.0947820715860479,,,98.01000000000002,,,,
0.09482953613605316,,,98.05,,,,
0.09492759462802236,,,98.08,,,,
0.09502806885448889,,,98.11,,,,
0.09520676189416433,,,98.08,,,,
0.09540807127338358,,,98.19,,,,
0.09543735007570553,,,98.19,,,,
0.09615541028329688,,87.8,,,,,
0.0961772790512192,,88.08,,,,,
0.0967240414193189,,,96.95,,,,
0.09944840673434152,,87.12,,,,,
0.10193444591981216,,88.01,,,,,
0.11192176860565861,87.32,,,,,,
0.1135819305056347,,,,,101.09,,
0.11407913218377508,,88.21999999999998,,,,,
0.1141297361226572,,,,,100.82,,
0.11413140708583303,,88.23,,,,,
0.1141579044575316,,,98.02,,,,
0.11453831643414625,,88.37999999999998,,,,,
0.11565502144524964,,,97.55,,,,
0.11582020617353295,85.78,,,,,,
0.11621996402337187,,,97.79,,,,
0.11625830217112254,,87.72,,,,,
0.11637764651275817,86.09,,,,,,
0.11657085629818953,,87.87,,,,,
0.11728098499491635,,87.84,,,,,
0.11751845570984232,,87.28142857142856,,,,,
0.11753983062394391,,87.32,,,,,
0.11821271760527008,,87.06,,,,,
0.11823844757536883,87.6,,,,,,
0.11835484840162347,,88.18,,,,,
0.11841594448183246,,87.01,,,,,
0.11857063881138963,87.5,,,,,,
0.11904990941075777,,87.48,,,,,
0.11952477034671682,,87.28,,,,,
0.11959780601891468,,,97.85999999999999,,,,
0.11977284115871512,,,,,101.48,,
0.12024107587952915,,87.35,,,,,
0.12071211772132506,,86.65,,,,,
0.12134385297629446,,87.75,,,,,
0.12134627108157936,,87.81,,,,,
0.12138012565064304,,90.41999999999999,,,,,
0.12142631625257283,,90.37,,,,,
0.1214751711867148,,90.47,,,,,
0.12156176613194059,,87.39999999999999,,,,,
0.12160434285201549,,87.41,,,,,
0.12233324448195138,,86.65000000000002,,,,,
0.12239671414045028,,86.64,,,,,
0.12255105772373409,,,97.61,,,,
0.12256511309411744,,,97.63,,,,
0.12270374698057451,87.89,,,,,,
0.1228804821130538,,86.8,,,,,
0.12325644138966685,,86.22,,,,,
0.1233282661147379,,90.34,,,,,
0.12357341288233092,,86.52,,,,,
0.12377422165668528,86.32,,,,,,
0.12406791531877581,,,,,100.18999999999998,,
0.12409853242451407,86.33,,,,,,
0.125129552176801,,,96.67000000000002,,,,
0.12521379062021776,,88.1,,,,,
0.1259771370342324,,90.39,,,,,
0.1259866457983807,,88.33999999999999,,,,,
0.12605174857429935,,88.5,,,,,
0.12618392792596134,,,,,100.27999999999999,,
0.12660945368324383,,,,,100.13,,
0.12680670996060295,,88.38,,,,,
0.12695494174076383,,86.87,,,,,
0.12710443402884342,,87.06999999999998,,,,,
0.1277353274585551,,88.15000000000002,,,,,
0.127908512737666,,87.23,,,,,
0.12799218908793364,,87.24999999999999,,,,,
0.12858929376788653,,88.37999999999998,,,,,
0.1287901843878767,87.12999999999998,,,,,,
0.12883992811026346,,87.53,,,,,
0.12885806238026243,87.27,,,,,,
0.1288727662701501,,87.52,,,,,
0.1289374679365476,,88.46,,,,,
0.12903894684984007,88.54,,,,,,
0.1290396822708637,,88.54,,,,,
0.12927359476017042,,87.61,,,,,
0.12993834665248172,87.79,,,,,,
0.1299660923251833,87.79,,,,,,
0.1302932502364922,,87.91000000000001,,,,,
0.13037924658484168,87.43,,,,,,
0.13043724008095658,86.61,,,,,,
0.13081385107790466,86.40000000000002,,,,,,
0.131070887040168,,88.15,,,,,
0.13107777573555413,,88.12,,,,,
0.13157225872268108,,88.27,,,,,
0.13208442650235774,,,97.80000000000001,,,,
0.1321295312940196,,87.62,,,,,
0.13270857194638097,,90.04,,,,,
0.13297930635084998,87.54,,,,,,
0.13330351873307134,89.65,,,,,,
0.13336700014537617,89.62,,,,,,
0.13423892132133597,,88.92,,,,,
0.134508407689087,,90.375,,,,,
0.13461262361277226,,88.69,,,,,
0.13492934955671188,,88.63,,,,,
0.13532383256506098,,90.74,,,,,
0.13538828423397642,,90.76,,,,,
0.13541109196196643,,87.31999999999998,,,,,
0.13562781108831357,87.57,,,,,,
0.1357724191646743,87.62,,,,,,
0.1357897845319409,,90.92,,,,,
0.1358939878878751,,90.86,,,,,
0.1359346820081928,87.66,,,,,,
0.13595651907970052,87.61999999999999,,,,,,
0.13601359720890205,87.70999999999998,,,,,,
0.13601980169900507,87.67,,,,,,
0.13609674300726993,87.78,,,,,,
0.1370019576112551,,88.45,,,,,
0.13702905677754584,85.73,,,,,,
0.13712901165994595,85.77,,,,,,
0.13783889820433703,85.93,,,,,,
0.13788172375951757,86.97,,,,,,
0.1383532669206362,86.17999999999999,,,,,,
0.13840261097017303,86.2,,,,,,
0.13853222177556734,86.22,,,,,,
0.13903399403146177,86.21,,,,,,
0.13939388627534322,85.28,,,,,,
0.139861936414994,88.98999999999998,,,,,,
0.13994264773163456,86.51,,,,,,
0.1399486453135288,88.98999999999998,,,,,,
0.14006486092085657,89.06,,,,,,
0.14017660019948708,89.07999999999998,,,,,,
0.14086626853359197,,,97.55,,,,
0.14144852012296916,,,99.41,,,,
0.14161291023695277,88.1,,,,,,
0.14382021433871017,87.95,,,,,,
0.1438768273432316,87.94999999999999,,,,,,
0.14392614812787685,87.96,,,,,,
0.16435018478668662,,,,,101.48,,
0.16456814362662042,,,,,101.49000000000001,,
0.16615255175773735,,,,,101.5,,
0.16625077588072457,,,,,101.5,,
0.16629082584837396,,,,,101.5,,
0.1676748674202495,,,,,101.49,,
0.1719360383353301,,,,,100.56,,
0.17762614993012749,,,97.6,,,,
0.1784014020834137,,89.45,,,,,
0.17855265591126646,,89.52,,,,,
0.1786597438622366,,89.52,,,,,
0.17873653588191885,,89.55,,,,,
0.17907565185197405,,89.65999999999998,,,,,
0.17943845624610955,,,98.63,,,,
0.18000099978266526,,89.89,,,,,
0.18031323367197594,,89.96,,,,,
0.18036389545838882,90.32,,,,,,
0.18041684167240613,,89.98999999999998,,,,,
0.18077365578043447,91.84999999999998,,,,,,
0.18088976823427982,91.9,,,,,,
0.18183853678934425,,88.89000000000001,,,,,
0.1819949926393949,,88.89,,,,,
0.1831035602812774,92.35,,,,,,
0.18330057383623455,,88.55,,,,,
0.18346403797069066,,88.6,,,,,
0.18390653423846937,,,,99.63,,,
0.1841165618508216,,89.49,,,,,
0.1843888930163049,,89.71,,,,,
0.18439756479246872,92.72,,,,,,
0.18446158683395586,,89.74,,,,,
0.1846363435660785,,89.51,,,,,
0.1848101309452157,,89.86,,,,,
0.18508073847336615,92.96,,,,,,
0.18514279139051926,,90.42,,,,,
0.18541559485339953,,,,99.05000000000001,,,
0.18591017959423772,,90.9,,,,,
0.18607564445420133,,90.7,,,,,
0.1870637675547846,,89.28999999999999,,,,,
0.18713217788679248,,89.65,,,,,
0.18738385227045073,,89.38,,,,,
0.1875063963412711,,89.44,,,,,
0.18759152551961455,,89.45,,,,,
0.18762973505276204,,89.45,,,,,
0.18769333758023676,,89.47,,,,,
0.1877064179767789,,,,99.29,,,
0.18774566089515865,,89.48,,,,,
0.18777951961445116,,90.29999999999998,,,,,
0.1877933714650999,,89.52,,,,,
0.1878092758401968,,90.29999999999998,,,,,
0.18782210225938867,,90.29,,,,,
0.18785314334018266,,90.32999999999998,,,,,
0.1878580177068594,,90.31,,,,,
0.1878859819519083,,90.32,,,,,
0.1879901539376041,,90.32,,,,,
0.1880158148665274,,90.28,,,,,
0.1880786888277184,,90.34,,,,,
0.18818802837911486,,90.41999999999999,,,,,
0.18823885502168114,,90.41999999999999,,,,,
0.1883192110597518,,90.43,,,,,
0.1885965613685372,,90.50999999999999,,,,,
0.1886181384856831,,91.34,,,,,
0.18867336919957123,,90.53,,,,,
0.18870085802589198,,91.29,,,,,
0.18886350485175196,,90.53000000000002,,,,,
0.18893623497184597,,90.59,,,,,
0.1891583353512991,,90.83000000000001,,,,,
0.18929796173790603,,,,98.69000000000001,,,
0.18940238152957578,,90.83,,,,,
0.1895711379761933,,90.92,,,,,
0.1897664510088788,,,,98.76,,,
0.1898344010114026,,90.96,,,,,
0.18986426028518655,,90.93,,,,,
0.18998062278825878,,90.92,,,,,
0.19004705229672592,,,,98.79,,,
0.19005142969533173,,90.93,,,,,
0.19009597799490896,,90.93,,,,,
0.19026029477770057,,,,98.84,,,
0.19027265900419632,,,,99.40000000000002,,,
0.19034865312049898,,,,98.89,,,
0.19037183969803495,,,,99.4,,,
0.19040301418700678,,90.93,,,,,
0.19040327183421435,,91.22,,,,,
0.19042233803708886,,91.22,,,,,
0.19051149352264352,,91.25,,,,,
0.19052154367785445,,,,98.88,,,
0.19059138405815457,,91.33,,,,,
0.1906331375715975,,91.18,,,,,
0.19121257643253053,,91.34,,,,,
0.19123450664156572,,91.35,,,,,
0.19127836948213406,,91.21,,,,,
0.1913175907572815,,90.78,,,,,
0.1913477825768637,,90.32999999999998,,,,,
0.1913746210345637,,90.71,,,,,
0.19141410673294112,,90.91,,,,,
0.1916652763905109,,90.76,,,,,
0.19177476063745647,,90.83,,,,,
0.19208137190793062,,90.89,,,,,
0.19241864561187771,,91.14,,,,,
0.19247681554053142,,91.17,,,,,
0.1924985337688483,,91.19,,,,,
0.19277344114270312,,,,99.05000000000001,,,
0.19280991533001468,,90.72,,,,,
0.19302363162900882,,89.99,,,,,
0.19324881515816505,,,,99.1,,,
0.19325321614285018,,91.63999999999999,,,,,
0.19329955789336184,,91.66999999999999,,,,,
0.19343782785635777,,,,99.17000000000002,,,
0.19373078636038854,91.11,,,,,,
0.1941524741645113,,90.11,,,,,
0.194566416915408,92.99,,,,,,
0.19487524524814392,,,,99.32,,,
0.19499778273593216,,,,99.34,,,
0.19502011218848803,,91.06,,,,,
0.1952629339402081,93.14,,,,,,
0.19585338924419027,,91.44,,,,,
0.1961418119634626,,91.27,,,,,
0.1982576027266243,,90.96999999999998,,,,,
0.1985265532468301,,90.98,,,,,
0.19869921520072653,93.87804,,,,,,
0.19871985437515316,95.05135333333334,,,,,,
0.19887715345583956,,90.91,,,,,
0.1988774147843384,,90.99999999999999,,,,,
0.20167083746586512,,,98.84,,,,
0.2020027942272098,,,99.4,,,,
0.20224304201839427,,,99.47,,,,
0.20244205049163488,,92.29,,,,,
0.20268947607347698,89.29,,,,,,
0.2027020998741318,,92.3,,,,,
0.20324517411176446,,92.44,,,,,
0.20335047779577686,,92.53,,,,,
0.20355007884347165,,92.56,,,,,
0.20373973483583385,,90.93000000000002,,,,,
0.2037805713755425,,91.41,,,,,
0.20414295234834157,,91.51999999999998,,,,,
0.20419515318019177,,91.51999999999998,,,,,
0.20421835500269525,,91.51999999999998,,,,,
0.20464458385224304,89.83,,,,,,
0.20613029979136144,,92.33999999999999,,,,,
0.2064647205586414,,91.04,,,,,
0.20649833163217068,,91.02,,,,,
0.20669950790794056,,90.75,,,,,
0.20703689341183917,,92.71,,,,,
0.20745838419212714,,,100.45,,,,
0.20788728435094161,,88.26,,,,,
0.20859248829553723,,,99.3,,,,
0.20867752764148384,,,99.32,,,,
0.20881319799518328,,,99.35,,,,
0.20998566599123536,,,,,101.3,,
0.2100110262254764,,,,,101.1,,
0.2100123334828563,,,,,100.9,,
0.21001991563136135,,,,,101.09999999999998,,
0.21094722714001346,,89.04000000000002,,,,,
0.22261586086456853,,,,,101.84,,
0.22285827836840144,,,100.17,,,,
0.22287109606591438,,,100.16999999999999,,,,
0.22291809658912864,,,100.17,,,,
0.22333191048181367,,,99.72,,,,
0.22376873568081312,,,99.86000000000001,,,,
0.22420774630567974,,,99.94,,,,
0.2442976840616622,,,100.85,,,,
0.24565176258650556,,,100.68,,,,
0.2519164574563173,,,99.55,,,,
0.25200671852708756,,,99.57,,,,
0.25589676008950657,,,101.02,,,,
0.2708161882701037,,,100.2,,,,
0.2726021268692165,,,100.13,,,,
0.2854759217505096,,,,,,,99.12
0.28667120146783454,,,100.62,,,,
0.2868226996382097,,92.32,,,,,
0.2877363076608077,,93.93,,,,,
0.28813054258420023,,,,101.29000000000002,,,
0.28824448990993234,,,,,103.17,,
0.28832194134656697,,,,101.32,,,
0.2896164809547288,,,,,102.89000000000001,,
0.2896486352293317,,,,,102.89000000000001,,
0.2897051862914657,,,100.68,,,,
0.2897439987136954,,,,,,96.57999999999998,
0.2897628513045307,,,,,,96.58,
0.2899128599367471,,,101.2,,,,
0.2899791410372894,,,,,102.92000000000002,,
0.28998968008255943,,,101.19,,,,
0.2900262907358051,,,100.44,,,,
0.2900396042158495,,,101.23,,,,
0.2900468157989453,,,100.37,,,,
0.29009064176849053,,,101.21,,,,
0.2901025696047965,,,,101.62,,,
0.2901680379361009,,,100.46,,,,
0.290358100179962,,94.74999999999999,,,,,
0.2910330652933517,,93.55,,,,,
0.29150854655780667,,94.57,,,,,
0.2917218070413048,,,,101.81,,,
0.2925165232081035,,,,,,101.38,
0.29268917482694645,,,,,,101.57,
0.2927551844869378,,,,,,101.4,
0.29285602238192343,,,,,,101.4,
0.29288805981244925,,,,,,101.42,
0.29289140294016436,,,,,,101.42,
0.29290839744004127,,,,,,101.42,
0.29304632015180365,,94.11,,,,,
0.29307976039232053,,94.11,,,,,
0.2930808750967926,,92.51,,,,,
0.2937302382706104,,,,,,101.47,
0.2941108466331981,,,,,,101.48,
0.2942596349540698,,,,99.93,,,
0.29431435746244494,,94.39,,,,,
0.2943796954971767,,,,99.94,,,
0.2944263296670864,,94.43,,,,,
0.29450731914438233,,,,,,101.52000000000001,
0.29452184246704793,,94.46999999999998,,,,,
0.2945690455164003,,,100.32,,,,
0.2946274256463104,,,,,,101.53,
0.29467575385193,,,,,,101.54,
0.29496887326484944,,94.13999999999999,,,,,
0.29503651355449967,,92.9,,,,,
0.29528030081589707,,,,,,101.58000000000001,
0.29591564107542867,,,,,102.33,,
0.2959346745249267,,,,101.15,,,
0.29600045619216053,,,,,,101.14,
0.2960724037887652,,94.62,,,,,
0.2961186000363778,,94.61,,,,,
0.2961230798476624,,,,,,101.14,
0.2963129403142952,,,,,102.3,,
0.2963188218363175,,,,100.92,,,
0.2963252635645315,,94.34,,,,,
0.2964115328769965,,,,,,100.94000000000001,
0.29641349367663516,,,,,,101.16,
0.2964350628641361,,,,,,100.95,
0.2964588738396421,,93.22,,,,,
0.29660147786636437,,,,,,100.97000000000001,
0.29665555793035625,,,,,,101.19,
0.2966701294962846,,,,,,101.18000000000002,
0.2969481728702221,,,,,,101.23,
0.29702471177949197,,,,,102.36,,
0.2970334035821036,,94.87,,,,,
0.29732113995608556,,,,,102.405,,
0.29761658111768896,,,,,102.51,,
0.29772098566234595,,,,,102.42,,
0.2977484928814169,,,,,102.46,,
0.29792563362025426,,95.03,,,,,
0.29815056815723207,,93.9,,,,,
0.2982174176638057,101.49000000000001,,,,,,
0.29832472832555057,101.53,,,,,,
0.2983618136210271,,,,,,101.29,
0.2984174455367983,101.58000000000001,,,,,,
0.2984508831738293,101.61000000000001,,,,,,
0.29849359593779257,,,,,,101.24,
0.2984952820256006,101.56,,,,,101.27,
0.2985368735776963,101.56,,,,,,
0.2985475529196002,101.63,,,,,,
0.2986729078000676,,,,,102.39,,
0.29868358937962536,,93.97,,,,,
0.2988820738470743,,,,,,101.46000000000001,
0.2989329698630232,,96.4,,,,,
0.29894927992746667,,,,,,101.35,
0.2990097432225791,,95.26,,,,,
0.2991953866437951,,,,,,101.51,
0.2992285830288266,,,,,,101.5,
0.29934393958916905,,94.64,,,,,
0.29942132437021374,,95.26,,,,,
0.2994491851479022,,,,,,101.32,
0.29947366984792256,,,,,,101.37,
0.29971969378604,,,,,,101.33,
0.2997934628187582,,,,100.64,,,
0.2998030365132005,,,,100.64,,,
0.299898499592157,,,,,,100.52999999999999,
0.29999707500658124,,,,,,101.33,
0.3002125847576078,,95.44,,,,,
0.30041548274673757,,,,,,100.92,
0.30047157266677527,,,,,101.8,,
0.3005662882380036,,,,,102.05,,
0.3006122415358323,,,,,,100.93,
0.3007222043252482,,,,100.64,,,
0.3009523404783081,,,,,,101.54,
0.3009633416717856,,,,,101.73000000000002,,
0.3010259673941209,,,,,,101.54,
0.3010358413690366,,,,,101.83,,
0.301115120714208,,,,,,101.55000000000001,
0.30119977124908015,,,,,,101.56,
0.3012147273217791,,,,,,101.55000000000001,
0.3014015661066447,,,,,,101.58000000000001,
0.3015221084137547,,,,,,100.95,
0.30152577867033536,,,,,,100.95,
0.3016347664910617,,,,,,100.96000000000001,
0.30201467240334323,,95.56,,,,,
0.3022147417219838,,,99.79,,,,
0.3029330107850281,,,,,,,99.08
0.303626297271119,,,101.56,,,,
0.30476506726390107,,96.25,,,,,
0.3051101806642271,,,,,,101.13,
0.30512522676550824,,,,,,101.13,
0.30517547758002195,,,,,,101.17,
0.3053509599224622,,93.5,,,,,
0.3056642762855244,,,,,,101.18000000000002,
0.30567535731438245,,,,,,101.18000000000002,
0.3056952468123082,,,,,,101.18000000000002,
0.3059524441770627,,,,,,101.2,
0.3060832131736777,,,,,,101.21,
0.3061631088597696,,,,,102.85,,
0.306322929559802,,,,,,101.23,
0.3065098158082462,,,,,,101.26,
0.3065305842478139,,,,,,101.26,
0.3065334292909552,,,,,,101.26,
0.3065348518171722,,,,,,101.26,
0.3065476546925203,,,,,,101.26,
0.3067528194281042,,,,,,101.27,
0.30704602370458667,,,,,,101.29,
0.3071701769995565,,95.54,,,,,
0.30719552311677245,,,,,,101.31,
0.3074057344122916,,,,,,101.3,
0.307660186193375,,,,,,101.35,
0.30769923179208636,,,,,,101.35,
0.30780498012136426,,,,,,101.34,
0.3079586449635634,,,,,,101.3,
0.30798060003174044,,,,,,101.35,
0.308035633506728,,95.75,,,,,
0.30812375373959866,,,,,,101.35,
0.3082190167949159,,95.78,,,,,
0.30825124965249584,,95.81,,,,,
0.30832484921010983,,,,,,101.33,
0.3083973157792934,,,,,,101.35,
0.3084677929375885,103.42,,,,,,
0.30870296194379043,,95.81999999999998,,,,,
0.30873750237481334,,94.57,,,,,
0.3087828929860579,103.5,,,,,101.35,
0.30994556521203753,,,101.35,,,,
0.31043078883346986,,94.54,,,,,
0.310635743526934,,,101.46,,,,
0.31070503042037156,,94.58,,,,,
0.3112681864702036,,,,,,101.74,
0.3115857837216902,,,,,102.7,,
0.31161416858089463,,93.79,,,,,
0.31210349872397947,,,,,102.69,,
0.3122949129106416,,,,101.1,,,
0.3123388283876387,,,,,102.7,,
0.31269198120225083,97.61,,,,,,
0.3129858457937513,,,101.01999999999998,,,,
0.3130240607282382,,93.96,,,,,
0.31471146794328075,,94.29,,,,,
0.3151760132937993,,,,101.80999999999999,,,
0.31550242874635925,,95.29,,,,,
0.31592019996723364,,94.5,,,,,
0.31604719959413097,,94.61,,,,,
0.3164855365413599,,,101.13,,,,
0.31649391340980704,,94.66,,,,,
0.316858554905759,,94.7,,,,,
0.3175039623931668,,94.83,,,,,
0.32069021912231777,,93.87000000000002,,,,,
0.3210504993570886,,94.01,,,,,
0.3211910008396168,,94.04,,,,,
0.32135015558898083,99.91,,,,,,
0.3213839117985047,,94.06,,,,,
0.32142901977056026,,94.07,,,,,
0.3217789293899087,,94.13999999999999,,,,,
0.32178766494533195,,94.13,,,,,
0.3218473609978363,,94.18,,,,,
0.32213106373376865,,94.22999999999999,,,,,
0.32225168884596966,,94.16,,,,,
0.32231929515092284,,94.22,,,,,
0.3223213351037746,,94.22,,,,,
0.370562376006935,,,,,103.37,,
0.37123659830480893,,,,,103.17,,
0.3744107482356538,,,102.67,,,,
0.3757470413914994,,,103.34,,,,
0.3759029094111972,,,103.34,,,,
0.3759919504470899,,,102.92000000000002,,,,
0.3761564552273948,,,102.39,,,,
0.37784964603257865,,,102.75,,,,
0.37837340738644465,,,,,103.98,,
0.37884052869054763,,,102.37,,,,
0.3788414198791876,,,102.38,,,,
0.3789293561563378,,,102.39,,,,
0.3789691688349519,,,102.42,,,,
0.3789822421561766,,,102.42,,,,
0.37905504131885936,,,103.25,,,,
0.37906930491243873,,,103.24,,,,
0.37921076818807276,,,102.44,,,,
0.3793799083833107,,,103.37,,,,
0.3793873408019972,,,103.37,,,,
0.3794123143154764,,,103.37,,,,
0.3794132062433966,,,103.37,,,,
0.37948575357642467,,,102.45,,,,
0.3796674527178263,,,102.54,,,,
0.37972634421455953,,,101.51,,,,
0.379872999938768,,,101.59,,,,
0.3800643239355983,,,102.6,,,,
0.38016491676850794,,,102.61,,,,
0.38020807499360587,,,102.59,,,,
0.38028249206553233,,,,,103.94999999999999,,
0.380298567206953,,,101.09000000000002,,,,
0.3804635078785641,,,102.63,,,,
0.38047690731758443,,,102.62,,,,
0.3804995380719125,,,,,103.97,,
0.38052008505729384,,,,,103.98,,
0.3805421216343894,,,102.65,,,,
0.380685376535554,,,102.62,,,,
0.38076967553638585,,,102.63,,,,
0.3808554744878321,,,101.91,,,,
0.38091983069922875,,,102.65,,,,
0.3810223363100118,,,,,104.00000000000001,,
0.38163739142542896,,,103.17,,,,
0.38222911225039446,,,101.06,,,,
0.3822347842407092,,,101.06,,,,
0.38256294333825025,,,,,102.69,,
0.38286406705507847,,,101.60999999999999,,,,
0.38289215472316007,,,101.48,,,,
0.3831593434142597,,,101.3,,,,
0.3837951533439625,,,101.35,,,,
0.38382238120803813,,,100.83,,,,
0.38390317348458813,,,,,102.84,,
0.3840734666196082,,,,,102.85,,
0.38418302706121055,,,,,102.865,,
0.3842087732882311,,,101.16,,,,
0.38440968662805175,,,,,102.87,,
0.384615151627258,,,101.51,,,,
0.38559899336233117,,,103.3,,,,
0.386073127052444,,,100.67,,,,
0.3868384266058018,,,101.47,,,,
0.3871182661368453,,,100.84,,,,
0.3874980786403559,,,101.52000000000001,,,,
0.3875257532367833,,,101.64,,,,
0.38765932876750053,,,101.65,,,,
0.38804003974999657,,,101.70999999999998,,,,
0.3883450601489651,,,101.71,,,,
0.3885278957423828,,,101.34,,,,
0.3923979856352391,,,101.34,,,,
0.39241555597956546,,,101.34,,,,
0.3934666445453836,,,101.53,,,,
0.39687545152907666,,,103.46,,,,
0.4005280428386515,,,103.45999999999998,,,,
0.4006736364770431,,,103.43,,,,
0.4022550452150566,,,103.14999999999999,,,,
0.40263440636304004,111.47,,,,,,
0.40363651516530563,,,103.42,,,,
0.4038225006830136,110.14,,,,,,
0.4040599365105697,110.25,,,,,,
0.40751896631807094,111.29,,,,,,
0.42283225486296705,118.1,,,,,,
0.5003249275128729,,,,,,,100.38
0.5019522160339407,,,,103.66,,,
0.5019921780538774,,,,103.66,,,
0.5023680539890985,,110.77,,,,,
0.5039047813429869,,,,105.73,,,
0.504477216734343,,,,,104.45,,
0.5047194450594685,,108.84,,,,,
0.5058106004333724,,108.9,,,,,
0.5059703117315517,,108.98,,,,,
0.5088769385835352,,,,,104.44000000000001,,
0.5093600809189502,,,,103.35999999999999,,,
0.510534901987864,,108.56,,,,,
0.5106349781486652,,,,,,102.78,
0.5110628146653395,,,,103.09,,,
0.5124961350321977,,,,,,102.98000000000002,
0.5158073807259893,,106.83,,,,,
0.5159380310520416,,,,,,101.77,
0.516160319658578,,,,,,101.58,
0.5163416135694379,,,,103.8,,,
0.5177836542506182,,104.35999999999999,,,,,
0.5181697812642667,,104.31999999999998,,,,,
0.5200885125825327,,,,,,,100.42
0.5219952226744238,,108.37,,,,,
0.5265740559611518,,110.42000000000002,,,,,
0.5274231367947069,,110.54000000000002,,,,,
0.5285461451703946,,110.86,,,,,
0.5286593046434553,,110.84,,,,,
0.5287704776075528,,110.86,,,,,
0.5288436001733272,,110.87,,,,,
0.5289411078095692,,110.87,,,,,
0.5292657776534946,,110.92,,,,,
0.5297751055763362,,110.99,,,,,
0.5304517259450705,,,,,104.86,,
0.5305186512282523,,111.00000000000001,,,,,
0.5308958846456828,,111.03000000000002,,,,,
0.5309153036417413,,111.06000000000002,,,,,
0.5309574914342929,,,,,104.84000000000002,,
0.5309581611005403,,,,,104.84000000000002,,
0.5309601701027973,,,,,104.85,,
0.531010731729082,,111.06000000000002,,,,,
0.5313510213126873,,111.07,,,,,
0.5317179398306182,,111.14,,,,,
0.5319794136983473,,111.13,,,,,
0.5321742362275594,,111.17,,,,,
0.5322091150244705,,108.78,,,,,
0.5322500325603132,,,,104.71,,,
0.5324845120547421,,105.74,,,,,
0.5325479244156122,,111.21,,,,,
0.5332642780307542,,,,,104.83,,
0.5333704116902407,,108.67,,,,,
0.5334732006937433,,111.37,,,,,
0.5342657431555857,,,,,104.94,,
0.534712118700774,,,,,104.7,,
0.5356642669353056,,106.22,,,,,
0.536027525613259,,,,,104.81000000000002,,
0.5371888812053844,,,,,104.90000000000002,,
0.5417272895861607,,,,,104.84000000000002,,
0.5454179003179698,,,105.46,,,,
0.5466847456928052,,,105.58,,,,
0.5486818458997034,,,104.59,,,,
0.5499837466982118,,,105.43,,,,
0.5506410285401941,,,105.03,,,,
0.5548180247462247,,,104.75,,,,
0.5548838361402946,,,104.57000000000001,,,,
0.5549630858242438,,,106.05,,,,
0.5598731303187341,,,104.47,,,,
0.5644491107519156,,,103.76000000000002,,,,
0.5718735925454768,,,105.2,,,,
0.5818502023010648,,,105.63,,,,
0.5818943404434356,,,105.65,,,,
0.5820657031886534,,,105.65,,,,
0.7142650206579648,,,,,107.03,,
0.718075420504328,,,,,,100.67,
0.7181680376931703,,,,,,100.68,
0.7182684150047789,,,,,107.06,,
0.7183322640294849,,,,,107.06,,
0.7184381974442526,,,,,,100.69,
0.7187250583453448,,,,,,100.7,
0.7187427826230808,,,,,,100.71,
0.718830301603153,,,,,,100.67,
0.7188491359667679,,,,,,100.7,
0.719091434390553,,,,,,100.72,
0.720238846562651,,,,,107.08,,
0.7213140855992282,,,,,107.0,,
0.7213851986693693,,,,,107.0,,
0.7213896434313491,,,,,107.01,,
0.7224741101375782,,,,106.21000000000001,,,
0.7225490280517108,,,,,,103.1,
0.7227537874742018,,,,106.22,,,
0.7231779278139228,,,,,106.88,,
0.7235580874623859,,,,,,103.04,
0.7235725695149133,,,109.34,,,,
0.7240272068733515,,,,,106.94,,
0.7240428114310935,,,,,106.95,,
0.724103374652189,,,,,106.94,,
0.7243787494460434,,,,,107.06,,
0.7244887753025617,,,,,106.96,,
0.7247415905911896,,,,,107.02,,
0.7247508866836512,,,,,107.02,,
0.7247605547261133,,,,,107.02,,
0.7248036903899762,,,108.68,,,,
0.7248074090827066,,,,,106.96,,
0.7248739763950998,,,,,107.01,,
0.7249186054033074,,,,,106.96,,
0.7249572857452118,,,,,106.96,,
0.7249721632617154,,,,,106.96,,
0.7250011751570506,,,108.7,,,,
0.7252251203128868,,,,,107.08999999999999,,
0.7252530245302944,,,,,107.0,,
0.7254788958833092,,,,,107.09,,
0.7255034587716831,,,,,107.10000000000001,,
0.725848901928636,,,,105.91799999999998,,,
0.7259542747248884,,,,,107.05,,
0.7260607776205865,,,,105.73456,,,
0.7262943107381548,,,,,106.89,,
0.7263289550034515,,,,,106.9,,
0.7263360330351665,,,,,106.89,,
0.7264537603889354,,,,,106.89,,
0.7264705266663085,,,,,106.88,,
0.7265089040380455,,,,,106.9,,
0.7265711311695513,,,,,106.9,,
0.726595725164809,,,,,106.9,,
0.7273487895063562,,,109.56999999999998,,,,
0.7273901898056341,,,109.06,,,,
0.7277636281135651,,,108.95,,,,
0.7277897487210576,,,109.58000000000001,,,,
0.7278949854543639,,,,,106.97,,
0.7278972246730764,,,,,106.96,,
0.7279069280212291,,,,,107.05,,
0.7279267082607424,,,,,106.94,,
0.7281779193731555,,,,,107.09,,
0.7281868792163708,,,,,106.72,,
0.7282316798260708,,,,,107.06,,
0.7282708822650026,,,,,107.06,,
0.7282779762296969,,,,,107.39000000000001,,
0.7285576741910782,,,,,107.09,,
0.7285998794733732,,,,,106.87,,
0.7286009999956786,,,,,106.87999999999998,,
0.729060536570711,,,,,106.9,,
0.7290732426780233,,,,,106.9,,
0.7291554631802282,,,,,106.91,,
0.7291861110042377,,,,,106.97,,
0.7297435676782713,,,109.03000000000003,,,,
0.7300727517218009,,,,,107.08,,
0.7307618251056522,,,,,107.03,,
0.7307689395340726,,,,,106.35,,
0.7310955173065192,,,,,105.9,,
0.7336633650492599,,,108.59000000000002,,,,
0.7346350902368015,,,,,106.31,,
0.7350195699363617,,,,,106.14,,
0.7350730042810758,,,,,106.33,,
0.7351689685851996,,,,,106.15000000000002,,
0.7352954318781579,,,,,106.16,,
0.7353221571355906,,,,,106.37,,
0.7354670901206366,,,,,105.98,,
0.7360670312841451,,,,,107.01,,
0.7361970166926661,,,,,106.83999999999999,,
0.7364201094812879,,,,,106.84,,
0.7364355622871375,,,,,107.03,,
0.7365482630175999,,,,,107.04,,
0.7365889745702594,,,,,107.05,,
0.7373198453611605,,,,,106.85999999999999,,
0.7373715349482057,,,,,106.64465116279071,,
0.7386545725854599,,,,,107.21,,
0.7416315691621489,,,,,107.33,,
0.741683894823193,,,,,106.3,,
0.7418617497393194,,,,,106.3,,
0.7419307778483017,,,,,106.3,,
0.7422964905139577,,,,,106.3,,
0.7423200167088488,,,,,106.32,,
0.7433728948227492,,,110.21000000000001,,,,
0.7434055684373857,,,110.16,,,,
0.7444004201388412,,,110.27000000000001,,,,
0.744791905212435,,123.47000000000001,,,,,
0.7448212070803972,,123.47000000000001,,,,,
0.7456352028286275,,,,,106.85000000000001,,
0.7466581517081772,,,109.02,,,,
0.7469667198472452,,,110.01000000000002,,,,
0.7486480218528544,,,,,106.97,,
0.7489546170325005,,,,,107.08,,
0.7528299439444983,,,109.65,,,,
0.7535787802938956,,,110.28,,,,
0.7535818553378264,,,111.05,,,,
0.7539159462091518,,,110.36000000000001,,,,
0.7541178464607492,,,110.37,,,,
0.7541643862529646,,,110.38,,,,
0.7542186216885012,,,,,106.85,,
0.7542351622404391,,,110.38,,,,
0.7542670902344557,,,,,107.97,,
0.755701971346066,,,,106.82,,,
0.8886207381287847,,,113.41,,,,
0.8886969429079108,,,113.41,,,,
0.8900753646073509,,,114.33,,,,
0.8919616783162057,,,112.67,,,,
0.8923001661138499,,,112.68999999999998,,,,
0.8923046421243357,,,112.68,,,,
0.8923050490354298,,,112.68,,,,
0.8927608993453413,,,113.71999999999998,,,,
0.8940425259898148,,,112.37,,,,
0.8940955231115169,,,112.37000000000002,,,,
0.8964164409823352,,,113.81999999999998,,,,
0.8977267605566983,,,113.12,,,,
0.9003836183476854,,,113.28,,,,
0.9005518943535036,,,113.29,,,,
0.9014339837245893,,,112.95,,,,
0.9023674747044574,,,112.96,,,,
0.9024398574986072,,,112.98000000000002,,,,
0.9056305753228635,,,112.21,,,,
0.9058707750310135,,,113.27000000000001,,,,
0.906655766951199,,,113.44,,,,
0.9068991176691106,,,113.46,,,,
0.9070115179161564,,,113.47,,,,
0.9077970364107399,,,115.23,,,,
0.911122384802755,,,112.91,,,,
0.9121210876753147,,,113.0,,,,
0.9213302592049186,,,112.99,,,,
0.9215832448422414,,,114.93000000000002,,,,
0.9218753310048067,,,114.95,,,,
0.9221057892079001,,,115.01,,,,
0.923146267293292,,,115.04,,,,
0.9235658013607915,,,115.07,,,,
0.9237933006521659,,,115.08,,,,
0.9248684472720565,,,115.14,,,,
0.9286432674022249,,,114.38,,,,
0.9286487623773225,,,114.46,,,,
0.9286990639891941,,,114.46,,,,
0.9302249419806552,,,,,108.34000000000002,,
0.932845640584776,,,,108.93,,,
0.9365662657472422,,,,,108.45,,
0.9387664318533295,,132.03000000000003,,,,,
0.9399929987808222,,,,108.63,,,
0.9413534382771478,,,,108.72,,,
0.9415640981499485,,,,110.01,,,
0.9445223453705027,,,,,107.99,,
0.9536244291617952,,,,110.25,,,
0.9736102001438105,,,,109.22,,,
0.9799706172360401,,,,110.88000000000001,,,
1.1426558862506844,,,,,110.98,,
1.1453192031168915,,,,,110.84,,
1.1458426230436891,,,,111.66,,,
1.1463520171845527,,,,,,106.77,
1.148430324578408,,,,,111.1,,
1.1499592260232783,,,,,,105.74,
1.1503152039541717,,,,,110.64,,
1.1504132341591422,,,,,,107.03,
1.1519866387453574,,,,,109.93,,
1.152158464288589,,,,,,105.22545454545453,
1.1537719978195211,,,,112.87,,,
1.1540271584052189,,,,,,105.99,
1.155959989694511,,,118.63,,,,
1.1562454247167393,,,,112.23,,,
1.1575759720257333,,,,112.26,,,
1.158632273322565,,,,112.34999999999998,,,
1.1593076741362878,,,,112.46999999999998,,,
1.1595039878480393,,,,,,107.07,
1.1597147967028065,,,,112.69,,,
1.1606466729066143,,,,112.56,,,
1.1615583279222323,,,,112.2,,,
1.1616985070445431,,,,112.22,,,
1.1626933664138912,,,,113.36,,,
1.163814146540851,,,,,111.15,,
1.1638169557994948,,,,,,106.3,
1.16835874541365,,,,,109.93,,
1.1685647029229003,,,,,110.8,,
1.1686789838958238,,,117.82,,,,
1.1687998620643287,,,117.81,,,,
1.1690233104935182,,,,,,106.66,
1.1707522394565477,,,117.92000000000002,,,,
1.1710222801161496,,,,,110.74,,
1.1740529390586874,,,,,111.1,,
1.1742788895348912,,,,,,106.86,
1.1750658283672952,,,,,110.62,,
1.1751244932503715,,,,,,106.72,
1.176299876712612,,,,,,106.95,
1.1764902918738778,,,,,,106.65,
1.178643541672658,,,,,109.72,,
1.1841777291628355,,,,,110.46,,
1.1857254641388022,,,120.90000000000002,,,,
1.1876902606873592,,,,,110.19,,
1.189087225056117,,,,,110.62,,
1.1897645587044128,,,,,110.7,,
1.189851352890166,,,,113.39,,,
1.1907115146206992,,,,,110.82000000000001,,
1.1910719951200441,,,,,110.85000000000001,,
1.1911968229399021,,,,,111.28,,
1.1912429168072713,,,,,111.02,,
1.1916559275526217,,,,,110.75,,
1.1992716012456675,,,,111.74,,,
1.5712774170489832,,,,,114.25,,
1.572223204668585,,,,118.07,,,
1.5724978117690491,,,,118.25,,,
1.5741996974028254,,,,118.29,,,
1.5758114986801113,,,,118.17,,,
1.5784155249836647,,,,,114.29000000000002,,
1.5797092538685424,,,,118.36,,,
1.58041819547485,,,,,114.36,,
1.5860447114200378,,,,118.56999999999998,,,
1.588175360096073,,,,,113.99,,
1.5886192218783193,,,,,114.54,,
1.5917736241245746,,,,118.8,,,
1.5943842391157474,,,,,113.68000000000002,,
1.6006607412056488,,,,,113.87,,
1.6020304944963804,,,,,113.31000000000002,,
1.6020570128038552,,,,,113.31,,
1.602786760404586,,,,118.7,,,
1.605169611738547,,,,,113.20000000000002,,
1.6061376713942725,,,,,114.38472602739726,,
1.607547197690756,,,,,,109.16,
1.6078452678474409,,,,,,109.15,
1.608235808860655,,,,,,109.14000000000001,
1.6096277431265125,,,,,,109.02000000000001,
1.6101493919004457,,,,,,109.05000000000001,
1.6102203613284543,,,,,,109.06,
1.610350955160044,,,,,,109.08000000000001,
1.6113285525710488,,,,,,109.09,
1.6115598520551342,,,,,,109.09,
1.6121664263473554,,,,,,109.3,
1.6126794203161081,,,,,,109.13,
1.6130611684956278,,,,,,109.14000000000001,
1.6130697036343444,,,,,,109.14000000000001,
1.6134122932300858,,,,,,109.15,
1.614212777749215,,,,,,109.16,
1.614236127828304,,,,,114.1,,
1.614270299427627,,,,,,109.16,
1.6143859199631896,,,,,,109.17000000000002,
1.6145767446907207,,,,119.33,,,
1.6156806567799746,,,,,,109.17000000000002,
1.6180334946841919,,,,,113.99000000000001,,
1.626233755376393,,,,,114.25,,
1.633654105087627,,,,,114.21,,
1.9988886975312292,,,,,117.59,,
2.0078024544097715,,,,,116.06000000000002,,
2.0078102088945675,,,,,116.07,,
2.0099901573321857,,,,,116.12000000000002,,
2.0115007060893624,,,,,116.14,,
2.0120566171979397,,,,,116.18000000000002,,
2.012147344781358,,,,,116.18000000000002,,
2.0122620581926,,,,,116.18,,
2.0126730242675115,,,,,116.23,,
2.0131042054110617,,,,,116.18000000000002,,
2.013662654907642,,,,,115.86000000000001,,
2.015205465792171,,,,,115.91000000000001,,
2.025544673679879,,,,,117.91,,
2.026632419600212,,,130.76,,,,
2.0390722667506607,,,,,115.53,,
2.045235229195279,,,,,116.19,,
2.0512616313003647,,,,,116.29,,
2.222538866504179,,,,,,,107.49
2.2249388390349174,,,,,,111.14000000000001,
2.302795684435047,,,,,,,108.27
2.427060584433777,,,138.9,,,,
2.4364261168384878,,,138.94,,,,
2.439838619971144,,,138.42,,,,
2.4401788376968776,,,138.44,,,,
2.4404924892973803,,,138.46,,,,
2.440845415718642,,,138.46,,,,
2.4431400921169093,,,138.48,,,,
2.4472067822069836,,,,,119.02000000000001,,
2.4510441349720615,,,138.77,,,,
2.4510731651237134,,,138.78,,,,
2.4531564223745543,,,,,118.8,,
2.4554541211797525,,,138.88,,,,
2.4588110726054166,,,139.01,,,,
2.4620127406396373,,,139.06,,,,
2.4759946721691666,,,139.44,,,,
2.511420896465755,,,,,120.18,,
2.511965045411903,,,,,120.19,,
2.519296633374854,,,,,120.31,,
2.519614813354827,,,,,120.30000000000001,,
2.5205805437316613,,,,,120.26,,
2.520624699646705,,,,,119.48,,
3.2915701331609837,,,,,,114.41,
3.296718488672239,,,,,,,108.33
3.2974404659456846,,,,,,114.30999999999999,
3.2998713048518464,,,,,125.05,,
3.311230302258201,,,,,,114.29,
3.3136786318046667,,,,,124.47,,
3.3142378693877435,,,,,124.48,,
3.314382122235937,,,,,,114.53,
3.3214716858255517,,,,,124.62,,
3.3292723315772363,,,,,124.8,,
3.3415007091841415,,,,,125.13,,
3.3660476920853597,,,,,124.07,,
3.368590186049519,,,,,123.49,,
3.3705357708685435,,,,,124.14000000000001,,
3.3756006879319402,,,153.5,,,,
3.376965257400573,,,,,124.23000000000002,,
3.3806677627097406,,,,,124.27,,
3.380977707175888,,,,,124.12,,
3.3823437124761817,,,,,124.11000000000001,,
3.3832061838272844,,,,,124.16,,
3.3893926814339004,,,,,124.4,,
4.376354491868908,,,,,,119.4,
4.3765186783484795,,,,,,119.41,
4.376591524857273,,,,,,119.4,
4.378193490621829,,,,,,119.4,
4.378282580990482,,,,,,119.4,
4.379008141021241,,,,,,119.4,
4.379552150131681,,,,,,119.39,
4.379662122788852,,,,,,119.38,
4.379948072741202,,,,,,119.39,
4.381242752811323,,,,,,119.41,
4.38151960336909,,,,,,119.41,
4.381524237093599,,,,,,119.41,
4.382207798862159,,,,,,119.42,
5.419651323058039,,,,,,,116.58
5.457962538650906,,,,,133.38,,
5.46553814290348,,,,,133.61,,
5.4675704162118715,,,,,,,114.63
5.469765813886835,,,,,133.44,,
5.470074181557183,,,,,133.44,,
5.476465818508704,,,,,,,114.16000000000001
5.481006007676536,,,,,133.73,,
5.481868593078013,,,,,133.71,,
5.482561908466226,,,,,,122.23,
5.4836785279802065,,,,,133.74,,
5.486457034465357,,,,,133.61,,
5.486621127703407,,,,,,122.26,
5.4897250346767645,,,,,133.63,,
5.491165739800323,,,,,133.82,,
5.491442439622553,,,,,133.83,,
5.494175590385503,,,,,133.86,,
5.4947112483852525,,,,,134.64,,
5.5028680899710825,,,,,,121.25,
5.506659240399587,,,,,,120.74,
5.5130512863710495,,,,,134.05,,
5.519358147459188,,,,,134.86,,
5.529470875621633,,,,,,122.93,
5.529796331299229,,,,,,123.01000000000002,
5.597663899166583,,,,,133.58,,
7.668747021472704,,,,,,124.67,
7.669735319482998,,,,,137.72,,
