,m,spdy,spdy_up,spdy_dn,epk,ret,spd_ret,cb_ret_up,cb_ret_dn,epk_ret,volatility,epk_up,epk_dn,cdf_m,cdf_ret
0,0.4695729284402664,0.052857387399357664,0.3247971352984227,-0.2190823604997074,0.21980408543818494,-0.7559316602554649,0.024820398190818015,8.047355264447738,-5.428106948957807,1.3096241577449654,1.0532870884372738,1.350648240288921,-0.9110400694125513,0.007759224847935786,0.007759224847935786
1,0.47766987209078077,0.057807119586797656,0.34537946577173473,-0.2297652265981394,0.22940589400890096,-0.7388354292567734,0.027612719418962105,6.759259847305998,-4.496627693200474,1.131316077052762,1.0375080401502106,1.3706284915081104,-0.9118167034903083,0.008216737162763277,0.008216737162763277
2,0.48576681574129515,0.06316306350064244,0.3668084049409683,-0.2404822779396834,0.23987885656871866,-0.7220265732253855,0.0306825202291723,5.7607793034373795,-3.776809121430451,0.991985091003464,1.0220844799327466,1.3930543561450286,-0.9132966430075913,0.00871639525917045,0.00871639525917045
3,0.49386375939180954,0.06896243206461569,0.38912075777496,-0.2511958936457286,0.2518361271309125,-0.7054955905363037,0.03405804595623337,4.981679456045977,-3.2159102227636613,0.8828846166411575,1.0070123651830631,1.4209862049597357,-0.9173139506979104,0.009261653326284813,0.009261653326284813
4,0.501960703042324,0.07524575189554097,0.4123570073101748,-0.26186550351909277,0.26588934270618036,-0.6892334431466923,0.03777041052243403,4.3707500951481455,-2.775625620837729,0.797562237155208,0.9922876669876562,1.4571099480299998,-0.925331262617639,0.009856282302012964,0.009856282302012964
5,0.5100576466928384,0.08205705761952842,0.4365614866023383,-0.27244737136328145,0.28264879462357545,-0.6732315269204278,0.041853829703955306,3.890374304848916,-2.4278876756272787,0.7312433146108185,0.9779063711994257,1.5037533826689538,-0.9384557934218029,0.010504397495369133,0.010504397495369133
6,0.5181545903433528,0.08944408500660861,0.46178253290036014,-0.2828943628871429,0.3027321526189779,-0.6574816442898249,0.046345863225235304,3.512746813367271,-2.151957254662546,0.6803947793523626,0.9638644794614599,1.5629476249484928,-0.9574833197105369,0.011210487763514965,0.011210487763514965
7,0.5262515339938671,0.09745845890799731,0.488072618972782,-0.29315570115678735,0.3267738950016604,-0.6419759790370777,0.051287663501011854,3.217219221048139,-1.9323889926594227,0.6424151141943582,0.9501580101814184,1.6364858682606334,-0.9829380782573127,0.011979446215454548,0.011979446215454548
8,0.5343484776443815,0.10615587112393571,0.5154884556522155,-0.30317671340434404,0.35542918955547625,-0.626707073001195,0.05672422812808821,2.9884215214039442,-1.757594772863976,0.6154133742699841,0.9367829994506172,1.725949229918374,-1.0150908508074217,0.012816602378464936,0.012816602378464936
9,0.5424454212948959,0.115596242370607,0.5440910587916855,-0.3128985740504715,0.3893672290801578,-0.6116678045366623,0.06270465239283081,2.8149221647861298,-1.6188193450204627,0.5980514098828335,0.9237355019093101,1.8326826511349978,-1.0539481929746823,0.013727755719442292,0.013727755719442292
10,0.5505423649454103,0.12584386146264404,0.5739457728648101,-0.322258049939522,0.42924980047804695,-0.5968513685680856,0.06928237710350663,2.6882634489988395,-1.5094013716207222,0.5894310386890588,0.9110115915565682,1.9577125624086988,-1.099212961452605,0.014719210361713753,0.014719210361713753
11,0.5586393085959247,0.13696749368578864,0.6051222424616889,-0.33118725509011165,0.4756914761183832,-0.5822512581009932,0.07651542597274565,2.6022582535256262,-1.4242325063357821,0.589012873594922,0.8986073625047917,2.101604439145356,-1.15022148690859,0.015797810776939425,0.015797810776939425
12,0.5667362522464391,0.1490404491215795,0.6376943219128243,-0.3396134236696653,0.5291986655004528,-0.5678612470630553,0.08446662556829004,2.5524663686887776,-1.3593532394515764,0.5965565646186007,0.8865189296782297,2.264264407028153,-1.2058670760272472,0.016970978161728212,0.016970978161728212
13,0.5748331958969535,0.16214060041970102,0.6717399122746793,-0.3474587114352773,0.5900861244979902,-0.5536753743624719,0.09320379952390766,2.5357892619185036,-1.3116416835111848,0.6120737892036593,0.8747424294559735,2.4446955326349125,-1.2645232836389317,0.01824674712818508,0.01824674712818508
14,0.5829301395474679,0.17635033822837942,0.7073407139394076,-0.3546400374826487,0.6583715062002842,-0.5396879290613691,0.10279992727271238,2.5501346476537794,-1.27856325700942,0.6357856953221797,0.8632740202592458,2.6407262719847155,-1.3239832595841474,0.019633802247216225,0.019633802247216225
15,0.5910270831979823,0.1917564512262756,0.7445818822517084,-0.3610689797991572,0.7336514141837398,-0.5258934365719049,0.11333325605266181,2.594109393027865,-1.2579575925154511,0.668075900256207,0.8521098830841605,2.8487362349283214,-1.381433406560842,0.021141513882479313,0.021141513882479313
16,0.5991240268484966,0.20844991650705447,0.7835515727576038,-0.36665173974349485,0.8149513503408011,-0.5122866457915863,0.12488735337393939,2.6667037883113953,-1.247845856430199,0.7094289659405982,0.841246221979581,3.063356526980702,-1.4334538262991,0.022779972642259838,0.022779972642259838
17,0.607220970499011,0.2265255850123662,0.8243403621621554,-0.37128919213742306,0.9006095891009028,-0.49886251710213875,0.13755108557406523,2.7669356167084076,-1.2462489245696318,0.7603433460693879,0.8306792644719232,3.277372994338011,-1.4761538161362053,0.024560021656821474,0.024560021656821474
18,0.6153179141495254,0.24608174587048948,0.8670405307824736,-0.3748770390414946,0.9882175993244839,-0.4856162111632891,0.15141850657930317,2.89343405192412,-1.2510164767825342,0.8212087875707932,0.8204052619373383,3.481870257446163,-1.5054350587971947,0.026493285761468144,0.026493285761468144
19,0.6234148578000398,0.2672195529683967,0.9117451923486709,-0.37730608641187746,1.0745954663826185,-0.4725430784391057,0.16658863961518325,3.043968198726187,-1.2596805970152851,0.8921438008554511,0.8104204899226273,3.666487872277458,-1.5172969395122204,0.02859219653295142,0.02859219653295142
20,0.6315118014505542,0.2900422969686042,0.9585472575135829,-0.3784626635763746,1.1559713737615107,-0.45963864940016924,0.18316513345549984,3.214969462823051,-1.2693645479440294,0.972802457439511,0.8007212484162266,3.8203158700099764,-1.5083731224869552,0.030870011991770863,0.030870011991770863
21,0.6396087451010686,0.3146545063932328,1.0075382184932464,-0.37822920570678087,1.2283694044279103,-0.446898625349911,0.20125577397457178,3.401159932064326,-1.2767932729244074,1.0621833295699594,0.791303862070804,3.9332953961962525,-1.476556587340432,0.033340829649100456,0.033340829649100456
22,0.647705688751583,0.34116086246171795,1.0588067439610203,-0.37648501903758436,1.2882008454258134,-0.43431886982800255,0.22097183139585108,3.5954612250049527,-1.2784554834632975,1.1585028707708276,0.7821646803787634,3.9979842144589193,-1.421582523607293,0.03601959144964162,0.03601959144964162
23,0.6558026324020974,0.3696649142093156,1.1124370757880375,-0.37310724736940637,1.3329348823972804,-0.42189540054777996,0.24242722384516463,3.7893744206398625,-1.2709420515631666,1.259216184538348,0.7733000778026916,4.011216985419103,-1.3453472206245425,0.038922079046203595,0.038922079046203595
24,0.6638995760526117,0.4002675831554686,1.1685072225456872,-0.36797205623474993,1.3616313596587657,-0.40962438182837996,0.26573747876451914,3.973934079328241,-1.2514228977772421,1.3612555907754995,0.764706453862262,3.975031067124862,-1.2517683478073307,0.04206489774513833,0.04206489774513833
25,0.6719965197031261,0.43306545054554435,1.2270869489657499,-0.3609560478746612,1.375125252724885,-0.3975021174856038,0.2910184755702721,4.1411276935661725,-1.218141132764731,1.4614932804007206,0.7563802331796067,3.8964046859112713,-1.1461541804615012,0.04546544739164382,0.04546544739164382
26,0.6800934633536405,0.468148825050279,1.2882355658421685,-0.3519379157416104,1.3757856481814412,-0.3855250441485407,0.3183849557933818,4.285413275746854,-1.1707481584486512,1.5573325586491014,0.7483178654849393,3.785838836126963,-1.0342675397640801,0.04914187842923223,0.04914187842923223
27,0.6881904070041549,0.5055995948310577,1.3519995312136515,-0.34080034155153616,1.366954698831113,-0.3736897249717145,0.34794879094792136,4.4048298513199535,-1.1103313892858286,1.6472492310170626,0.7405158255845681,3.6553077393732862,-0.9213983417110604,0.05311303137708845,0.05311303137708845
28,0.6962873506546693,0.5454888750859719,1.4184098810637655,-0.3274321308918219,1.3522841737230062,-0.3619928437149937,0.3798170036452072,4.501313808549897,-1.0391035707118117,1.7311051189190427,0.7329706132931184,3.5162829557478332,-0.811714608301821,0.05739835803257676,0.05739835803257676
29,0.7043842943051837,0.5878744705371635,1.4874795161683783,-0.3117305750940512,1.3351727886169238,-0.35043119916575094,0.4140895440693534,4.58016697977199,-0.9598640324869426,1.8101514736425235,0.7256787533321836,3.378343971627758,-0.7079983943939101,0.06201782283277257,0.06201782283277257
30,0.7124812379556981,0.6327981816985864,1.5592003809734667,-0.29360401757629395,1.3184084782435002,-0.33900169987980006,0.4508568318727236,4.648960532493361,-0.8754189048116361,1.8867708138408625,0.7186367951973537,3.2485286162454,-0.6117116597583996,0.06699178300776232,0.06699178300776232
31,0.7205781816062125,0.6802829939810418,1.6335405803048269,-0.27297459234274324,1.3040163277288976,-0.32770135921949567,0.490197082780489,4.716304030961591,-0.7881231637208155,1.9640904336203877,0.7118413129957403,3.1312903711724953,-0.5232577157146999,0.0723408464366262,0.0723408464366262
32,0.728675125256727,0.730330199473368,1.7104414900017562,-0.24978109105502022,1.2932546647989782,-0.3165272906690707,0.5321734495800268,4.790829123883247,-0.6996196786716719,2.0456047226057876,0.7052889052560354,3.0288168795505896,-0.44230754995263316,0.07808570648053026,0.07808570648053026
33,0.7367720689072412,0.7829165122115391,1.789814927857633,-0.2239819034345547,1.2866919476614416,-0.30547670340882926,0.5768310184837371,4.880545353901202,-0.6107636164784611,2.134890868711371,0.6989761947132422,2.94148918761905,-0.3681052922961669,0.08424695351890998,0.08424695351890998
34,0.7448690125577557,0.8379912484486587,1.8715404610836446,-0.1955579641863272,1.2843148165163099,-0.29454689813121626,0.6241937137639934,4.992552524051924,-0.5216736843250479,2.235439419863438,0.6928998280699875,2.8683439693782855,-0.2997143363456661,0.09084486345381093,0.09084486345381093
35,0.75296595620827,0.8954736533230798,1.9554629353426864,-0.1645156286965268,1.2856421622016323,-0.28373526308307756,0.6742611756337257,5.133001681999489,-0.43184607775063144,2.3505778021244286,0.6870564757365742,2.807481366949924,-0.236197042546659,0.09789916406984911,0.09789916406984911
36,0.7610628998587844,0.9552504637730654,2.041390317636261,-0.13088939009013,1.289839426791242,-0.2730392703195861,0.7270056880505779,5.307178449536827,-0.3402844347590034,2.483447007388912,0.6814428315516604,2.7564139636813327,-0.17673511009884824,0.1054287808331793,0.1054287808331793
37,0.7691598435092988,1.0171738039099756,2.1290919503283545,-0.09474434250840358,1.2958374081028845,-0.26245647215640094,0.782369243837155,5.519604182058425,-0.2456217398478768,2.636991221105274,0.6760556124855572,2.712375194800426,-0.12070037859465718,0.11345156446831717,0.11345156446831717
38,0.7772567871598133,1.0810595126688425,2.2182973157157,-0.05617829037801503,1.3024605339842623,-0.2519844978075971,0.840260843545538,5.774082918794002,-0.14622841788639598,2.8139272504538027,0.6708915583280457,2.672604673937113,-0.06768360596858865,0.12198400344652005,0.12198400344652005
39,0.7853537308103276,1.1466860037716242,2.3086954092030636,-0.015323401659815161,1.3085629967315142,-0.2416210501978185,0.9005541311300305,6.073650462607015,-0.0403123708778783,3.016669045864568,0.6659474313625438,2.6346125907792386,-0.017486597316209943,0.13104092532876,0.13104092532876
40,0.793450674460842,1.2137937543046198,2.3999348137890584,0.0276526948201814,1.3131611925929578,-0.231363902937927,0.9630854730093582,6.420402975459036,0.07397761100962919,3.247190293234333,0.6612200160284714,2.5964058976609974,0.029916487524918805,0.1406351917001516,0.1406351917001516
41,0.8015476181113563,1.282085510098656,2.4916245588289114,0.07254646136840037,1.3155429251244817,-0.22121089745419284,1.0276525868346609,6.815198618567537,0.19843220020766966,3.506815409387604,0.6567061185735023,2.556646210112424,0.0744396401365395,0.1507773921771005,0.1507773921771005
42,0.8096445617618708,1.3512272833541348,2.583335831697879,0.11911873501039061,1.3153328114895704,-0.2111599402617593,1.0940138216719417,7.257240602622275,0.33463451001732203,3.795937556319798,0.6524025666974339,2.5147111995061544,0.11595442347298629,0.16147554362687377,0.16147554362687377
43,0.8177415054123851,1.4208502005443204,2.6746045920548505,0.1670958090337904,1.312501203755061,-0.2012090003737753,1.1618881819586018,7.743565839341891,0.48377894907342556,4.113672394207659,0.6483062091893017,2.4706487322139803,0.15435367529614158,0.17273480127396268,0.17273480127396268
44,0.8258384490628996,1.490553236786101,2.7649351151681842,0.2161713584040177,1.3073178862673445,-0.19135610683816667,1.2309561733131187,8.268480320097378,0.6464559015966685,4.4574681108470235,0.6444139155592737,2.425038597227065,0.18959717530762413,0.18455718874170457,0.18455718874170457
45,0.8339353927134139,1.5599068470978374,2.853804463766213,0.2660092304294619,1.3002656128709764,-0.18159934639458247,1.3008615291308783,8.822998977971293,0.8224106444604473,4.82270481121587,0.6407225756668605,2.3787983346547668,0.22173289108718636,0.1969413542574221,0.1969413542574221
46,0.8420323363639284,1.6284574760630384,2.940667857952951,0.3162470941731259,1.29193633515279,-0.17193686124453994,1.3712138532386662,9.394363449804528,1.010294356967953,5.20232890338624,0.6372290993468495,2.332978116499662,0.2508945538059181,0.20988236020632134,0.20988236020632134
47,0.8501292800144427,1.6957328964500065,3.0249648809769543,0.36650091192305845,1.282932549331652,-0.16236684692827674,1.4415921863558494,9.965728979169297,1.207435095135382,5.58658203715234,0.6339304160343427,2.288583251828715,0.27728184683458895,0.22337151293288882,0.22337151293288882
48,0.8582262236649572,1.7612482955953381,3.1061264263867443,0.4163701648039322,1.273789525692854,-0.1528875503022326,1.5115494736651292,10.516139411046833,1.4096678945461296,5.962903652796482,0.6308234743902255,2.2464472029889544,0.3011318483967537,0.2373962391473179,0.2373962391473179
49,0.8663231673154714,1.8245129973086498,3.1835822608327904,0.46544373378450943,1.2649253174231523,-0.1434972676114988,1.5806178786366738,11.020952830103354,1.611277176096718,6.316115003100037,0.6279052419282829,2.2071609288434106,0.32268970600289437,0.2519400144987516,0.2519400144987516
50,0.8744201109659859,1.88503767825215,3.2567690480550473,0.5133063084492526,1.256632691135442,-0.1341943426519262,1.6483148557923095,11.452928228090368,1.8051204193328292,6.629024323711599,0.625172704645153,2.1710772683646,0.34218811390628384,0.26698234883918226,0.26698234883918226
51,0.8825170546165002,1.9423419127467343,3.325138654982233,0.559545170511236,1.2490396591765056,-0.12497716501694113,1.7141498638954271,11.784187811753968,1.9830106538819015,6.883599232817935,0.6226228666542268,2.138258987811473,0.3598203305415384,0.2824988314468728,0.2824988314468728
52,0.8906139982670147,1.9959618602048874,3.388166541809672,0.603757178600103,1.242151818954749,-0.11584416842441948,1.777631572705543,11.989147139351955,2.1364161298902444,7.062781634621099,0.6202527498245832,2.1085659584690095,0.3757376794404885,0.29846123804328184,0.29846123804328184
53,0.8987109419175291,2.0454578961361904,3.445360025647969,0.645555766624412,1.2358715539746314,-0.10679382911927897,1.838275392489203,12.048186911043162,2.2574640908042434,7.152825500923703,0.6180593934258989,2.0816964538565714,0.39004665409269124,0.3148376998708524,0.3148376998708524
54,0.9068078855680435,2.090421981858647,3.4962662027636418,0.6845777609536521,1.230022301699453,-0.09782466434770767,1.8956111373141986,11.951368039270202,2.340108074776862,7.145738057023531,0.6160398537803413,2.0572331516786244,0.4028114517202812,0.3315929334576353,0.3315929334576353
55,0.9149048292185579,2.130484570253061,3.540479318110247,0.7204898223958744,1.2243731591526374,-0.08893523089921321,1.9491906219001494,11.701093601725024,2.381180087063524,7.0411368443942735,0.6141912039222799,2.034686337631781,0.414059980673494,0.3486885280415257,0.3486885280415257
56,0.9230017728690723,2.165320855263248,3.577647382876442,0.7529943276500544,1.2186607289774316,-0.08012412371290394,1.9985949882383538,11.312634598075757,2.380991968045776,6.846813283060767,0.6125105332666557,2.013529938088712,0.42379151986615116,0.36608328602773477,0.36608328602773477
57,0.9310987165195866,2.194656191070571,3.607477860811496,0.7818345213296458,1.2126076935157255,-0.07138997454463712,2.0434415627075735,10.81204093657509,2.34325120663171,6.577646071603399,0.6109949472868156,1.9932303866118442,0.4319850004196067,0.38373361037301135,0.38373361037301135
58,0.939195660170101,2.2182705322159038,3.629742271337486,0.8067987930943215,1.205938812949154,-0.06273145069187158,2.083390056940397,10.231928209481921,2.274295724967799,6.25311196722486,0.6096415672025216,1.973270177121055,0.43860744877725266,0.4015939314896959,0.4015939314896959
59,0.9472926038206153,2.2360017772652205,3.644279590727069,0.8277239638033718,1.1983958693036365,-0.05414725377325272,2.118147945733094,9.606415410536414,2.181901811755503,5.894158611145959,0.6084475296788385,1.953169113065891,0.443622625541382,0.4196171651947991,0.4196171651947991
60,0.9553895474711298,2.247747934450807,3.6509983704013487,0.8444974985002651,1.1897533497749153,-0.04563611856013409,2.147474881924123,8.966640763820685,2.0740369966707655,5.520338880245725,0.6074099865365072,1.9325065211411618,0.44700017840866857,0.4377551924360803,0.4377551924360803
61,0.9634864911216441,2.2534680663661724,3.649877531927989,0.8570586008043557,1.1798362387818846,-0.03719681185740804,2.17118604011782,8.33780553717138,1.957870609344024,5.147838073257702,0.6065261044744757,1.9109468838528862,0.4487255937108828,0.4559593510377056,0.4559593510377056
62,0.9715834347721586,2.253182010425162,3.6409658397060305,0.865398181144293,1.1685401652199796,-0.02882813143116458,2.1891543168557166,7.7379721833357875,1.8391897501967749,4.788580966766281,0.6057930648050797,1.8882694803193314,0.4488108501206277,0.47418092953726787,0.47418092953726787
63,0.9796803784226729,2.246968910578161,3.624380092732032,0.8695577284242901,1.1558525577112093,-0.020528904980853212,2.201311352619194,7.178280204320184,1.7222059686782425,4.4502430864992135,0.6052080632024389,1.864400072729082,0.4473050426933368,0.49237165333356825,0.49237165333356825
64,0.9877773220731874,2.234964631980341,3.6003021144839056,0.8696271494767767,1.1418718728944874,-0.012297989153742488,2.207647379105828,6.66401326106208,1.6096445998181417,4.136828930440111,0.6047683094645668,1.8394401681466437,0.444303577642331,0.510484153816035,0.510484153816035
65,0.9958742657237019,2.217358162402565,3.5689746532815825,0.865741671523548,1.1268209975859953,-0.00413426859961255,2.2082099318291113,6.195995411184846,1.5029894984261707,3.8494924548055085,0.6044710272896512,1.813687859435564,0.4399541357364265,0.528472411874094,0.528472411874094
66,1.0039712093742161,2.194387130925458,3.5306963332247765,0.8580779286261391,1.111051110722828,0.003963344936279855,2.2031015016704485,5.771965119996546,1.4027816064672158,3.587373363231881,0.6043134540669175,1.7876444987170585,0.4344577227285976,0.5462921681493047,0.5462921681493047
67,1.0120681530247306,2.1663325949669883,3.4858158170605478,0.8468493728734288,1.095033785300803,0.011995913483806228,2.1924762282255115,5.387752589119043,1.3089087722196773,3.3483306806693602,0.6042928406825322,1.7620037190436078,0.42806385155799814,0.5639012935470846,0.5639012935470846
68,1.020165096675245,2.1335132604469043,3.4347253565767364,0.8323011643170719,1.0793415482182827,0.01996447368388073,2.176535761601733,5.038212243094262,1.220857413817563,3.129534828455913,0.6044064513408778,1.7376230337071241,0.42106006272944096,0.5812601148152463,0.5812601148152463
69,1.0282620403257594,2.0962793067473413,3.377853913211694,0.8147047002829888,1.0646196951198905,0.027870037591335065,2.1555244370486895,4.717929411666943,1.1379175553609928,2.9279234835139674,0.6046515634015999,1.7154821839189172,0.41375720632086394,0.5983316913677397,0.5983316913677397
70,1.0363589839762737,2.0550059883080216,3.3156600317486733,0.7943519448673699,1.0515539756767678,0.03571359344630216,2.1297239181080596,4.421742080122455,1.0593424498936699,2.740542265008063,0.6050254672327445,1.6966351963035131,0.4064727550500223,0.6150820409287172,0.6150820409287172
71,1.044455927626788,2.010087178728284,3.2486246437706114,0.771549713685957,1.040839224828103,0.043496106415585704,2.099447468869363,4.14511363157238,0.9844662238119907,2.564789927692185,0.6055254660803215,1.6821638343660845,0.3995146152901216,0.6314803129423889,0.6314803129423889
72,1.0525528712773025,1.9619290119238522,3.177243965796984,0.7466140580507203,1.0331530615810853,0.0512185193054011,2.0650340147426918,3.8843770306338907,0.9127818099775995,2.398579420305745,0.6061488759545764,1.6731386868245104,0.39316743633766027,0.6474989099915853,0.6474989099915853
73,1.0606498149278167,1.910943759174022,3.102022640705324,0.7198648776427197,1.029136838630049,0.05888175324680614,2.026842144505393,3.6368571022338902,0.8439802013528748,2.2404186517933824,0.6068930255332919,1.6705911717643567,0.38768250549574146,0.6631135586532417,0.6631135586532417
74,1.0687467585783312,1.8575440618766343,3.023467251264782,0.6916208724884867,1.02938374049182,0.06648670835506988,1.98524419504708,3.4008730416399287,0.777952788904077,2.089412915272003,0.607755256082361,1.6754962061126932,0.38327127487094675,0.678303332261371,0.678303332261371
75,1.0768437022288457,1.802137618622412,2.942080312527435,0.662194924717389,1.0344318314325849,0.07403426436415482,1.940620545163234,3.175630156524913,0.7147616478979706,1.9451959022114418,0.6087329213939171,1.6887619982295938,0.38010166463557593,0.6930506289255318,0.6930506289255318
76,1.08494064587936,1.7451224029001526,2.8583548265593954,0.6318899792409096,1.0447582060441751,0.08152528123743598,1.8933542269410324,2.9610243733941872,0.6545869016856998,1.8078056375399436,0.6098233877422483,1.711220746390684,0.37829566569766604,0.7073411088526942,0.7073411088526942
77,1.0930375895298745,1.6868824653593566,2.772769459585318,0.6009954711333951,1.060769177853737,0.08896059975571505,1.8438259437566031,2.75739750268771,0.5976636122779885,1.677530557482849,0.6110240338577556,1.7436119234280438,0.37792643227943,0.7211635955381397,0.7211635955381397
78,1.1011345331803888,1.627784352973142,2.6857843789855584,0.5697843269607252,1.0827804926115046,0.09634104208353295,1.792409563629422,2.565287906305222,0.5442212169342834,1.5547545616197527,0.6123322509191662,1.7865480323696479,0.3790129528533613,0.7345099457303015,0.7345099457303015
79,1.1092314768309033,1.5681741573927188,2.5978377664786816,0.538510548306756,1.1109807554419224,0.10366741231473983,1.7394681365327829,2.3852164263143143,0.49443588130827315,1.4398261538112938,0.6137454425642198,1.8404510434712273,0.3815104674126174,0.7473748932448498,0.7473748932448498
80,1.1173284204814176,1.508375186827815,2.5093430048329317,0.5074073688226985,1.1453707572787073,0.11094049699822163,1.6853504649916857,2.2175332666997054,0.4484013217666171,1.3329672942331612,0.6152610249190482,1.9054464186473064,0.3852950959101083,0.759755871720116,0.759755871720116
81,1.125425364131932,1.4486862403147525,2.420686518987081,0.4766859616424237,1.1856718258114702,0.11816106564464902,1.63038823951915,2.0623338381975302,0.40611850447296477,1.2342261713352474,0.6168764266464346,1.9812018122440622,0.39014183937887814,0.771652821287877,0.771652821287877
82,1.1335223077824463,1.3893804504693885,2.3322262387668884,0.44653466217188853,1.2311991451977304,0.12532987121505906,1.574893734603876,1.9194364752540527,0.36750076120022485,1.1434686182271387,0.6185890890131456,2.066701709101654,0.39569658129380697,0.7830679839019712,0.7830679839019712
83,1.1416192514329608,1.3307046508396079,2.244290639543896,0.4171186621353197,1.280687654950636,0.13244765059205135,1.5191580473698727,1.7884059618200707,0.33238899142796474,1.0603974766240176,0.6203964659765151,2.159934824283989,0.401440485617283,0.794005691744526,0.794005691744526
84,1.1497161950834751,1.2728792167166683,2.1571783091562513,0.3885801242770852,1.3321022385256953,0.13951512503432997,1.463449849844322,1.6686043080708126,0.3005715691870845,0.9845879386289484,0.6222960242904606,2.257544955395207,0.4066595216561837,0.8044721527382315,0.8044721527382315
85,1.1578131387339896,1.2160983235763143,2.0711579840417924,0.3610386631108363,1.3826027734519961,0.14653300061529861,1.4080146170290353,1.5592524036612858,0.2718046656062666,0.9155285346337763,0.6242852436310855,2.354734578181274,0.41047096872271804,0.814475236754588,0.814475236754588
86,1.1659100823845039,1.1605305649609723,1.9864689945878977,0.33459213533404697,1.4284294733947458,0.15350196864636956,1.353074286603382,1.45949061669518,0.24583020589322238,0.8526604112942011,0.6263616167420114,2.4450289768538798,0.41182996993561216,0.8240242656421941,0.8240242656421941
87,1.1740070260350184,1.1063198712908133,1.9033220588886397,0.30931768369298696,1.4651048182419555,0.16042270608562711,1.298827301937572,1.3684311570489143,0.22239008570038835,0.7954106213746512,0.6285226495996089,2.5205787146264926,0.4096309218574184,0.8331298097235709,0.8331298097235709
88,1.1821039696855327,1.0535866724817695,1.8219003650943382,0.28527297986920086,1.487906315673934,0.16729587593244416,1.245448987948471,1.2851989723867603,0.20123632861702714,0.7432176505018937,0.6307658615982198,2.572941676802976,0.402870954544892,0.8418034929388878,0.8418034929388878
89,1.1902009133360472,1.0024292500193184,1.7423608850017696,0.2624976150368672,1.492632657604726,0.17412212760863205,1.1930922089277616,1.2089607294958948,0.18213753011654718,0.695549129806221,0.6330887857555271,2.59440230643369,0.390863008775762,0.8500578083625843,0.8500578083625843
90,1.1982978569865614,0.9529252279621234,1.6648358651369142,0.24101459078733267,1.4765120321109297,0.18090209732666698,1.141888258535443,1.138943132309654,0.16488226780306625,0.65191270005636,0.6354889689381389,2.579583491163662,0.3734405730581974,0.8579059453941367,0.8579059453941367
91,1.206394800637076,0.9051331569225027,1.5894344460079928,0.2208318678370127,1.4389524295552234,0.18763640844551988,1.0919479343955298,1.0744426945987977,0.14928025986099225,0.6118614772298949,0.6379639721075185,2.5268332512293377,0.35107160788110925,0.8653616295341642,0.8653616295341642
92,1.2144917442875902,0.8590941501141796,1.5162443651715152,0.20194393505684405,1.3818110434642277,0.1943256718145821,1.0433627528794347,1.014829377372559,0.13516201120702545,0.5749956942897922,0.6405113705862798,2.438805115953758,0.3248169709746975,0.8724389753065486,0.8724389753065486
93,1.2225886879381047,0.8148335358290248,1.4453337050033028,0.18433336665474687,1.3090329813457204,0.20097048610616716,0.9962062634571741,0.9595464106285688,0.12237756562401485,0.5409619881262918,0.6431287543449699,2.3219337517508882,0.2961322109405526,0.8791523525789408,0.8791523525789408
94,1.230685631588619,0.7723624960002335,1.3767526513876476,0.16797234061281963,1.2257939280478227,0.20757143813703538,0.9505354262054097,0.9081082690719895,0.11079482674838806,0.5094515479101888,0.6458137283093154,2.1850038670109235,0.2665839890847221,0.8855162662688374,0.8855162662688374
95,1.2387825752391335,0.7316796656634255,1.310535234751554,0.15282409657529694,1.137485629950313,0.21412910317937872,0.9063920204806464,0.8600982424692817,0.10029775116751229,0.48019799681839703,0.6485639126879924,2.037387489403301,0.2375837704973255,0.8915452491997794,0.8915452491997794
96,1.2468795188896478,0.6927726730128505,1.2467010298391352,0.13884431618656579,1.048882814745219,0.2206440452616725,0.8638040572261583,0.8151664046275126,0.09078457410384302,0.4529754893656778,0.6513769433208932,1.8875503267710145,0.2102153027194231,0.8972537676903254,0.8972537676903254
97,1.2549764625401623,0.6556196042733355,1.1852567952365538,0.12598241331011728,0.9636695310418892,0.2271168174597931,0.8227871717429317,0.7730281258731747,0.08216611728824806,0.4275971215807114,0.6542504720478668,1.7421624560720539,0.1851766060117245,0.9026561393147168,0.9026561393147168
98,1.2630734061906765,0.6201903817084695,1.1261980378451002,0.11418272557183884,0.8843196080306174,0.2335479621787713,0.7833459779112124,0.7334626985239541,0.07436415906299065,0.40391342879347236,0.657182167097881,1.6058278824778311,0.16281133358340363,0.9077664621652825,0.9077664621652825
99,1.271170349841191,0.5864480467261124,1.0695104912085782,0.10338560224364657,0.8122193522176816,0.23993801142554652,0.7454753687205155,0.6963112675698019,0.06730982102418809,0.38181054429699496,0.6601697134985193,1.4812516184662856,0.14318708596907762,0.9125985548690467,0.9125985548690467
100,1.2792672934917053,0.5543499432112649,1.015171499802383,0.09352838662014656,0.7479030942390379,0.2462874870730588,0.7091617514991553,0.6614731718925743,0.060941937959907704,0.36120755492624096,0.6632108135056939,1.369622050445731,0.12618413803234463,0.9171659065608027,0.9171659065608027
101,1.2873642371422198,0.5238487989180385,0.963151304074223,0.08454629376185402,0.6913055518983551,0.2525969011160118,0.6743842093969887,0.6289000366336451,0.055205414787011915,0.3420527257103286,0.6663031870534398,1.2710382178977322,0.11157288589897794,0.9214816359883888,0.9214816359883888
102,1.295461180792734,0.4948937050062929,0.9134142231905267,0.07637318682205918,0.6419791998610405,0.25886675591861535,0.6411155834543433,0.5985874571748981,0.05004961663118758,0.3243185369030428,0.669444572223599,1.1848866255797126,0.09907177414236834,0.9255584589192258,0.9255584589192258
103,1.3035581244432486,0.46743099564285706,0.8659197341002234,0.06894225718549074,0.5992589370090545,0.26509754445461226,0.609323471986843,0.5705647336761855,0.045426867018972174,0.3079958003475789,0.6726327257352004,1.1101320713197609,0.08838580269834823,0.9294086630268729,0.9294086630268729
104,1.3116550680937629,0.44140503103829776,0.8206234466969481,0.062186615379647425,0.5623758941567893,0.2712897505398706,0.578971146043468,0.5448836587952839,0.04129113133745342,0.29308739506636866,0.6758654234532204,1.0455223936090148,0.0792293947045639,0.9330440894591527,0.9330440894591527
105,1.3197520117442774,0.4167588883966169,0.7774779755687726,0.05603980122446123,0.5305305178941724,0.277443849057822,0.5500183813737439,0.5216076582666955,0.03759693573961142,0.2796022970031535,0.6791404609165224,0.98972284578433,0.0713381900040149,0.9364761203224097,0.9364761203224097
106,1.3278489553947919,0.393434966059812,0.7364337091055355,0.050436223014088455,0.5029367971170253,0.2835603061780027,0.5224222086983067,0.5008025494279854,0.0342985237593927,0.26755053659368905,0.6824556538845291,0.941399831987079,0.06447376224697157,0.9397156713569486,0.9397156713569486
107,1.3359458990453061,0.37137550667166486,0.6974394766366219,0.0453115367067079,0.47884819979425136,0.28963957956795316,0.4961375851438834,0.48252984593502163,0.03134919883171234,0.256939522383367,0.6858088389023262,0.8992721163707595,0.05842428321774318,0.9427731891245564,0.9427731891245564
108,1.3440428426958206,0.3505230455065933,0.660443113863834,0.040602977149352626,0.45757355647498876,0.2956821185987158,0.4711179905130782,0.46684301801835865,0.028700755591256438,0.24777188680480755,0.689197873883711,0.8621438970534282,0.05300321589654942,0.9456586520781562,0.9456586520781562
109,1.352139786346335,0.3308207902466309,0.625391926232215,0.03624965426104687,0.43848864254580144,0.30168836454415937,0.4473159526430052,0.45378656891729463,0.02630287591121016,0.2400447224142524,0.6926206387117195,0.8289299369251497,0.04804734816645323,0.948381574934515,0.948381574934515
110,1.3602367299968494,0.3122129384772072,0.5922330491876648,0.03219282776674959,0.421046843407173,0.3076587507743559,0.42468350649694386,0.44339733243321794,0.024102359662024914,0.23374984604762145,0.696075035856091,0.798678802800722,0.043414884013624096,0.9509510158221863,0.9509510158221863
111,1.3683336736473637,0.2946449390415251,0.560913703702238,0.028376174380812247,0.40479009210435624,0.31359370294321587,0.4031725918602936,0.4357070912627747,0.02204207228139369,0.2288745817720842,0.6995589910070924,0.7705963337528272,0.03898385045588533,0.9533755857274409,0.9533755857274409
112,1.3764306172978782,0.2780637031710582,0.5313813452731343,0.02474606106898214,0.3893593428009325,0.3194936391705913,0.3827353946038736,0.4307454505963047,0.020059517181890214,0.22540248388909748,0.7030704537250368,0.7440679564169654,0.03465072918489953,0.9556634598099706,0.9556634598099706
113,1.3845275609483925,0.26241777102013986,0.5035837051628372,0.021251836877442476,0.37450242703181397,0.3253589702190356,0.363324636460028,0.428541820650669,0.01808497926811457,0.22331339995939176,0.7066073981047793,0.7186758696410158,0.030328984422612112,0.9578223902070346,0.9578223902070346
114,1.392624504598907,0.24765743889552416,0.47746872434217524,0.01784615344887311,0.3600765691735854,0.331190099665412,0.3448938181521134,0.429125295147718,0.016039240845670356,0.22258226799669417,0.7101678234544883,0.694206081253011,0.025947057094159884,0.9598597199890169,0.9598597199890169
115,1.4007214482494212,0.23373485210507527,0.45298438383581163,0.014485320374338917,0.3460433535890919,0.3369874240675256,0.32739742054698534,0.4325211042262665,0.013830955297680159,0.22317602976197332,0.713749754987771,0.6706412582217942,0.02144544895638949,0.961782397970717,0.961782397970717
116,1.4088183918999355,0.22060406796629495,0.43007844027436326,0.011129695658226635,0.33245545518771785,0.34275133312595485,0.3107910682788597,0.43874215249700893,0.011353897736914852,0.2250480251169619,0.7173512445283494,0.6481382004690988,0.01677270990633694,0.9635969941210036,0.9635969941210036
117,1.41691533555045,0.20822109312752812,0.4086980825300651,0.007744103724991097,0.3194370335242265,0.3484822098412446,0.295031660037473,0.4477739733340293,0.008484522543839003,0.22812924793893416,0.7209703712262956,0.6269936495361887,0.011880417512264143,0.9653097153485958,0.9653097153485958
118,1.4250122792009643,0.19654389897087843,0.38878953404732786,0.0042982638944290275,0.3071610966352832,0.3541804306666207,0.2800774694355355,0.45955138720302047,0.0050805717805383795,0.23231597949177943,0.7246052422848029,0.6076048163468681,0.006717376923698271,0.9669264214737072,0.9669264214737072
119,1.4331092228514788,0.18553241849280844,0.3702976349925739,0.0007672019930429763,0.29582162447646937,0.35984636565637884,0.26588822007998403,0.47392554095525713,0.000981903704521748,0.23745372232988948,0.7282539936964525,0.5904199859688886,0.0012232629840501722,0.9684526412242092,0.9684526412242092
120,1.441206166501993,0.17514852770179823,0.35316544709727815,-0.0028683916936816656,0.2856147527103169,0.3654803786100919,0.2524251381775768,0.49062130887905947,-0.0039848011709488675,0.24331825385405528,0.731914790987778,0.5759069925512255,-0.004677487130591534,0.9698935881208697,0.9698935881208697
121,1.4493031101525076,0.16535601423516,0.3373339299567919,-0.006621901486471932,0.2767250532589268,0.3710828272127798,0.2396509857134397,0.5091878868501478,-0.009995413225282062,0.2495962368124329,0.7355858299709606,0.5645319292746196,-0.01108182275676596,0.9712541761393718,0.9712541761393718
122,1.4574000538030218,0.1561205355821541,0.32274173830083297,-0.010500667136524727,0.2693185641708338,0.3766540631711717,0.227530076957188,0.5289503443734517,-0.01720983324703559,0.2558702555632081,0.7392653375013426,0.5567514948181811,-0.018114366476513467,0.9725390350572503,0.9725390350572503
123,1.4654969974535363,0.1474095690088072,0.30932518355702954,-0.014506045539415119,0.26354220189554733,0.382194432346197,0.2160282807783268,0.5489767290287635,-0.025744691524290937,0.2616160187522363,0.7429515722394617,0.5530186440711551,-0.025934240280060347,0.9737525254119186,0.9737525254119186
124,1.4735939411040508,0.13919235501219274,0.2970183892800356,-0.018633679255650126,0.25952819266602983,0.3877042748818226,0.20511301099397128,0.5680821015444797,-0.035639071697595434,0.2662215149234421,0.7466428254161415,0.553799422042041,-0.03474303670998135,0.9748987530116964,0.9748987530116964
125,1.4816908847545651,0.13143983588792674,0.28575364988536645,-0.022873978109512944,0.2574019107305362,0.3931839253303631,0.194753206728777,0.5848930341437888,-0.046819456076164626,0.26903678903381206,0.7503374215992465,0.5595985036182944,-0.044794682157221925,0.975981582955429,0.975981582955429
126,1.4897878284050796,0.12412459077430782,0.2754619786177912,-0.027212797069175537,0.2572916600361668,0.3986337127743755,0.1849193045413252,0.5979871883928518,-0.05907495506042413,0.26945611666621383,0.7540337194604746,0.5709913669265333,-0.05640804685419962,0.9770046531280867,0.9770046531280867
127,1.497884772055594,0.11722076833797457,0.26607380804751357,-0.03163227137156441,0.2593392627658828,0.40405396094524887,0.1755832038621086,0.6060985500851052,-0.07205622362791954,0.2670211632285928,0.7577301125406986,0.5886617721306899,-0.06998324659892431,0.9779713871498752,0.9779713871498752
128,1.5059817157061084,0.11070401808926489,0.2575197889637704,-0.03611175278524065,0.26371062821454205,0.40944498833860027,0.1667182270976312,0.6083450086131676,-0.08530763654153374,0.26151868603581696,0.7614250300121569,0.6134439065305939,-0.08602265010150983,0.9788850067649549,0.9788850067649549
129,1.5140786593566227,0.10455142115804439,0.24973162449539826,-0.040628782179309486,0.27060562862163945,0.41480710832657364,0.15829907558080147,0.6044090482553122,-0.09833117298775002,0.2530389376337811,0.7651169374358051,0.6463688631369772,-0.10515760589369834,0.9797485436631639,0.9797485436631639
130,1.5221756030071372,0.09874142122213636,0.24264287674797844,-0.045160034303705715,0.28026650827716865,0.4201406292671469,0.15030178239058714,0.5946058364404601,-0.11066642602793214,0.24196970520626399,0.768804337512005,0.6887147357489896,-0.12818171919465224,0.980564850734185,0.980564850734185
131,1.5302725466576517,0.09325375615839498,0.23618969212484028,-0.049682179808050314,0.29298362151272694,0.42544585461053697,0.14270366292189876,0.5798120809566628,-0.12196268093589324,0.2289247000103848,0.7724857708229893,0.7420581670208911,-0.15609092399543714,0.9813366127586317,0.9813366127586317
132,1.538369490308166,0.08806939088045035,0.23031140607157088,-0.05417262431067019,0.30909646298573124,0.4307230830027985,0.13548326396050905,0.5612837832102817,-0.1320221869952602,0.21463079810751073,0.7761598165648729,0.808322168352767,-0.1901292423813045,0.9820663565446369,0.9820663565446369
133,1.5464664339586804,0.08317045173415655,0.2249510048736762,-0.0586101014053631,0.32898667639546775,0.4359726083867039,0.12862031190405362,0.5404288876418286,-0.14080662553546888,0.19981113105317988,0.7798250932677603,0.889809805070694,-0.23183645227975846,0.9827564605218273,0.9827564605218273
134,1.5545633776091947,0.07854016274250475,0.22005543825019777,-0.06297511276518827,0.3530580815489615,0.44119472009998706,0.12209566067096402,0.5186030694051691,-0.1484129955426536,0.18509503693125773,0.783480259501639,0.9892053714956828,-0.2830892083977597,0.9834091638072068,0.9834091638072068
135,1.5626603212597092,0.07416278392272063,0.21557578966722912,-0.06725022182178786,0.3816971527159671,0.44638970297103825,0.11589123975019303,0.4969706459407563,-0.15503311494311842,0.17096876549881893,0.7871240145664125,1.1095142436430128,-0.34611993821107845,0.9840265747594787,0.9840265747594787
136,1.5707572649102235,0.0700235518400335,0.21146732050198247,-0.07142021682191546,0.4152069227211495,0.4515578374121229,0.10999000276755028,0.4764392771454456,-0.1609108981729657,0.15776418948623996,0.790755099163927,1.2539023384917343,-0.4234884930494352,0.9846106790398688,0.9846106790398688
137,1.578854208560738,0.0661086225128723,0.20768940936723304,-0.07547216434148843,0.4537102191499684,0.45669939951020705,0.10437587687660159,0.45765386534661473,-0.166306639525773,0.14567361291042089,0.794372296050067,1.4253936000676266,-0.5179731617676898,0.9851633471985989,0.9851633471985989
138,1.5869511522112523,0.06240501674237825,0.2042054096534282,-0.0793953761686717,0.49702784214987844,0.46181466111545694,0.09903371322307965,0.44102660785327424,-0.17147182090000102,0.13477739347663664,0.7979744306649207,1.6264040843763001,-0.6323484000765432,0.9856863418068719,0.9856863418068719
139,1.5950480958617668,0.058900567904362766,0.2009824475606675,-0.08318131175194196,0.5445566914647022,0.4669038899274891,0.09394923868103053,0.42678235559781,-0.17663391307090956,0.12507422126345022,0.8015603717389101,1.8581541839091233,-0.7690408009797189,0.9861813241546683,0.9861813241546683
140,1.603145039512281,0.05558387221260441,0.1979911805115545,-0.08682343608634568,0.5951997722251507,0.47196734957943465,0.08910900901452128,0.41500504202067834,-0.18198873125710158,0.11650815538178841,0.8051290318731472,2.1201168765702354,-0.9297173321199337,0.9866498605347885,0.9866498605347885
141,1.6112419831627953,0.05244424143907134,0.19520553264877286,-0.09031704977063018,0.6474204513311145,0.4770052997198877,0.08450036358175775,0.4056775914481549,-0.1876975653327248,0.10899001305771505,0.8086793680916519,2.4097984942088435,-1.1149575915466143,0.9870934281335642,0.9870934281335642
142,1.6193389268133098,0.04947165805706327,0.19260242072949038,-0.09365910461536384,0.6994805801832211,0.48201799609279905,0.08011138166579987,0.3987125620573975,-0.19388677161873152,0.10241289521933301,0.8122103823636666,2.7232087681630075,-1.324247607796565,0.9875134205484101,0.9875134205484101
143,1.627435870463824,0.04665673275803123,0.19016148051227008,-0.09684801499620763,0.7498550137470998,0.4870056906153769,0.07593084048906457,0.393973656409317,-0.20064824106992749,0.09666270766969476,0.8157211220942442,3.0562264255238034,-1.556516398029604,0.9879111529520596,0.9879111529520596
144,1.6355328141143386,0.04399066428099119,0.18786480090780933,-0.09988347234582695,0.7977134631910557,0.491968631454056,0.07194817494624864,0.39128965041621555,-0.2080398711610468,0.09162488962758437,0.8192106805807864,3.4066837451378014,-1.81125681875569,0.9882878669228625,0.9882878669228625
145,1.6436297577648529,0.04146520148392083,0.1856966708237683,-0.10276626785592666,0.8432966273670413,0.49690706309858906,0.0681534390706876,0.3904628375583371,-0.21608577242823276,0.08718853256505217,0.8226781974341065,3.776597498982274,-2.0900042442481914,0.9886447349599603,0.9886447349599603
146,1.6517267014153674,0.039072607580017016,0.18364334177446442,-0.1054981266144304,0.8880551768942154,0.5018212264343196,0.06453726923383858,0.391274191120627,-0.22477642672445936,0.08324888219808384,0.8261228589617785,4.173906746074812,-2.397796392286381,0.9889828647015653,0.9889828647015653
147,1.6598236450658816,0.03680562645664459,0.1816928079126008,-0.10808155499931163,0.9345507248819184,0.5067113588126857,0.06109084906420108,0.39348735036924853,-0.23406938991732026,0.07970898022596411,0.8295438985122865,4.613456193730883,-2.744354743967046,0.9893033028639071,0.9893033028639071
148,1.6679205887163961,0.03465745099180545,0.17983460410302288,-0.11051970211941198,0.9862407019197238,0.51157769412001,0.05780587606166179,0.3968533166042424,-0.2438913831682537,0.07648096671799436,0.8329405967781817,5.1175202187245885,-3.1450388148851407,0.9896070389177113,0.9896070389177113
149,1.6760175323669104,0.0326216932812842,0.17805962192855854,-0.11281623536599014,1.0473055416938744,0.5164204628446225,0.054674529874928164,0.4011173817737607,-0.25414269929054795,0.07348734124160637,0.8363122820565132,5.7165281761963245,-3.621917092808576,0.9898950085183962,0.9898950085183962
150,1.684114476017425,0.030692356688800243,0.17635994303126679,-0.1149752296536663,1.1226295004061089,0.5212398921423675,0.05168944220269873,0.4060292492562483,-0.26470470208229996,0.07066227358697418,0.8396583304650793,6.450689881663176,-4.205430880850959,0.9901680967054199,0.9901680967054199
151,1.6922114196679394,0.02886380963214366,0.17472868888431964,-0.11700106962003232,1.217945400237039,0.5260362059005381,0.04884366827463497,0.41135651758934244,-0.275450773770694,0.06795287190932423,0.8429781661130187,7.37290072337207,-4.9370099228979925,0.9904271408855353,0.9904271408855353
152,1.7003083633184537,0.027130761019018734,0.1731598859194707,-0.11889836388143324,1.3403691294332185,0.5308096248002852,0.046130659863831844,0.416900749057949,-0.28626039281976917,0.0653201781190899,0.8462712612244164,8.554797463290285,-5.8740592044238475,0.9906729336139577,0.9906729336139577
153,1.7084053069689682,0.025488237248328355,0.1716483448562102,-0.12067187035955348,1.4989742313461163,0.5355603663775447,0.043544239780328294,0.42251442301833825,-0.29703523050118014,0.06273959625857906,0.8495371362135262,10.094713231278696,-7.096764768586464,0.9909062251867758,0.9909062251867758
154,1.7165022506194825,0.02393156069444513,0.17018955306872235,-0.12232643167983209,1.7058345822629062,0.5402886450825232,0.04107857779285181,0.42811645457610403,-0.3077154695304288,0.060200492522837615,0.8527753597106309,12.131061106761882,-8.719391942236069,0.9911277260572255,0.9911277260572255
155,1.724599194269997,0.022456329594711416,0.1687795788561641,-0.12386691966674127,1.9774837840096524,0.5449946723377852,0.038728167925300795,0.4337039048239874,-0.3182942338288863,0.057704835497550545,0.8559855485375225,14.86257488573043,-10.907607317711125,0.9913381090878165,0.9913381090878165
156,1.7326961379205112,0.02105839926304992,0.16741498654085868,-0.12529818801475884,2.3370630035233866,0.5496786565949786,0.03648780707387474,0.4393581313717132,-0.3288282541956932,0.055264938588009994,0.8591673676314322,18.57972994018254,-13.905603933135765,0.9915380116495881,0.9915380116495881
157,1.7407930815710257,0.01973386455532665,0.16609276139065626,-0.12662503228000294,2.817536868739115,0.5543408033902388,0.03435257489057232,0.44524479812004064,-0.3394436726947284,0.05290056271265612,0.8623205299171997,23.714183176682717,-18.079109439204483,0.9917280375791979,0.9917280375791979
158,1.74889002522154,0.01847904351538865,0.16481024343963907,-0.12785215640886177,3.466591367263002,0.558981315398307,0.03231781487969799,0.4516085347041417,-0.35033699246805294,0.050635771118044376,0.8654447961264418,30.917713174309306,-23.984530439783303,0.9919087590039057,0.9919087590039057
159,1.7569869688720545,0.017290462133488657,0.1635650693614794,-0.12898414509450212,4.354211454594418,0.5636003924853986,0.030379116654315273,0.4587641879688248,-0.36177227091414677,0.04849595852733903,0.8685399745636826,41.19015981683226,-32.48173690764343,0.9920807180439482,0.9920807180439482
160,1.7650839125225688,0.01616484015190557,0.16235512162636895,-0.13002544132255783,5.584577415073868,0.5681982317608557,0.028532299300627402,0.46708722869016905,-0.3740764223400127,0.04650540317507819,0.8716059208191065,56.089929559204926,-44.9207747290572,0.9922444284012337,0.9922444284012337
161,1.7731808561730833,0.015099077855767279,0.16117848424382072,-0.13098032853228617,7.315006963071215,0.572775027627619,0.026773395799713468,0.4770058823643031,-0.387634785604486,0.04468554837990856,0.8746425374275368,78.08567819858422,-63.45566427244179,0.9924003768427181,0.9924003768427181
162,1.7812777998235978,0.014090243789867951,0.16003340445898606,-0.13185291687925016,9.786540271568073,0.5773309718315479,0.025098638456994095,0.4889970818735852,-0.4028889581424719,0.04305406186555663,0.8776497734738243,111.1530347445242,-91.57995420138806,0.9925490245863827,0.9925490245863827
163,1.789374743474112,0.013135563345248569,0.15891825983057087,-0.13264713314007373,13.374021927959816,0.5818662535096242,0.023504445291292107,0.5035876510643273,-0.4203384700389018,0.041624590512712785,0.8806276241448638,161.8032082724543,-135.05516441653467,0.992690808597148,0.992690808597148
164,1.7974716871246266,0.012232408162201634,0.15783153016945922,-0.13336671384505594,18.669279760331975,0.5863810592370662,0.021987407336909626,0.5213614744793029,-0.44054737670009797,0.040407048889602455,0.883576130228385,240.8847834917708,-203.54622397110683,0.9928261427996582,0.9928261427996582
165,1.8055686307751408,0.011378286298898893,0.15677177386544885,-0.13401520126765107,26.621272855585694,0.5908755730733845,0.02054427681327042,0.5429729512185205,-0.4641564456806701,0.039408252768925185,0.8864953775593525,366.79198066321896,-313.5494349520476,0.9929554192143757,0.9929554192143757
166,1.8136655744256553,0.010570833117786893,0.1557376081675913,-0.13459594193201752,38.775693297347765,0.595349976607408,0.019171956118728708,0.5691668173162383,-0.4919013769024194,0.03863272020690948,0.8893854964138846,571.2732063670428,-493.7218197723473,0.993079009023058,0.993079009023058
167,1.8217625180761694,0.009807802843769496,0.15472769302497827,-0.13511208733743926,57.690689010541256,0.5998044490013057,0.01786748760546013,0.6008044051490734,-0.524637417350463,0.03808349389930516,0.8922466608529116,910.1271061227607,-794.7457281016781,0.9931972635691364,0.9931972635691364
168,1.829859461726684,0.009087060751584511,0.1537407181169158,-0.13556659661374681,87.66901921469369,0.6042391670336343,0.016628044095572107,0.6388964848004115,-0.5633707393444803,0.037762872727965614,0.8950790880148454,1483.2406582428193,-1307.9026198134322,0.9933105152983905,0.9933105152983905
169,1.8379564053771984,0.008406575940911085,0.15277539274045993,-0.13596224085863778,136.0670950315281,0.6086543051414335,0.015450920097887377,0.6846428587064752,-0.6092969266047513,0.0376729660508619,0.8978830373597981,2472.790828110008,-2200.6566380469526,0.9934190786445993,0.9934190786445993
170,1.8460533490277127,0.007764414660745705,0.15183043823875142,-0.13630160891726,215.6713108878422,0.6130500354613968,0.01433352368770948,0.7394786779611643,-0.6638466880245761,0.03781599496829413,0.9006588098662035,4217.377752012301,-3786.035130236617,0.9935232508647867,0.9935232508647867
171,1.8541502926782272,0.007158734146389997,0.15090458267924128,-0.13658711438646126,349.078363833561,0.6174265278701427,0.013273369012734633,0.8051267796985145,-0.7287382636220755,0.03819425803821952,0.9034067471810658,7358.497150396355,-6660.340422729232,0.9936233128282129,0.9936233128282129
172,1.8622472363287415,0.00658777693424549,0.14999655751099072,-0.13682100364249972,576.894530063295,0.621783950023606,0.012268069389348893,0.8836538825354754,-0.806034572308344,0.038809655113565746,0.9061272307257185,13135.264660615845,-11981.475600489253,0.9937195297629441,0.9937195297629441
173,1.870344179979256,0.006049865621489136,0.1491050959485875,-0.13700536470560926,973.321336494806,0.6261224673955771,0.01131533095480879,0.9775257770163174,-0.8982005258588435,0.03966262557873694,0.9088206807591582,23988.49500910788,-22041.85233611827,0.9938121519635338,0.9938121519635338
174,1.8784411236297702,0.0055433980396456545,0.14822893284528713,-0.13714213676599582,1676.2402301257966,0.6304422433154068,0.010412946842319049,1.0896521721997003,-1.008151542068712,0.040750315065494314,0.9114875554003535,44822.2008823613,-41469.720422109705,0.9939014154631176,0.9939014154631176
175,1.8865380672802847,0.005066842812610595,0.1473668058359025,-0.1372331202106813,2946.178469627404,0.6347434390049019,0.009558791846915394,1.223405134718315,-1.1392776206747395,0.042063757021787856,0.9141283496116913,85688.25332629583,-79795.89638704102,0.9939875426728862,0.9939875426728862
176,1.894635010930799,0.004618735271210789,0.1465174575450387,-0.13727998700261712,5283.644902706144,0.6390262136144295,0.00875081755105692,1.3825861279054557,-1.2954183675383235,0.04358388018356595,0.9167435941462324,167609.99976349963,-157042.70995808733,0.9940707429916719,0.9940707429916719
177,1.9027319545813135,0.004197673697960752,0.1456796386718242,-0.1372842912759027,9666.124098504237,0.643290724258252,0.007987047880015433,1.571307058426289,-1.4807544682261624,0.04527629510006334,0.9193338544604763,335461.3929880254,-316129.1447910169,0.9941512133880955,0.9941512133880955
178,1.9108288982318278,0.00380231587732131,0.144852111772832,-0.1372474800181894,18033.792701821065,0.6475371260491118,0.0072655750585912645,1.7937451036034775,-1.6995747749306709,0.04708516433640334,0.9218997295954352,687011.0323323681,-650943.446928726,0.9942291389576399,0.9942291389576399
179,1.9189258418823423,0.0034313759276717627,0.14403365558614092,-0.1371709037307974,34299.17041655291,0.6517655721320854,0.006584555940822341,2.0537389912904174,-1.9558847709312013,0.048927110179607984,0.924441851028217,1439724.1814364989,-1371125.840603393,0.9943046934565365,0.9943046934565365
180,1.9270227855328568,0.0030836213930132837,0.14322306974562166,-0.13705582695959506,66474.45842523141,0.6559762137177227,0.005942208686293166,2.3542303958921194,-2.2528562914863306,0.050687052202894135,0.9269608814971908,3087498.3605026286,-2954549.4436521656,0.9943780398144448,0.9943780398144448
181,1.935119729183371,0.0027578705734451767,0.14241917975250915,-0.1369034386056188,131211.12019272218,0.6601692001144942,0.005336809757208018,2.6966317742923884,-2.592194135616728,0.05221881933783015,0.9294575138028341,6775872.766542233,-6513450.526156789,0.9944493306275142,0.9944493306275142
182,1.9432166728338855,0.0024529900745702063,0.14162084208487086,-0.13671486193573046,263599.5930076237,0.6643446787605595,0.0047666912112008615,3.080317233714729,-2.9736099512329366,0.05335364124089599,0.9319324695877,15218649.566492757,-14691450.38047751,0.9945187086332696,0.9945187086332696
183,1.9513136164843998,0.002167892557375095,0.14082694933513315,-0.13649116422038296,538536.2988491561,0.6685027952548745,0.004230238266281211,3.5025406381243114,-3.394704292635867,0.05391817274422202,0.9343864980974035,34983479.14667346,-33906406.54897515,0.994586307168701,0.994586307168701
184,1.9594105601349143,0.001901534671039446,0.14003643528215462,-0.1362333659400757,1114784.071863808,0.6726436933876565,0.003725887114897361,3.9590930483256375,-3.851573134924617,0.05375995670051033,0.9368203749266607,82097050.298745,-79867482.15501739,0.9946522506126295,0.9946522506126295
185,1.9675075037854286,0.0016529151524032962,0.13924827981174143,-0.13594244950693485,2333050.919092898,0.6767675151702189,0.0032521229654741204,4.445832403023215,-4.340285910758641,0.052773246132287205,0.9392349007521462,196545676.7242595,-191879574.8860737,0.994716654813481,0.994716654813481
186,1.975604447435943,0.0014210730765473328,0.13846151361783043,-0.1356193674647358,4939705.529360688,0.6808744008641956,0.002807478290158389,4.960875958426819,-4.85904596861363,0.0509149949065952,0.9416309000557784,481297630.4381248,-471418219.3794035,0.9947796275031906,0.9947796275031906
187,1.9837013910864574,0.0012050862443015072,0.13767522261941456,-0.13526505013081153,10552240.454730589,0.6849644890101653,0.002390531259200054,5.506933600197205,-5.4105280189514815,0.04820279062286107,0.9440092198411556,1205541977.272082,-1184437496.3626206,0.9948412686981473,0.9948412686981473
188,1.9917983347369719,0.0010040696931346675,0.13688855204551537,-0.13488041265924605,22655237.435990416,0.6890379164556952,0.0019999043427454933,6.0932232614497135,-6.003836373811504,0.044693443819104714,0.9463707283460986,3088672698.7826114,-3043362223.910631,0.9949016710877561,0.9949016710877561
189,1.9998952783874862,0.0008171743189946852,0.13610071014619282,-0.13446636150820343,48600469.15245554,0.6930948183828135,0.0016342630621769803,6.736716022131393,-6.655818996366686,0.04044851288235399,0.9487163137541725,8094427604.167474,-7997226665.862561,0.9949609204111941,0.9949609204111941
190,2.0079922220380007,0.0006435855975996767,0.13531097149670138,-0.13402380030150204,103207380.90821391,0.6971353283349293,0.0012923148741958294,7.462915277390022,-7.391922885043598,0.035496196173212036,0.9510468829079259,21698886719.039207,-21492471957.222782,0.9950190958228773,0.9950190958228773
191,2.016089165688515,0.00048252239412396175,0.134518679875446,-0.13355363508719806,213423519.98016134,0.7011595782432084,0.0009728081709954029,8.30671223289327,-8.247119398981642,0.02979641695581405,0.9533633600269699,59498689618.800606,-59071842578.84028,0.995076270246913,0.995076270246913
192,2.024186109339029,0.0003332358517580507,0.1337232506943786,-0.13305677899086252,415965561.8399659,0.7051676984524227,0.0006745313822624061,9.313968249459965,-9.267547778423856,0.023210235518053443,0.9556666854344025,166921616664.88507,-166089685541.20514,0.9951325107210057,0.9951325107210057
193,2.0322830529895435,0.00019500834981361903,0.1329241729769383,-0.13253415627731105,702509585.5035996,0.7091598177462819,0.00039631216451767456,10.544442661773093,-10.513503904478235,0.015469378647429657,0.9579578142915122,478853883696.1953,-477448864525.1881,0.9951878787299796,0.9951878787299796
194,2.0403799966400578,6.715252293060595e-05,0.1321210108794113,-0.1319867058335501,713605655.725752,0.7131360633722629,0.00013701666451152117,12.076676795116844,-12.064400484028821,0.006138155544009519,0.9602377153481039,1404002358946.0806,-1402575147634.6292,0.995242430529163,0.995242430529163
195,2.0484769402905725,-5.0989665914404764e-05,0.13131340475757633,-0.13141538408940515,-1638214459.2193074,0.7170965610659463,-0.00010445115481877837,14.01558670136367,-14.026471349200138,-0.00544232391823406,0.9625073697058839,4218884640748.488,-4222161069666.9263,0.9952962174577997,0.9952962174577997
196,2.0565738839410868,-0.00016004780592775852,0.13050107178734954,-0.13082116739920507,-15930751839.603357,0.7210414350748738,-0.00032915013785309965,16.503880748446754,-16.544361793803784,-0.02024052267851434,0.9647677696018951,12989745016466.686,-13021606520145.893,0.9953492862426291,0.9953492862426291
197,2.064670827591601,-0.0002606238783693614,0.1296838061493433,-0.13020505390608203,-80855394987.13751,0.7249708081819367,-0.0005381025186430021,19.739070154965955,-19.81840886612728,-0.03966935558066352,0.9670199172117182,40232826843210.71,-40394537633184.984,0.9954016792917012,0.9954016792917012
198,2.0727677712421153,-0.0003532930617263369,0.12886147879418797,-0.1295680649176406,-396452101966.3183,0.7288848017283064,-0.0007322944721498024,23.998900372216262,-24.130493538302883,-0.06579658304331071,0.9692648234750639,144603474183188.47,-145396378387121.06,0.995453434978533,0.995453434978533
199,2.08086471489263,-0.000438604506927176,0.12803403680282216,-0.1289112458166765,-1580239275168.2,0.7327835356359182,-0.0009126766422576407,29.679727018041817,-29.883073914844406,-0.10167344840129633,0.9715035069475351,461291232348744.2,-464451710899080.6,0.995504587916706,0.995504587916706
