,m,spdy,spdy_up,spdy_dn,epk,ret,spd_ret,cb_ret_up,cb_ret_dn,epk_ret,volatility,epk_up,epk_dn,cdf_m,cdf_ret
0,0.8425832702275758,0.2501598263376461,0.2579565230839915,0.24236312959130074,4.027801579624054,-0.17128278457430926,0.21078048455513632,23190.13571304777,21788.299050810267,22489.21738192902,1.6583766970215903,4.153335514990613,3.9022676442574955,0.016914255631589104,0.016914255631589104
1,0.8441161575793337,0.252604385033111,0.26056134843980827,0.24464742162641376,2.42991859877604,-0.16946516639230497,0.2132274428818402,5954.968125855261,5591.2651917923085,5773.116658823785,1.6546744220403977,2.5064603158534364,2.353376881698644,0.017211998023900277,0.017211998023900277
2,0.8456490449310915,0.25563442004011705,0.26374091838887753,0.24752792169135657,1.5882731846542726,-0.16765084595302535,0.21617700315843846,1723.7925121558135,1617.8254802765002,1670.8089962161569,1.6506783427637777,1.6386393831762083,1.537906986132337,0.017508577999567843,0.017508577999567843
3,0.8471819322828492,0.25927478709461393,0.2675195668006572,0.2510300073885707,1.1289392543146777,-0.16583981131181136,0.21965291512303936,533.0632116252481,500.20588607103156,516.6345488481398,1.6463979105193907,1.1648388323555332,1.0930396762738224,0.017805123645798004,0.017805123645798004
4,0.848714819634607,0.2635493874437991,0.2719207146450293,0.25517806024256884,0.8695318058103969,-0.16403205058878287,0.2236782708291751,183.72531662534183,172.4130137533217,178.06916518933178,1.641842515122429,0.8971514308412754,0.8419121807795186,0.018102806038800656,0.018102806038800656
5,0.8502477069863649,0.26848137875492883,0.2769670853972209,0.25999567211263674,0.7241389317384103,-0.1622275519683719,0.22827567665491597,70.98995052427662,66.63997591385754,68.81496321906708,1.63702148404008,0.7470262938768621,0.7012515695999583,0.018402836758862118,0.018402836758862118
6,0.8517805943381227,0.27409338348029666,0.28268091856174127,0.26550584839885205,0.6528368641140705,-0.16042630369885869,0.23346742508499407,30.257327255870305,28.41895867689043,29.338142966380367,1.6319440814865382,0.6732906941257785,0.6323830341023625,0.018706465811928252,0.018706465811928252
7,0.8533134816898805,0.28040769420784994,0.2890841809865873,0.2717312074291126,0.6360154247285219,-0.15862829409191262,0.23927566583713178,13.975077699494664,13.136190033779613,13.555633866637137,1.6266195074632441,0.6556952678202724,0.6163355816367715,0.019014979951243127,0.019014979951243127
8,0.8548463690416384,0.2874464757063739,0.29619877584110754,0.2786941755716402,0.6698180437367819,-0.1568335115221372,0.2457225760514092,7.163925015923193,6.74055512383612,6.9522400698796565,1.6210568967319983,0.6902129660959377,0.649423121377626,0.019329701392149068,0.019329701392149068
9,0.8563792563933961,0.295231963489528,0.3040467492717238,0.2864171777073322,0.7644778076872579,-0.15504194442661914,0.2528305293567243,4.03915783105494,3.8049549585920035,3.9220563948234717,1.6152653177277614,0.7873029382400508,0.741652677134465,0.01965198691287795,0.01965198691287795
10,0.8579121437451539,0.30378665881725103,0.31265049487043517,0.2949228227640669,0.9399948934020812,-0.15325358130448088,0.26062226370708547,2.4762922453892484,2.3358833936968972,2.406087819543073,1.6092537714166275,0.9674219063538204,0.9125678804503419,0.01998322733226754,0.01998322733226754
11,0.8594450310969117,0.31313352015448437,0.3220329562264188,0.3042340840825499,1.2263145915615359,-0.15146841071643835,0.26912104796665626,1.655418845505646,1.5639232770986977,1.6096710613021719,1.603031190094606,1.2611671627787537,1.191462020344318,0.020324847357427234,0.020324847357427234
12,0.8609779184486696,0.3232961511463246,0.33221782790098453,0.31437447439166466,1.6317856895377298,-0.14968642128436146,0.278350847256429,1.2042846304928474,1.139602742336836,1.1719436864148418,1.5966064361366572,1.6768164280829172,1.5867549509925425,0.02067830579264429,0.02067830579264429
13,0.8625108058004274,0.33429898522256885,0.3432297552534213,0.3253682151917164,2.0268715651782894,-0.14790760169083916,0.28833648712258303,0.9493550330851158,0.8999509744430819,0.9246530037640989,1.5899883006950002,2.0810192731608,1.9727238571957788,0.021045096101661054,0.021045096101661054
14,0.8640436931521852,0.3461674669690953,0.3550945335984302,0.3372404003397604,2.157579812622943,-0.14613194067874796,0.29910381660911417,0.810996199450279,0.7702193559699602,0.7906077777101196,1.5831855023456511,2.2132201040519246,2.101939521193961,0.02142674731610461,0.02142674731610461
15,0.8655765805039429,0.35892823040242616,0.3678393071901296,0.35001715361472274,1.9625076535269577,-0.14435942705082494,0.3106798703180634,0.749538611275235,0.7132227744961612,0.7313806928856981,1.5762066856956904,2.0112306430154883,1.9137846640384268,0.0218248252818406,0.0218248252818406
16,0.8671094678557008,0.3726092742962437,0.3814927685376346,0.3637257800548528,1.6615694461002317,-0.1425900496692432,0.3230930295531147,0.7491539939154788,0.7142641834670449,0.7317090886912618,1.5690604199439449,1.7011834429176247,1.6219554492828387,0.022240934236964716,0.022240934236964716
17,0.8686423552074586,0.38724013467521523,0.39608535847859694,0.3783949108718335,1.4303554898336657,-0.1408237974551931,0.3363731826151324,0.8121914546213046,0.7759163687917546,0.7940539117065296,1.561755197406688,1.4630272438515846,1.3976837358157466,0.022676718713610766,0.022676718713610766
18,0.8701752425592164,0.4028520545753609,0.4116494673181495,0.39405464183257227,1.306805782601552,-0.13906065938846518,0.35055188430559336,0.9538537669074262,0.9130839083264465,0.9334688376169363,1.5542994320046084,1.3353435788313044,1.2782679863717996,0.023133865757921868,0.023133865757921868
19,0.8717081299109742,0.41947815111956555,0.4282196370851181,0.41073666515401297,1.283591525743563,-0.13730062450703798,0.3656625146509495,1.2052038765376842,1.1559988805029529,1.1806013785203184,1.5467014577196216,1.3103402307186438,1.2568428207684825,0.023614107461118805,0.023614107461118805
20,0.8732410172627321,0.4371535799060018,0.44583276456032933,0.42847439525167424,1.3571127584047227,-0.1355436819066689,0.381740436817162,1.6096795130230883,1.5470071083083157,1.578343310665702,1.5389695270229524,1.38405668101762,1.3301688357918253,0.02411922379523701,0.02411922379523701
21,0.8747739046144898,0.4559156966463531,0.4645283041216605,0.4473030891710457,1.5154376374842848,-0.13378982074048923,0.39882315413036556,2.1516836105380506,2.07189684110252,2.111790225820285,1.5311118092764895,1.544065450961572,1.4868098240069973,0.024651045748095957,0.024651045748095957
22,0.8763067919662476,0.47580421590640043,0.48434846854412644,0.4672599632686744,1.7368457433840312,-0.13203903021860164,0.4169504660449536,2.6287223772449613,2.5359772998293675,2.5823498385371644,1.5231363891142027,1.768035145091963,1.7056563416760995,0.025211458750201365,0.025211458750201365
23,0.8778396793180054,0.49686136671652115,0.5053384246627736,0.4883843087702687,1.9601127332696249,-0.13029129960768268,0.4361646228239368,2.71046899491476,2.6195326971386863,2.6650008460267234,1.5150512648050838,1.9935546354463218,1.926670831092928,0.025802406387584353,0.025802406387584353
24,0.8793725666697633,0.5191320447191101,0.5275464792086512,0.5107176102295691,2.0942106792637754,-0.1285466182305876,0.4565104786051662,2.409753283390609,2.332881531087522,2.3713174072390655,1.5068643466030986,2.1281550268478218,2.060266331679729,0.026425894393454552,0.026425894393454552
25,0.8809054540215211,0.5426639604005485,0.5510242482366946,0.5343036725644025,2.103223782585879,-0.12680497546595898,0.478035642417762,2.0469598968714444,1.9848458466035803,2.0159028717375125,1.4985834550850998,2.135626074776551,2.070821490395207,0.027083994911376696,0.027083994911376696
26,0.8824383413732789,0.5675077828296988,0.575826801625459,0.5591887640339387,2.0298016736365465,-0.12506636074783872,0.5007906265966664,1.796650914123672,1.7447381768845454,1.7706945455041088,1.4902163194849185,2.059556258129558,2.000047089143535,0.02777885102149369,0.02777885102149369
27,0.8839712287250368,0.5937172781811597,0.602012772620921,0.5854217837413984,1.9412104186200279,-0.12333076356528355,0.5248289919090842,1.6836193442762788,1.6372201463047333,1.660419745290506,1.4817705760239148,1.9683332611342315,1.9140875761058245,0.028512681520837746,0.028512681520837746
28,0.8855041160767945,0.621349442162443,0.6296444220974808,0.6130544622274052,1.8778222753117322,-0.12159817346198389,0.5502074885568634,1.7054146340667355,1.6604801292127775,1.6829473816397567,1.4732537662424288,1.9028910965551664,1.852753454068298,0.02928778594764192,0.02928778594764192
29,0.8870370034285523,0.6504646252909501,0.6587876490985933,0.6421416014833068,1.8433537675992202,-0.11986858003588521,0.5769861920543604,1.8483412347703065,1.8016379059429024,1.8249895703566044,1.4646733353393715,1.8669404112030514,1.819767123995389,0.030106549836978913,0.030106549836978913
30,0.8885698907803101,0.6811266497760577,0.6895119441570471,0.6727413553950684,1.8221121310024901,-0.11814197293881427,0.6052286327990701,2.1012915591291654,2.0501830947932005,2.075737326961183,1.456036630519756,1.8445440041624246,1.7996802578425557,0.030971450195135475,0.030971450195135475
31,0.890102778132068,0.713402916554692,0.7218902900342546,0.7049155430751294,1.7908401673650063,-0.116418341876107,0.6350019179528512,2.420362526657508,2.3634493890152073,2.3919059578363577,1.4473508993561097,1.81214584048453,1.7695344942454823,0.03188506117653267,0.03188506117653267
32,0.8916356654838258,0.7473645008039682,0.7559990246668342,0.7387299769411022,1.735723683538299,-0.11469767660624039,0.6663768440333334,2.698157629651643,2.636524464319801,2.667341046985722,1.4386232881681265,1.7557770143410476,1.7156703527355504,0.03285005994503476,0.03285005994503476
33,0.8931685528355836,0.7830862340129983,0.7919176904525559,0.7742547775734406,1.6589035988730318,-0.11297996694046736,0.6994279983788568,2.827375615776176,2.7643138989082896,2.7958447573422327,1.4298608404235538,1.6776123109337642,1.6401948868122993,0.033869232698961804,0.033869232698961804
34,0.8947014401873413,0.820646770436964,0.8297288987915049,0.8115646420824231,1.574199123101416,-0.11126520274245487,0.7342338473950422,2.796196132256512,2.7349823738479215,2.765589253052217,1.421070495164666,1.591620843391621,1.5567774028112111,0.03494548083571036,0.03494548083571036
35,0.8962343275390992,0.8601286354803488,0.8695182360250184,0.8507390349356792,1.4989779306104085,-0.10955337392792458,0.7708768092168533,2.685603866012604,2.62760221296308,2.656603039487842,1.4122590854639174,1.5153415341612273,1.4826143270595895,0.036081827227830265,0.036081827227830265
36,0.897767214890857,0.9016182532641626,0.9113742262451577,0.8918622802831674,1.4438808097531204,-0.10784447046429772,0.8094433081277266,2.5837336289262263,2.528417525512276,2.556075577219251,1.403433336912662,1.459504342347687,1.4282572771585538,0.037281422579199086,0.037281422579199086
37,0.8993001022426148,0.9452059503253025,0.955388350908328,0.9350235497422771,1.4139456941924182,-0.1061384823703418,0.8500238077678725,2.5218575765973523,2.468102338669575,2.494979957633464,1.394599866146446,1.4291776777151162,1.39871371066972,0.03854755182455816,0.03854755182455816
38,0.9008329895943726,0.9909859320786616,1.0016551098965678,0.9803167542607554,1.4143864406374278,-0.104435399715821,0.8927128198403866,2.492311498476994,2.4392175456939658,2.46576452208548,1.3857651794107433,1.4296140437243285,1.3991588375505273,0.03988364053068838,0.03988364053068838
39,0.9023658769461305,1.0390562283398292,1.0502720982662022,1.0278403584134563,1.4506735307783702,-0.10273521262114925,0.9376088846822088,2.465673095689801,2.4130111830904535,2.4393421393901273,1.3769356711700873,1.4663325155215146,1.4350145460352262,0.04129326125256849,0.04129326125256849
40,0.9038987642978882,1.089518603875046,1.1013400695034297,1.0776971382466622,1.5332270419508867,-0.10103791125704659,0.9848145197222143,2.413617802723103,2.361803652516417,2.38771072761976,1.3681176227641996,1.5498628210119016,1.5165912628898717,0.04278013979069062,0.04278013979069062
41,0.905431651649646,1.142478429604374,1.1549629587972565,1.1299939004114914,1.677059426355148,-0.09934348584419767,1.0344361314907822,2.3264167810696206,2.2761221495459893,2.301269465307805,1.3593172011145525,1.6953856343814826,1.6587332183288135,0.044348161289779586,0.044348161289779586
42,0.9069645390014038,1.1980445097528243,1.2112478460336806,1.184841173471968,1.894098215601473,-0.09765192665291439,1.0865838864911332,2.2150912636886297,2.166799586732443,2.1909454252105367,1.3505404574837465,1.9149725783534177,1.8732238528495282,0.046001376111623804,0.046001376111623804
43,0.9084974263531617,1.2563288599205986,1.2703048451168482,1.242352874724349,2.184743827393773,-0.09596322400280025,1.1413715358910657,2.105789035026755,2.059452950435578,2.0826209927311665,1.3417933262913415,2.209047931488924,2.1604397232986217,0.04774400540696444,0.04774400540696444
44,0.9100303137049195,1.3174464307389595,1.3322469119405502,1.3026459495373688,2.531641206550126,-0.09427736826241802,1.1989161886548019,2.017977679156069,1.9731405841132665,1.9955591316346677,1.333081623988306,2.5600822172906543,2.5032001958095975,0.049580446303190584,0.049580446303190584
45,0.9115632010566773,1.3815147715061364,1.3971895671087022,1.3658399759035706,2.8980547302460344,-0.09259434984896013,1.2593380274212178,1.9623535139404469,1.9183229958846244,1.9403382549125356,1.3244110479929168,2.930936329834095,2.865173130657974,0.051515276615732075,0.051515276615732075
46,0.9130960884084351,1.4486536279579383,1.4652505314017963,1.4320567245140803,3.2693138050447095,-0.09091415922792195,1.322759961147082,1.9458065555024873,1.901726225442883,1.9237663904726852,1.3157871756904427,3.3067696084906206,3.231858001598798,0.05355325898197982,0.05355325898197982
47,0.9146289757601929,1.5189844681495828,1.5365492725115002,1.5014196637876653,3.67244140223446,-0.0892367869127777,1.389307208299294,1.9746695210536123,1.9295233165846133,1.9520964188191128,1.307215463498939,3.714907744789914,3.629975059679006,0.055699344307006626,0.055699344307006626
48,0.9161618631119507,1.5926299303067317,1.6112064612621146,1.5740533993513488,4.156852294456443,-0.08756222346465861,1.4591068041976716,2.0614154559072215,2.013880954340528,2.0376482051238747,1.2987012460026615,4.205338068744291,4.108366520168594,0.05795867440067903,0.05795867440067903
49,0.9176947504637085,1.669713186473878,1.6893433348841955,1.6500830380635603,4.714586348496822,-0.08589045949203507,1.532287026007109,2.227417948808196,2.175652811427277,2.201535380117736,1.2902497351556834,4.770013849737137,4.659158847256508,0.060336583675683286,0.060336583675683286
50,0.9192276378154663,1.7503572158588945,1.7710809642134768,1.7296334675043121,5.169421848913278,-0.08422148565039994,1.6089767288672279,2.490466469436692,2.4321836450588106,2.461325057247751,1.2818660195565095,5.230626382802088,5.1082173150244685,0.06283859976641737,0.06283859976641737
51,0.9207605251672242,1.8346839819591345,1.8565394211441997,1.8128285427740694,5.195563953064529,-0.08255529264195545,1.6893045867445868,2.860281863860627,2.792938595394802,2.8266102296277147,1.2735550637957875,5.257455446708608,5.133672459420448,0.06547044291885062,0.06547044291885062
52,0.9222934125189819,1.922813507894407,1.9458368423845207,1.8997901734042935,4.648597137202672,-0.0808918712153024,1.773398231833527,3.323810306870046,3.245155000515606,3.2844826536928258,1.2653217078777417,4.70425838898824,4.592935885417105,0.06823802399224554,0.06823802399224554
53,0.9238262998707397,2.014862844860634,2.0390883855581796,1.9906373041630878,3.8676556175589405,-0.07923121216513156,1.8613832867146316,3.8343473847922307,3.743238888194732,3.788793136493481,1.257170666716551,3.9141580625299515,3.8211531725879295,0.07114744090512426,0.07114744090512426
54,0.9253591872224975,2.1109449293041926,2.136405074014353,2.085484784594032,3.193443803232279,-0.07757330633191864,1.9533822840523802,4.354189348760677,4.25040913192513,4.3022992403429035,1.2491065297085677,3.2319599863052595,3.1549276201592993,0.07420497335015863,0.07420497335015863
55,0.9268920745742554,2.211167325305908,2.2378925273303607,2.1844421232814555,2.736363615445587,-0.07591814460162082,2.0495134693836006,4.898017226779633,4.7810317162546125,4.839524471517122,1.2411337603804076,2.7694365853643275,2.7032906455268457,0.07741707559632482,0.07741707559632482
56,0.9284249619260132,2.3156308497820426,2.3436495754249522,2.287612124139133,2.4875750585946426,-0.07426571790537609,2.1498894835435944,5.534307728782901,5.401980565624914,5.468144147203907,1.2332566961139269,2.5176742788954383,2.4574758382938473,0.08079036719183197,0.08079036719183197
57,0.929957849277771,2.4244280794814514,2.4537667554464915,2.3950894035164114,2.4021655346537756,-0.07261601721920527,2.2546159225232074,6.295527323686793,6.144981281958312,6.2202543028225525,1.2254795479475284,2.431234805395215,2.3730962639123363,0.08433162137859052,0.08433162137859052
58,0.9314907366295289,2.5376417403948786,2.56832469215535,2.506958788634407,2.4411921521721958,-0.07096903356371621,2.363789774062265,7.021501757477467,6.853734496298392,6.93761812688793,1.217806400454063,2.4707089195908645,2.4116753847535275,0.08804775102860463,0.08804775102860463
59,0.9330236239812866,2.655342982111936,2.6873923643880313,2.6232935998358404,2.566342219108784,-0.06932475800381072,2.477497732083355,7.274495066997055,7.100986295924208,7.187740681460632,1.2102412116949826,2.5973173825379856,2.5353670556795826,0.09194579191514674,0.09194579191514674
60,0.9345565113330444,2.7775895418755674,2.8110252623742644,2.7441538213768704,2.718741761941872,-0.06768318164839315,2.595814392170379,6.689339627892598,6.5302070202189375,6.609773324055768,1.20278781325002,2.751469091984683,2.68601443189906,0.09603288313731806,0.09603288313731806
61,0.9360893986848022,2.9044238055890084,2.9392634431662947,2.869584168011722,2.8312230920973467,-0.06604429565008282,2.71880033369964,5.624591234145949,5.491252577093193,5.557921905619571,1.1954499103218361,2.8651846600473494,2.7972615241473444,0.10031624452633237,0.10031624452633237
62,0.9376222860365601,3.035870775829661,3.072129494231136,2.999612057428186,2.8574406824619634,-0.06440809120492726,2.846500096944992,4.612403847629073,4.503528324914875,4.557966086271974,1.1882310819146555,2.891568333045507,2.8233130318784196,0.10480315087547032,0.10480315087547032
63,0.9391551733883179,3.1719359599993666,3.209626418328302,3.1342455016704314,2.798669764214739,-0.06277455955211865,2.9789400664898458,3.8918127402367415,3.8004100741368587,3.8461114071868,1.1811347810856823,2.831924895293932,2.765414633135545,0.10950090285443181,0.10950090285443181
64,0.9406880607400757,3.3126031950676484,3.351735456122757,3.27347093401254,2.704734487382078,-0.06114369197371233,3.116126275569565,3.4765203568419025,3.395342051484408,3.4359312041631553,1.1741643352681188,2.7366859074020145,2.672783067362141,0.11441679449237085,0.11441679449237085
65,0.9422209480918335,3.4578324289128624,3.498413866532523,3.417250991293202,2.6157006382044092,-0.0595154797943477,3.258042149512965,3.304754350773147,3.2280843582275667,3.2664193545003566,1.1673229466642028,2.64639874011167,2.5850025362971487,0.11955807714320699,0.11955807714320699
66,0.9437538354435913,3.6075574819719662,3.6495926885175467,3.565522275426386,2.5434893953306115,-0.057889914380971394,3.4046462101942674,3.3195720141256313,3.2431038122379405,3.281337913181786,1.1606136927065038,2.5731260962324005,2.513852694428822,0.12493191988175889,0.12493191988175889
67,0.9452867227953491,3.7616838167281443,3.805174511836202,3.7181931216200867,2.4690850213845494,-0.05626698714256214,3.555869767307248,3.46857011386383,3.389283066810538,3.428926590337184,1.1540395265859258,2.4976313397602143,2.440538703008885,0.13054536632050784,0.13054536632050784
68,0.9468196101471069,3.920086346398371,3.9650312881291274,3.8751414046676143,2.360352137527573,-0.05464668952985912,3.711614626239902,3.6689672708770567,3.585789354629425,3.627378312753241,1.1476032778441425,2.3874142682846444,2.3332900067705014,0.13640528788380823,0.13640528788380823
69,0.9483524974988647,4.082607317947428,4.129002217453511,4.036212418441345,2.198235827243194,-0.05302901303509122,3.871750846282585,3.828272855450103,3.742241255050522,3.7852570552503124,1.1413076530283999,2.2232166599202134,2.1732549945661743,0.14251833362995026,0.14251833362995026
70,0.9498853848506226,4.249054308134241,4.296891748968602,4.2012168672998795,1.9908986891976344,-0.051413949191709135,4.036114586733289,3.868357693706294,3.7822245802327052,3.8252911369694993,1.1351552364065356,2.0133129704341384,1.9684844079611303,0.14889087677051904,0.14889087677051904
71,0.9514182722023803,4.41919837457209,4.468467737745657,4.369929011398524,1.7786303294416976,-0.04980148957411962,4.204506082054945,3.78690829234873,3.7033993264521348,3.745153809400432,1.1291484907396732,1.798460166490203,1.7588004923931926,0.15552895810134615,0.15552895810134615
72,0.9529511595541381,4.592772406612596,4.643459802499306,4.542085010725886,1.593938485044215,-0.04819162579742126,4.376687790449723,3.6465150487293165,3.566905292322121,3.606710170525719,1.1232897581101442,1.6115297314326003,1.57634723865583,0.16243822662894392,0.16243822662894392
73,0.9544840469058959,4.769469723111101,4.821557931279856,4.717381514942345,1.4530440468994288,-0.046584349517143596,4.552382762910226,3.5073565868752916,3.43157530513065,3.469465946002971,1.1175812608019564,1.468912993593129,1.4371751002057283,0.16962387774998433,0.16962387774998433
74,0.9560169342576538,4.948942965631083,5.002411383658868,4.895474547603299,1.3599003215075565,-0.04497965242898711,4.731273281818609,3.3918192969131855,3.319312180591451,3.3555657387523183,1.1120251022310976,1.3745926950853984,1.3452079479297145,0.17709058941809452,0.17709058941809452
75,0.9575498216094116,5.130803336262609,5.185627938550426,5.075978733974792,1.3099610221790352,-0.04337752626856592,4.912999819351235,3.2773845628606963,3.208084833943664,3.24273469840218,1.1066232679229213,1.3239584583204527,1.2959635860376175,0.1848424568106033,0.1848424568106033
76,0.9590827089611694,5.31462022880487,5.370773536376872,5.258466921232868,1.296931456724608,-0.04177796281115239,5.097160366142004,3.1210602487223067,3.05579670524567,3.0884284769839883,1.1013776265336463,1.3106345978436185,1.2832283156055975,0.19288292608633295,0.19288292608633295
77,0.9606155963129273,5.499921300468223,5.55737236268404,5.442470238252406,1.3147413022107775,-0.04018095387142381,5.283310179723452,2.891532182506395,2.8317479591451304,2.8616400708257625,1.096289930913011,1.3284748231512653,1.3010077812702896,0.2012147279023644,0.2012147279023644
78,0.962148483664685,5.68619302835863,5.744907417408642,5.6274786393086185,1.353843279040618,-0.03858649130321117,5.470962000059959,2.6040681864042443,2.5508397315309836,2.577453958967614,1.091361819205164,1.3678227694662677,1.3398637886149685,0.20983981143086972,0.20983981143086972
79,0.9636813710164428,5.872881790739676,5.932821609722778,5.812941971756574,1.4043867587260739,-0.03699456699924942,5.6595867759175125,2.3105830477791525,2.263894999919316,2.287239023849234,1.0865948159846461,1.418720213935923,1.3900533035162246,0.21875927968454878,0.21875927968454878
80,0.9652142583682006,6.059395507344817,6.120519412647705,5.998271602041929,1.4575353986497073,-0.03540517289093076,5.8486149407814345,2.0545466378630897,2.0135102794541604,2.034028458658625,1.0819903334243812,1.4722382275993413,1.4428325697000732,0.2279733270183888,0.2279733270183888
81,0.9667471457199585,6.245105865833942,6.3073691044402445,6.1828426272276396,1.5076481608886279,-0.03381830094805887,6.037438270513933,1.8584942575986816,1.8218019792514868,1.8401481184250843,1.0775496724926519,1.5226793003428551,1.4926170214344008,0.23748117972450355,0.23748117972450355
82,0.9682800330717163,6.429351152866673,6.49270561512358,6.365996690609766,1.554147571569545,-0.03223394317860555,6.225412346927419,1.7261005677655918,1.692414711743595,1.7092576397545935,1.073274024175803,1.5694620537503423,1.5388330893887474,0.2472810406728394,0.2472810406728394
83,0.9698129204234741,6.611439698286045,6.675833986545919,6.547045410026171,1.5977644913699325,-0.030652091628469234,6.411859641998482,1.6505587286725691,1.6187165484211739,1.6346376385468715,1.0691644707236918,1.6133264433688803,1.5822025393709847,0.2573700389717901,0.2573700389717901
84,0.9713458077752318,6.790653929701598,6.856033443137031,6.725274416266165,1.6348063349622017,-0.029072738381235513,6.596073226668051,1.623597726655523,1.5926322915350537,1.6081150090952883,1.0652219869146382,1.650546033060127,1.6190666368642765,0.26774418562681124,0.26774418562681124
85,0.9728786951269897,6.9662550225233275,7.032562058287159,6.899947986759496,1.6536563384950684,-0.027495875557938945,6.777321096234333,1.635008126479463,1.6041765344030376,1.6195923304412503,1.0614474413368287,1.669396366619672,1.6379163103704648,0.27839833616041343,0.27839833616041343
86,0.9744115824787475,7.1374881174723654,7.2046619882402,7.070314246704531,1.639467521701659,-0.025921495316827914,6.954851091469504,1.6717055607811004,1.6405327081240093,1.656119134452555,1.0578415976831221,1.654897232773437,1.6240378106298807,0.2893261611218527,0.2893261611218527
87,0.9759444698305053,7.303588064093617,7.371565231886936,7.235610896300298,1.5838220671595464,-0.024349589853130203,7.127896381072252,1.7210994395733765,1.6893570723250253,1.705228255949201,1.0544051160561794,1.598563278940557,1.5690808553785358,0.3005201253584673,0.3005201253584673
88,0.9774773571822631,7.463785635154455,7.532499861198577,7.395071409110333,1.4908488765210866,-0.022780151398820937,7.295681457225716,1.7716582981981293,1.7393348648045415,1.7554965815013355,1.0511385542808758,1.5045741537070216,1.4771235993351517,0.3119714768425297,0.3119714768425297
89,0.979010244534021,7.617314143432765,7.6866966536575445,7.547931633207985,1.3806391042546637,-0.021213172222392263,7.457428582254567,1.8169231778874717,1.7841229526028086,1.80052306524514,1.0480423692211736,1.3932146925741067,1.368063515935221,0.3236702457475982,0.3236702457475982
90,0.9805431318857787,7.763416379691755,7.833396045335611,7.693436714047898,1.2691831261537954,-0.019648644628624937,7.612364611076307,1.856586964000649,1.8234153142519114,1.84000113912628,1.0451169180983824,1.2806235805188868,1.257742671788704,0.3356052543478567,0.3356052543478567
91,0.9820760192375365,7.901351779022626,7.971855311654068,7.830848246391184,1.163585392458672,-0.018086560958361128,7.759728101737967,1.891375292537449,1.8579204355581023,1.8746478640477757,1.0423624598081986,1.1739680311489884,1.153202753768356,0.34776413817364915,0.34776413817364915
92,0.9836089065892943,8.030403712657233,8.101355872784541,7.959451552529924,1.0628414362693352,-0.016526913588280127,7.898776615277391,1.9157429472695777,1.8821865642413838,1.8989647557554807,1.039779156233543,1.0722321093256924,1.0534507632129781,0.36013337869926687,0.36013337869926687
93,0.9851417939410522,8.149886794185562,8.221210612486471,8.078562975884653,0.9629919952490593,-0.01496969493067465,8.028794096840455,1.9154948728371954,1.8822587924820557,1.8988768326596255,1.0373670735507061,0.9714196296234872,0.9545643608746314,0.3726983476669625,0.3726983476669625
94,0.98667468129281,8.259154083247353,8.33077109331859,8.187537073176115,0.861591237023693,-0.013414897433229496,8.149098222836292,1.8738554563480314,1.8416375683311703,1.8577465123396009,1.0351261835261114,0.8690622912838837,0.8541201827635024,0.38544336296846815,0.38544336296846815
95,0.9882075686445678,8.357604066490184,8.429434547893432,8.285773585086936,0.7594776270483058,-0.011862513578801753,8.259047594240219,1.7819504332946767,1.751581051639706,1.7667657424671912,1.0330563648012319,0.7660050532259359,0.7529502008706757,0.3983517558149874,0.3983517558149874
96,0.9897404559963257,8.4446872951451,8.51665052541329,8.372724064876909,0.6631829327597553,-0.010312535885202744,8.358048654243289,1.653735645796098,1.6257884713227477,1.639762058559423,1.0311574041632274,0.6688343896381599,0.6575314758813505,0.41140594873409864,0.41140594873409864
97,0.9912733433480834,8.51991256110029,8.59192707526783,8.44789804693275,0.578123752724649,-0.008764956904981757,8.445562209475215,1.5117290381957473,1.486387474822379,1.4990582565090633,1.0294289977990632,0.5830103405719548,0.5732371648773432,0.4245875437408779,0.4245875437408779
98,0.9928062306998412,8.582852498917646,8.654836355052092,8.5108686427832,0.5072055671652562,-0.007219769225210895,8.52110943810314,1.3730120632716731,1.350172878617254,1.3615924709444636,1.027870752530807,0.5114594690681514,0.5029516652623611,0.43787741984660133,0.43787741984660133
99,0.994339118051599,8.633148509764453,8.705019558906512,8.561277460622394,0.45125763411014375,-0.005676965467272693,8.584277275207663,1.2436224924541976,1.223087109928171,1.2333548011911843,1.0264821870301066,0.45501435850335636,0.4475009097169311,0.45125583889572773,0.45125583889572773
100,0.9958720054033569,8.670514914578755,8.74219107344386,8.598838755713649,0.40949808028683066,-0.0041365382866482645,8.63472307586126,1.1215410406138973,1.1031502840803387,1.112345662347118,1.0252627330097934,0.4128832598000154,0.4061129007736459,0.4647025585655351,0.4647025585655351
101,0.9974048927551147,8.694742257676815,8.766141782435907,8.623342732917722,0.38053326385220704,-0.0025984803727076306,8.672178469051508,1.0018838828522612,0.9855633544202949,0.993723618636278,1.0242117363907852,0.38365812867152754,0.3774083990328865,0.4781969512268507,0.4781969512268507
102,0.9989377801068724,8.705699698091987,8.776741457532184,8.63465793865179,0.36358739434303894,-0.0010627844485016555,8.696452330689079,0.8818646581671109,0.8675884675769109,0.8747265628720109,1.0233284584425084,0.3665544032108118,0.36062038547526615,0.49171812725271646,0.49171812725271646
103,1.0004706674586303,8.703336443762367,8.773940190130899,8.632732697393836,0.3576785112043641,0.00047055672944508307,8.707432821007957,0.7657472068570002,0.7534232975519981,0.7595852522044991,1.0226120768951779,0.3605800930344732,0.3547769293742551,0.505245061277467,0.505245061277467
104,1.002003554810388,8.687682202748665,8.757768838605523,8.617595566891806,0.3621617912838599,0.002001550371338067,8.705088450217104,0.6599127265386359,0.6493504329192066,0.6546315797289213,1.0220616870224803,0.3650834798303112,0.35924010273740864,0.518756719854105,0.518756719854105
105,1.003536442162146,8.658846645414627,8.72833848486135,8.589354805967904,0.37681122721190524,0.0035302036543179314,8.689468155767027,0.5689852081065322,0.5599251037584072,0.5644551559324698,1.0216763026931794,0.3798353372782267,0.37378711714558377,0.532232188934552,0.532232188934552
106,1.0050693295139037,8.617017891352496,8.685838914065618,8.548196868639375,0.4014295731525327,0.005056523722660567,8.660700394470966,0.49502177910282963,0.4871773082485619,0.4910995436756958,1.02145485739039,0.40463564677567954,0.3982234995293859,0.5456507996055429,0.5456507996055429
107,1.0066022168656614,8.562460054208282,8.630536150785963,8.494383957630602,0.43467373055221165,0.006580517687979008,8.618991272389728,0.43787687365579364,0.43096908766907704,0.43442298066243534,1.0213962051973828,0.4381296171401216,0.43121784396430174,0.5589922505528229,0.5589922505528229
108,1.0081351042174194,8.495509895897104,8.562769103125257,8.428250688668951,0.4750833127292656,0.00810219262942158,8.564621754280346,0.3958138741938062,0.3895957624900905,0.3927048183419483,1.021499121748825,0.4788445615975563,0.47132206386097497,0.5722367257960794,0.5722367257960794
109,1.009667991569177,8.416572658475438,8.482945383234219,8.350199933716658,0.520567561099867,0.00962155559386854,8.497944011978944,0.3673820621503216,0.36163308054291676,0.3645075713466192,1.0217623051465723,0.5246727341736642,0.5164623880260698,0.5853650063348992,0.5853650063348992
110,1.011200878920935,8.326117156710158,8.391536387371728,8.260697926048588,0.5691048624490859,0.011138613596129427,8.419376986863988,0.3510456974007143,0.34557229220031055,0.3483089948005124,1.0221843768391612,0.5735763827948179,0.5646333421033539,0.5983585744689162,0.5983585744689162
111,1.0127337662726927,8.224670226771806,8.28907173108418,8.160268722459433,0.6194524491602494,0.012653373619135632,8.329401255109493,0.3455917823384611,0.34022166819718086,0.34290672526782096,1.0227638824643785,0.6243029378091496,0.6146019605113492,0.6111997096997168,0.6111997096997168
112,1.0142666536244507,8.11281063620768,8.176133144815624,8.049488127599735,0.6706136024502009,0.014165842614134994,8.228553295475214,0.35040683408165496,0.34497917301635345,0.34769300354900423,1.0234992926542592,0.6758479087243096,0.6653792961760921,0.6238715752837907,0.6238715752837907
113,1.0157995409762084,7.991162567231864,8.053347942152623,7.928977192311106,0.7207043965701523,0.015676027500881453,8.117419267660386,0.3652066013904297,0.3595665844448986,0.3623865929176642,1.024389003802093,0.7263127511406786,0.715096041999626,0.6363582946805755,0.6363582946805755
114,1.017332428327966,7.86038878932516,7.92138217687209,7.799395401778231,0.7679451506592214,0.017183935167826538,7.996628414646087,0.38865025968578676,0.382665168856956,0.38565771427137135,1.0254313387910998,0.7739040895163621,0.7619862118020807,0.6486450173227096,0.6486450173227096
115,1.018865315679724,7.721183638194358,7.780933606024165,7.66143367036455,0.8099153871406831,0.018689572472307233,7.866846204950014,0.41945018587408295,0.41300825065623714,0.4162292182651601,1.0266245476844937,0.8161828741730002,0.8036479001083661,0.6607179733221908,0.6607179733221908
116,1.0203982030314818,7.574265916402723,7.632724574549613,7.515807258255833,0.845251584150372,0.020192946240732423,7.728767330379938,0.45567244372873505,0.4486924985323062,0.4521824711305206,1.0279668083768767,0.8517752887510988,0.8387278795496454,0.6725645169120309,0.6725645169120309
117,1.0219310903832395,7.420371826666621,7.477494932618312,7.363248720714929,0.8755051034768117,0.02169406326876992,7.5831086718744904,0.4951360069518941,0.48757098501861756,0.4913534959852558,1.0294562272068561,0.8822448696172935,0.8687653373363299,0.684173158603337,0.684173158603337
118,1.0234639777349974,7.260248042173618,7.315995090238136,7.2045009941091,0.9048654163805698,0.023192930321530105,7.430602340585739,0.5362830646784681,0.5281102331185594,0.5321966488985137,1.0310908395310279,0.9118133299457634,0.8979175028153764,0.6955335862094012,0.6955335862094012
119,1.0249968650867551,7.094645009659992,7.148979305067557,7.040310714252427,0.9379383965345663,0.02468955413374822,7.271988893804883,0.5780253438862026,0.5692390267218741,0.5736321853040384,1.0328686102594742,0.9451215920069286,0.9307552010622041,0.7066366750469895,0.7066366750469895
120,1.026529752438513,6.924310570746233,6.977199289126671,6.871421852365795,0.9787295539138084,0.026183941409967444,7.1080108159955095,0.6189571989176651,0.6095735331725524,0.6142653660451087,1.0347874343530832,0.9862052081639587,0.9712538996636583,0.7174744877688948,0.7174744877688948
121,1.0280626397902708,6.749983975574775,6.801398208647285,6.698569742502265,1.02899158098277,0.027676098824717377,6.93940634447143,0.6578536524612965,0.647907744288402,0.6528806983748493,1.0368451372830092,1.0368293496598127,1.0211538123057275,0.7280402644074258,0.7280402644074258
122,1.0295955271420287,6.572390350511192,6.622305139020151,6.522475562002233,1.0884420199113067,0.029166033022694635,6.766903707517754,0.6925486409756155,0.6821086451672739,0.6873286430714447,1.0390394754527859,1.096708320348546,1.0801757194740678,0.7383284033155189,0.7383284033155189
123,1.0311284144937864,6.392235668964602,6.4406300240928855,6.343841313836319,1.154955095149935,0.030653750618938658,6.591215830410099,0.7210926464770614,0.7102561868501417,0.7156744166636015,1.0413681365836258,1.1636990323147174,1.1462111579851528,0.7483344337787292,0.7483344337787292
124,1.0326613018455442,6.210202261618299,6.257059176309536,6.163345346927063,1.224941189523375,0.03213925819900944,6.413035552206895,0.7439432175391028,0.7328009595239199,0.7383720885315114,1.0438287400635196,1.2341835559393637,1.2156988231073862,0.758054981137585,0.758054981137585
125,1.034194189197302,6.026944889876532,6.072251341701078,5.981638438051986,1.2955795053755603,0.033622562319161796,6.233031383722683,0.7641191953766278,0.7527166602820106,0.7584179278293192,1.0464188372608965,1.305318786473644,1.2858402242774765,0.7674877253058243,0.7674877253058243
126,1.0357270765490598,5.8430873944320965,5.886834341840543,5.79934044702365,1.3651653389499119,0.03510366950651834,6.051843825055818,0.7856566148166735,0.7739796840203714,0.7798181494185225,1.0491359118035681,1.375386273920658,1.354944403979166,0.7766313535965264,0.7766313535965264
127,1.0372599639008178,5.659219919779588,5.7014022938043025,5.617037545754873,1.4333787383857393,0.036582586259243294,5.870082249697364,0.8125732680983324,0.800549464917611,0.8065613665079717,1.0519773798239422,1.4440627759242586,1.4226947008472202,0.7854855087764712,0.7854855087764712
128,1.0387928512525755,5.4758967054580125,5.516513399150148,5.435280011765877,1.501839483076254,0.03805931904671188,5.688322351827313,0.8470672134556679,0.8345937299140963,0.8408304716848821,1.054940590171244,1.5129791662258765,1.4906997999266316,0.7940507332604172,0.7940507332604172
129,1.0403257386043334,5.293634425925454,5.332688284053498,5.25458056779741,1.571768875207778,0.039533874309681784,5.507104144052224,0.889547438105697,0.8765182649774533,0.8830328515415752,1.0580228245920218,1.5833646209135666,1.5601731295019894,0.8023284103335682,0.8023284103335682
130,1.0418586259560911,5.112911053375001,5.1504088651626665,5.075413241587335,1.6426775944441145,0.041006258460460014,5.326930484704989,0.9386230827111651,0.924955697221392,0.9317893899662786,1.061221297879713,1.6547249026451092,1.63063028624312,0.8103207032539617,0.8103207032539617
131,1.0433915133078489,4.934165211509274,4.970117709453093,4.898212713565456,1.7120874565339435,0.042476477883071725,5.148266106947604,0.9915194440336736,0.9771746728001572,0.9843470584169155,1.0645331579946244,1.7245624787762257,1.699612434291661,0.8180304930390703,0.8180304930390703
132,1.0449244006596068,4.757795983333963,4.792217851409243,4.723374115258684,1.7788852564734938,0.04394453893342562,4.971537116345926,1.0455676907707707,1.0305473414329784,1.0380575161018746,1.0679554861554201,1.7917551974785055,1.7660153154684821,0.8254613156847945,0.8254613156847945
133,1.0464572880113645,4.584163132359379,4.617073027184105,4.551253237534652,1.8440386093713554,0.04541044793947822,4.797130919290478,1.0988465602147888,1.0831816900633906,1.0910141251390897,1.0714852969033206,1.8572770380517745,1.8308001806909364,0.832617299502008,0.832617299502008
134,1.0479901753631224,4.413587694142969,4.4450082828984625,4.382167105387475,1.9133881464646836,0.046874211201398966,4.625396541565409,1.1504197431327408,1.134155716906178,1.1422877300194594,1.0751195381403562,1.9270096685111324,1.8997666244182347,0.8395031031884699,0.8395031031884699
135,1.0495230627148802,4.24635289379291,4.276310912855425,4.216394874730395,1.9996275817236002,0.04833583499173102,4.456645294461729,1.2017226743882345,1.1848851564804732,1.1933039154343539,1.078855091143021,2.0137349540286134,1.985520209418587,0.8461238551833024,0.8461238551833024
136,1.051055950066638,4.082705344749922,4.111231682999037,4.0541790065008065,2.120325561792425,0.04979532555555421,4.29115174496827,1.253874445647468,1.2364740900769595,1.2451742678622137,1.0826887705525838,2.1351405237028445,2.1055105998820056,0.8524850947800147,0.8524850947800147
137,1.0525888374183958,3.9228564847624448,3.9499862952892397,3.8957266742356498,2.295137048871457,0.051252689110643464,4.129154946655317,1.3067918680719517,1.2888409117250752,1.2978163898985136,1.0866173243436776,2.3110098276770987,2.279264270065816,0.8585927154028514,0.8585927154028514
138,1.0541217247701535,3.766984206336847,3.792757049609185,3.741211363064509,2.5373173151335746,0.0527079318476292,3.970859888765725,1.3590932919277623,1.3406224550419938,1.349857873484878,1.0906374337723437,2.5546770591391694,2.5199575711279794,0.8644529103820311,0.8644529103820311
139,1.0556546121219115,3.6152346409356753,3.639694661140709,3.5907746207306417,2.830525004761978,0.0541610599301545,3.8164391226066483,1.4096275921629884,1.3906812119877496,1.400154402075369,1.0947457133053007,2.8496758222561955,2.811374187267761,0.8700721214969391,0.8700721214969391
140,1.0571874994736692,3.467724058702011,3.4909201926290687,3.444527924774953,3.1005042499112645,0.05561207949503109,3.666034526483862,1.458543056577829,1.4391598806746986,1.4488514686262637,1.098938710531716,3.121243994655912,3.0797645051666165,0.8754569904936482,0.8754569904936482
141,1.0587203868254271,3.3245408483624495,3.346527062349013,3.302554634375886,3.2044673002055934,0.05706099665239632,3.5197591729952262,1.5094586065581883,1.4896247433864056,1.499541674972297,1.1032129060591256,3.2256594307850595,3.1832751696261274,0.8806143137246951,0.8806143137246951
142,1.0602532741771848,3.1857475451021138,3.2065830896791208,3.164912000525107,3.044156818381897,0.05850781748586588,3.377699265396445,1.5716855428719407,1.5512607334884279,1.5614731381801843,1.1075647133951176,3.0640663260220458,3.0242473107417482,0.8855510000057119,0.8855510000057119
143,1.0617861615289428,3.051382877505425,3.071132540857145,3.0316332141537052,2.703864019446442,0.059952548052688716,3.2399161128616254,1.658626026817214,1.6372936321906386,1.6479598295039262,1.1119904788161286,2.72136441394841,2.686363624944474,0.8902740317352289,0.8902740317352289
144,1.0633190488807005,2.9214638080145185,2.940198137789789,2.902729478239248,2.3404656540012483,0.06139519438389753,3.1064481176773873,1.7865167190809457,1.763750094659194,1.77513340687007,1.1164864812252648,2.3554742449923354,2.325457063010161,0.8947904292810391,0.8947904292810391
145,1.0648519362324582,2.7959875447094475,2.8137829931978073,2.7781920962210878,2.0594556314193677,0.0628357624844613,2.9773127506656922,1.9676798338313735,1.9427911020356525,1.9552354679335129,1.1210489320005255,2.0725633209269025,2.0463479419118333,0.8991072185991356,0.8991072185991356
146,1.0663848235842162,2.674933505475529,2.691872436931868,2.6579945740191904,1.891022502214312,0.06427425833343459,2.852508494336031,2.1949927435207908,2.16736823121512,2.1811804873679552,1.1256739748350917,1.902997342142794,1.8790476622858299,0.9032314020190038,0.9032314020190038
147,1.0679177109359739,2.5582652187516643,2.574435702823024,2.5420947346803047,1.8287806422396948,0.06571068788410589,2.7320167363763956,2.418147896360593,2.3877702706949675,2.4029590835277803,1.1303576855714277,1.8403401428061676,1.8172211416732218,0.9071699321019131,0.9071699321019131
148,1.0694505982877318,2.4459321480025125,2.4614274553240847,2.4304368406809402,1.8602966591282757,0.06714505706414685,2.615803599052484,2.5211229962961634,2.4893807846469085,2.505251890471536,1.1350960720305974,1.8720818872941623,1.848511430962389,0.9109296884567595,0.9109296884567595
149,1.0709834856394895,2.33787142979169,2.352789152562674,2.322953707020706,1.9674274706728678,0.06857737177575741,2.5038216928552814,2.4192994518745023,2.3886205969641527,2.4039600244193275,1.1398850738387634,1.9799814277491692,1.9548735135965665,0.9145174573800996,0.9145174573800996
150,1.0725163729912472,2.2340095178420043,2.2484502673254276,2.219568768358581,2.116414877478927,0.07000763789581298,2.3960117853038314,2.1586932352548835,2.130964671563806,2.1448289534093448,1.1447205622521142,2.130095489313646,2.1027342656442087,0.917939914173616,0.917939914173616
151,1.0740492603430052,2.1342637277255143,2.1483294156904322,2.1201980397605964,2.265298764354912,0.07143586127600846,2.2923043781404937,1.865758826387066,1.8413275810872682,1.853543203737167,1.1495983399822602,2.2802280278535174,2.2503695008563063,0.9212036079823833,0.9212036079823833
152,1.075582147694763,2.0385436788391758,2.0523354650951644,2.024751892583187,2.3772832966639537,0.0728620477430013,2.1926211882554236,1.63477963929701,1.6128080544910324,1.6237938468940212,1.154514141023325,2.393366828960986,2.3611997643669214,0.9243149489908067,0.9243149489908067
153,1.0771150350465208,1.9467526320829833,1.960368697550741,1.9331365666152256,2.460038601065607,0.07428620309855558,2.0968765295329694,1.4937994029503605,1.4730485406338156,1.483423971792088,1.1594636304826869,2.4772447145148955,2.4428324876163185,0.92728019780979,0.92728019780979
154,1.0786479223982786,1.8587887231819948,1.8723220817201378,1.8452553646438519,2.5636499004359052,0.07570833311968193,2.0049785944376075,1.439422287658476,1.4186136692088345,1.4290179784336552,1.164442404416871,2.582315170370124,2.5449846305016868,0.9301054568877096,0.9301054568877096
155,1.0801808097500363,1.7745460928817245,1.7880826633284819,1.7610095224349671,2.756954595225435,0.07712844355877964,1.9168306355477442,1.463594441313083,1.441434336898853,1.452514389105968,1.1694459896740526,2.777985161997683,2.735924028453187,0.9327966637789977,0.9327966637789977
156,1.0817136971017942,1.6939159163247481,1.7075330330148597,1.6802987996346366,3.11924858452737,0.07854654014377559,1.8323320484272168,1.5487444661997958,1.5240428250465685,1.5363936456231821,1.174469843744954,3.1443237205194396,3.0941734485353,0.935359586107551,0.935359586107551
157,1.083246584453552,1.6167873347856911,1.6305527946752305,1.6030218748961518,3.7196842151733396,0.07996262857826228,1.7513793581943613,1.6699077714274937,1.6417123661368682,1.655810068782181,1.1795093546237023,3.751353911468003,3.688014518878676,0.9377998180664133,0.9377998180664133
158,1.0847794718053099,1.543048293641208,1.5570199483437346,1.5290766389386814,4.587684662035393,0.0813767145416369,1.6738671129461944,1.7922379035521045,1.7600732172102926,1.7761555603811985,1.1845598406800029,4.6292242212612305,4.546145102809556,0.940122778301564,0.940122778301564
159,1.0863123591570676,1.4725862909685343,1.4868121184507732,1.4583604634862954,5.520855299174572,0.0827888036892364,1.5996886878043846,1.8847567672455794,1.848690038592929,1.8667234029192543,1.1896165505443546,5.574189175445284,5.467521422903861,0.9423337090340018,0.9423337090340018
160,1.0878452465088255,1.4052890415523613,1.4198075891398947,1.390770493964828,5.941470394889798,0.08419890165247476,1.5287370038236796,1.955093673139798,1.91510921221892,1.9351014426793591,1.1946746630077965,6.002853866985218,5.880086922794379,0.944437676281888,0.944437676281888
161,1.0893781338605832,1.3410450613279625,1.3558861395345239,1.3262039831214012,5.500041481386081,0.08560701403897616,1.4609051663324073,2.043387767119155,1.998655282917263,2.021021525018209,1.1997292869376326,5.560909343412844,5.439173619359318,0.9464395710527369,0.9464395710527369
162,1.090911021212341,1.2797441774277036,1.2949296945887883,1.264558660266619,4.602330567052508,0.08701314643271019,1.3960870274882033,2.2095442121812634,2.1577219832332917,2.1836330977072773,1.2047754612104993,4.6569420831974275,4.547719050907588,0.9483441113833313,0.9483441113833313
163,1.092443908564099,1.2212779690405018,1.2368228189994934,1.2057331190815102,3.781811840855434,0.08841730439412408,1.3341776779418304,2.5164859273922104,2.453229662122347,2.4848577947572785,1.2098081546644917,3.8299480548292455,3.733675626881622,0.9501558451138814,0.9501558451138814
164,1.0939767959158568,1.1655401442583493,1.1814530845443227,1.1496272039723758,3.2214201588462084,0.08981949346027429,1.2750738725270545,3.0254592699194602,2.9439597108939033,2.984709490406682,1.2148222660712968,3.265401712700254,3.1774386049921626,0.9518791532907791,0.9518791532907791
165,1.0955096832676146,1.1124268579821965,1.1287113386099652,1.0961423773544279,2.883898406290871,0.09121971914495784,1.2186743948464638,3.7577305579517026,3.6493012574173442,3.7035159076845234,1.2198126241304756,2.92611492362207,2.841681888959672,0.953518254101063,0.953518254101063
166,1.0970425706193723,1.0618369757978794,1.0784918966888282,1.0451820549069306,2.69372956197245,0.09261798693884289,1.1648803655080058,4.508599374195188,4.369348692503943,4.438974033349566,1.2247739874861563,2.7359807302580057,2.651478393686895,0.9550772072487534,0.9550772072487534
167,1.0985754579711302,1.0136722885405494,1.0306926763033462,0.9966519007777526,2.574341181619462,0.09401430230959745,1.1135954986160777,4.805571912670554,4.646857876457521,4.726214894564038,1.2297010447686034,2.617566478039457,2.5311158851994673,0.9565599186918257,0.9565599186918257
168,1.100108345322888,0.9678376820282448,0.9852152851738951,0.9504600788825945,2.4669352238848843,0.09540867070201708,1.0647263109172318,4.394136970453659,4.239126041189207,4.316631505821434,1.2345884146609518,2.511229243535843,2.422641204233926,0.9579701456650584,0.9579701456650584
169,1.1016412326746456,0.9242412661950823,0.9419650728316887,0.9065174595584758,2.352078330436114,0.09680109753815352,1.0181822877799258,3.6528872873218434,3.5154234474977555,3.5841553674097995,1.2394306459930342,2.397183199746291,2.3069734611259367,0.9593115019213139,0.9593115019213139
170,1.1031741200264036,0.8827944675801458,0.9008511522452832,0.8647377829150084,2.2472325018992216,0.09819158821744052,0.9738760099369048,3.01584865681527,2.894949154032452,2.955398905423861,1.2442222178634517,2.293197412358244,2.2012675914401987,0.9605874631301634,0.9605874631301634
171,1.1047070073781613,0.8434120888492487,0.8617863962072849,0.8250377814912124,2.183081112373074,0.09958014811681895,0.9317232446592174,2.5932332757286267,2.48265166184141,2.537942468785018,1.2489575397901411,2.230641022737883,2.135521202008265,0.9618013723782746,0.9618013723782746
172,1.1062398947299192,0.8060123387412421,0.8246874119959511,0.7873372654865332,2.176242855863939,0.10096678259086289,0.8916430047601277,2.347038593997781,2.240741063474173,2.293889828735977,1.2536309518920103,2.2266657747199536,2.1258199370079245,0.9629564457222957,0.9629564457222957
173,1.107772782081677,0.7705168355456635,0.7894744970104498,0.7515591740808772,2.2211397405562283,0.10235149697190193,0.8535575785531896,2.2156547007139666,2.1092456098616204,2.1624501552877935,1.2582367251019506,2.275788274274026,2.16649120683843,0.9640557777494962,0.9640557777494962
174,1.109305669433435,0.7368505869393749,0.7560715775354075,0.7176295963433422,2.2836329667695123,0.10373429657014588,0.8173925336172027,2.1313635670245525,2.022995734412601,2.077179650718577,1.2627690614117106,2.343202285919255,2.2240636476197695,0.9651023471056734,0.9651023471056734
175,1.1108385567851926,0.7049419487332038,0.7244061324121311,0.6854777650542765,2.311098723163787,0.1051151866738052,0.7830766969481333,2.0518368582447053,1.941574595955223,1.9967057270999642,1.2672220941508971,2.3749105733858245,2.2472868729417494,0.9660990219550165,0.9660990219550165
176,1.1123714441369503,0.6747225648186408,0.6944091031326508,0.6550360265046308,2.263437738179904,0.10649417254921392,0.7505421138190985,1.9664092906238826,1.854913655943249,1.9106614732835658,1.2715898883000618,2.3294785912319016,2.1973968851279064,0.9670485653390359,0.9670485653390359
177,1.1139043314887083,0.64612729034849,0.6660147916625521,0.626239789034428,2.1381005701254794,0.10787125944094941,0.7197239874122453,1.895167890362789,1.7819867587069191,1.838577324534854,1.2758664408394944,2.203910323920329,2.07229081633063,0.9679536404061464,0.9679536404061464
178,1.115437218840466,0.6190940999470267,0.6391607471355722,0.5990274527584811,1.9724381192350129,0.10924645257195155,0.6905606010454529,1.8632853018877507,1.746288477748757,1.804786889818254,1.2800456811333736,2.0363705970979327,1.9085056413720936,0.968816815485207,0.968816815485207
179,1.116970106192224,0.5935639825141652,0.6137876424092672,0.5733403226190632,1.8060151334101295,0.11061975714364287,0.6629932245807264,1.8823348970501315,1.758292970701798,1.8203139338759649,1.2841214713525784,1.8675489139282595,1.7444813528919998,0.9696405689801604,0.9696405689801604
180,1.1185029935439816,0.5694808239793954,0.5898391413460331,0.5491225066127576,1.6625905458333312,0.11199117833604519,0.636966006386847,1.9428525547365836,1.8087373150607333,1.8757949348986585,1.2880876069331508,1.7220263416628165,1.6031547500038459,0.9704272940633389,0.9704272940633389
181,1.1200358808957396,0.5467912791571345,0.5672617575478511,0.526320800766418,1.5548484776772844,0.11336072130789822,0.6124258520168694,2.0073194840153237,1.8624453070624247,1.934882395538874,1.2919378170755436,1.6130580603396019,1.4966388950149672,0.9711793031486817,0.9711793031486817
182,1.1215687682474973,0.525444633674081,0.5460047051615199,0.5048845621866421,1.485900243387771,0.11472839119677454,0.5893222905720965,2.0295104767008323,1.8766660777752528,1.9530882772380425,1.2956657652811825,1.5440418881385,1.427758598637042,0.9718988321262454,0.9718988321262454
183,1.123101655599255,0.5053926567702891,0.5260197422569297,0.48476557128364856,1.4557524943126037,0.11609419311919664,0.5676073295464177,1.9788151352772583,1.82362252299053,1.9012188291338943,1.299265049930883,1.5151675466393821,1.3963374419858252,0.9725880443410859,0.9725880443410859
184,1.124634542951013,0.48658944561969175,0.5072610071742869,0.4659178840650966,1.4618146232386828,0.11745813217075105,0.5472352987792888,1.8660654508107317,1.7139761465442054,1.7900207986774685,1.3027292049014099,1.523916239370537,1.3997130071068289,0.9732490343007018,0.9732490343007018
185,1.1261674303027707,0.4689912616776415,0.48968484813944135,0.44829767521584163,1.4963503895694026,0.11882021342620196,0.5281626839979638,1.7285458721153666,1.5824526711771956,1.655499271646281,1.3060517002250014,1.5623747671941308,1.4303260119446743,0.9738838310955559,0.9738838310955559
186,1.1277003176545284,0.45255635943955475,0.47324964635635997,0.4318630725227495,1.5490421383143655,0.12018044193960556,0.5103479502965628,1.5971643144868644,1.4574892839087246,1.5273267991977943,1.3092259427901265,1.6198725945564505,1.4782116820722806,0.9744944015183626,0.9744944015183626
187,1.1292332050062863,0.4372448078917225,0.4579156327141336,0.41657398306931137,1.614324253873308,0.1215388227444221,0.4937513557879277,1.4910432503558892,1.3564285238480218,1.4237358871019556,1.3122452770824715,1.6906417155243292,1.5380067922222869,0.9750826528672636,0.9750826528672636
188,1.1307660923580443,0.4230183048331265,0.44364469816535235,0.4023919115009007,1.6996592436336184,0.12289536085362712,0.4783347555520785,1.4184821906019613,1.2865830753004257,1.3525326329511935,1.3151029859712011,1.782534711880247,1.6167837753869898,0.9756504354191302,0.9756504354191302
189,1.132298979709802,0.40983998418987966,0.43040019779735866,0.38927977058240065,1.8313272443526767,0.12425006125982296,0.46406139594248214,1.382591179722579,1.2504984430910016,1.3165448114067901,1.3177922915354296,1.9231984154964918,1.7394560732088615,0.9761995445585235,0.9761995445585235
190,1.1338318670615597,0.3976742163696454,0.41814674855903256,0.37720168418025823,2.0554937004381224,0.12560292893534933,0.4508956992286377,1.3841652459388432,1.24862733896926,1.3163962924540515,1.320306355934871,2.1613118782708707,1.949675522605374,0.976731722548553,0.976731722548553
191,1.1353647544133176,0.38648640168106896,0.4068500205985036,0.3661227827636343,2.4483476727078326,0.12695396883239246,0.43880303852871366,1.4197600690488028,1.2776366744978087,1.3486983717733056,1.3226382823228666,2.577348896987782,2.3193464484278827,0.9772486599289625,0.9772486599289625
192,1.1368976417650754,0.37624275681635067,0.3964765221496614,0.35600899148303994,3.1407661438337815,0.1283031858830932,0.4277495029556998,1.480717315943858,1.329583591639909,1.4051504537918835,1.3247811158051481,3.309671787782588,2.9718604998849747,0.9777519965275938,0.9777519965275938
193,1.138430529116833,0.36691009440762157,0.3869933779293961,0.34682681088584705,4.382709613712456,0.12965058499965637,0.4177016529147758,1.5590396847811996,1.3972248435108605,1.4781322641460302,1.3267278444396895,4.622602713159343,4.1428165142655695,0.9782433220705349,0.9782433220705349
194,1.139963416468591,0.3584555957032718,0.37836810104973617,0.3385430903568074,6.714203989772032,0.13099617107445738,0.4086262655301857,1.654060918880384,1.4799632779893834,1.5670120984348836,1.3284714002802644,7.0871835845842766,6.341224394959788,0.9787241763761579,0.9787241763761579
195,1.1414963038203487,0.35084657644221195,0.37056835848462366,0.33112479439980025,11.277866184865578,0.1323399489801482,0.4004900702168084,1.7826647524633683,1.5929166269270039,1.687790689695186,1.3300046604678901,11.911817415220648,10.643914954510509,0.979196049119776,0.979196049119776
196,1.1430291911721067,0.3440502461424684,0.3635617302796081,0.32453876200532866,20.793826895200105,0.1336819235697647,0.39325947457078986,1.983222423385546,1.770352862969785,1.8767876431776656,1.3313204483591725,21.97306867213556,19.614585118264646,0.9796603791533718,0.9796603791533718
197,1.1445620785238644,0.33803346108807775,0.35731546275770193,0.31875145941845356,41.64047350520745,0.13502209967683015,0.3869002808335861,2.322533311690351,2.0718691459240968,2.1972012288072236,1.3324115347056198,44.01571670470286,39.26523030571205,0.9801185533679719,0.9801185533679719
198,1.1460949658756223,0.3327624715070412,0.3517962161916099,0.3137287268224725,80.93013928141427,0.13636048211546134,0.38137739342655014,2.914223625852134,2.5988786284062497,2.756551127129192,1.333270638872506,85.55927790210283,76.3010006607257,0.9805719050850034,0.9805719050850034
199,1.14762785322738,0.3282026636187605,0.3469698075968523,0.3094355196406687,98.15308599288203,0.13769707568047068,0.37665451827230606,3.9654692530402307,3.536495141846255,3.750982197443243,1.3338904301015284,103.7656336681872,92.54053831757683,0.9810217119652402,0.9810217119652402
