,m,spdy,spdy_up,spdy_dn,epk,ret,spd_ret,cb_ret_up,cb_ret_dn,epk_ret,volatility,epk_up,epk_dn,cdf_m,cdf_ret
0,0.30140371808386524,0.7032749404921191,0.9988494821575091,0.40770039882672915,249951098320.1994,-1.1993046568211547,0.21196968189953377,5367836442959663.0,2190989831525191.8,3779413137242427.5,1.4650554708502088,355001309938.79706,144900886701.60178,0.12842611003339133,0.12842611003339133
1,0.31828786169520645,0.7152669235862176,1.054144465674453,0.3763893814979822,79366350998.61859,-1.1447990802148102,0.22766077964956583,2701793778939676.0,964693666289430.5,1833243722614553.5,1.4568726648325163,116968360911.33069,41764341085.9065,0.14033523331641695,0.14033523331641695
2,0.3351720053065477,0.726017738637517,1.1092203174671944,0.3428151598078395,25975511318.849155,-1.0931114302504776,0.24334082134726162,4836977650938043.0,1494914256691223.2,3165945953814633.0,1.4490021855899788,39685758870.76498,12265263766.933342,0.15245570559195065,0.15245570559195065
3,0.35205614891788894,0.7356260634679727,1.163680084336521,0.30757204259942444,8578377166.535979,-1.0439646021337654,0.258981678948161,3528257799965142.5,932553089942550.4,2230405444953846.5,1.4414362209091964,13570055712.224894,3586698620.8470664,0.16476815588134353,0.16476815588134353
4,0.36894029252923016,0.7441664277971088,1.217125225379236,0.2712076302149817,2920095890.299329,-0.9971204568979514,0.27455297956189756,3595245893931840.0,801115693440324.2,2198180793686082.2,1.4341670730193357,4775977840.239999,1064213940.3586581,0.1772543659126783,0.1772543659126783
5,0.3858244361405714,0.7516948218514192,1.269168333107257,0.2342213105955815,1028284067.0914476,-0.9523728416346008,0.29002223079061107,3828429869131868.0,706525555420989.6,2267477712276428.5,1.427187157233122,1736164115.347816,320404018.8350793,0.18989693895136173,0.18989693895136173
6,0.4027085797519126,0.7582532142443638,1.3194427507344901,0.19706367775423728,374237064.86867374,-0.909542105784486,0.30535507500067044,3881137873628613.0,579662363389967.9,2230400118509290.5,1.4204890006280568,651213042.0564123,97261087.68093508,0.2026790528766007,0.2026790528766007
7,0.4195927233632538,0.7638731858930404,1.367609594283914,0.16013677750216704,140657367.64903533,-0.8684707444519922,0.3205156303730259,1.3464615297472426e+16,1576604985118287.0,7520610141295356.0,1.4140652407675014,251827618.84572282,29487116.452347904,0.21558428077097047,0.21558428077097047
8,0.4364768669745951,0.7685788471253664,1.4133626278390885,0.1237950664116444,54560051.44123423,-0.829019901728626,0.3354668872162262,6350333767078343.0,556219596405709.7,3453276681742026.5,1.4079086244605679,100332110.32080406,8787992.561664408,0.2285964655040078,0.2285964655040078
9,0.45336101058593625,0.7723891721728006,1.4564313807497011,0.0883469635959,21829027.705466293,-0.7910665380206985,0.35017113566189556,4828760952524043.0,292912095773677.0,2560836524148860.0,1.4020120065591148,41161220.41439373,2496834.996538854,0.24169963736184685,0.24169963736184685
10,0.4702451541972775,0.7753198585068007,1.4965828401585552,0.05405687685504634,9003631.751831656,-0.7545011155914066,0.3645904064157419,5517052255023754.0,199277050591518.44,2858164652807636.5,1.3963683487933698,17379511.99244276,627751.5112205524,0.25487796582506594,0.25487796582506594
11,0.4871292978086188,0.7773847971355063,1.5336220021971778,0.021147592073834875,3826649.273458108,-0.7192256925577322,0.3786869103557148,1.3771820949694772e+16,189903934046841.53,6980862441870807.0,1.3909707186429123,7549200.270048804,104098.27686741175,0.2681157382315864,0.2681157382315864
12,0.50401344141996,0.7785972230711556,1.5673915211246947,-0.010197074982383536,1675105.2326013467,-0.6851523417823453,0.3924234658801174,1.1121651722726202e+16,-72354810534650.08,5524648456095775.0,1.3858122882441273,3372148.8605039795,-21938.395301286484,0.2813973593680055,0.2813973593680055
13,0.5208975850313012,0.7789706018890071,1.5977706572656603,-0.03982945348764588,749188.8512442658,-0.652201830388213,0.405763905334363,4.119786112406312e+17,-1.0269861234274338e+16,2.0085437500317843e+17,1.380886333332266,1536684.3888149923,-38306.6863264605,0.2947073670839778,0.2947073670839778
14,0.5377817286426425,0.7785192978488467,1.6246736915574194,-0.06763509585972616,343703.86169854057,-0.6203025099851237,0.41867345377880905,9979346802659220.0,-415439777921370.7,4781953512368925.0,1.3761862322177747,717267.540228304,-29859.816831222935,0.3080304598736938,0.3080304598736938
15,0.5546658722539837,0.7772590608521647,1.6480479461999167,-0.09352982449558733,162568.25088291653,-0.5893893785045229,0.4311190749548781,4.116752939707795e+16,-2336334818597905.5,1.9415597289240024e+16,1.3717054647958316,344698.8082598397,-19562.30649400663,0.32135153306278963,0.32135153306278963
16,0.571550015865325,0.7752073630513036,1.6678715268157729,-0.11745680071316578,79209.25061286257,-0.5594032827519301,0.44306978065088926,3.0229959039845184e+17,-2.128889556193291e+16,1.4050534741825947e+17,1.3674376115881872,170420.01928052524,-12001.51805480011,0.3346557208102674,0.3346557208102674
17,0.5884341594766662,0.7723836108242186,1.684150881072366,-0.13938365942392883,39724.32054796611,-0.5302902370849993,0.45449690082890154,3.5864397500793588e+16,-2968208503689415.5,1.6448094498552088e+16,1.363376352816697,86617.25664979694,-7168.615553864717,0.34792844161097625,0.34792844161097625
18,0.6053183030880074,0.7688092537675978,1.6969182514201115,-0.15929974388491608,20489.893516451044,-0.5020008384976986,0.46537431288895953,5.203233680449185e+16,-4884582931294769.0,2.357387693659854e+16,1.359515467507098,45225.35870546488,-4245.571672562794,0.36115544538391253,0.36115544538391253
19,0.6222024466993485,0.7645078090992147,1.706229084984717,-0.17721346678628758,10861.52996105611,-0.47448976219050987,0.4756786293422898,inf,-inf,inf,1.3558488326227185,24240.77047535013,-2517.710553237908,0.37432286057150865,0.37432286057150865
20,0.6390865903106899,0.7595048172116142,1.7121594513282457,-0.1931498169050173,5912.53607955324,-0.4477153246917186,0.48538934395631433,inf,-inf,inf,1.352370422226719,13328.69035260614,-1503.6181934996605,0.3874172399655754,0.3874172399655754
21,0.6559707339220311,0.7538277419397864,1.7148035083948452,-0.20714802451527248,3302.52817494148,-0.4216391039569672,0.49448893713102915,inf,-inf,inf,1.3490743066720974,7512.5742737852615,-907.5179239023026,0.4004256042274128,0.4004256042274128
22,0.6728548775333723,0.7475058272818957,1.7142710482443815,-0.21925939368059,1891.3066189979065,-0.3962256077558803,0.502962941871242,inf,-inf,inf,1.3459546518184493,4337.373786222527,-554.7605482267137,0.4133354822868539,0.4133354822868539
23,0.6897390211447135,0.740569920766114,1.710685146812515,-0.22954530528028694,1107.6039147123877,-0.37144198316297783,0.5107999722384375,inf,-inf,inf,1.3430057182745014,2558.5181254590525,-343.3102960342773,0.42613494799566376,0.42613494799566376
24,0.7066231647560548,0.7330522723209032,1.7041799357817193,-0.23807539113991294,662.1800286901275,-0.34725776118651014,0.5179917165990139,inf,-inf,inf,1.3402218606653726,1539.4180761437904,-215.05801876353516,0.43881265257634994,0.43881265257634994
25,0.723507308367396,0.7249863163369008,1.694898509504407,-0.2449258768306053,405.3351193713635,-0.3236446315554032,0.5245328983361046,inf,-inf,inf,1.3375975269236628,947.6066984870723,-136.93645974434537,0.4513578525519488,0.4513578525519488
26,0.7403914519787372,0.716406443570795,1.6829909755867056,-0.2501780884451157,253.80264338062025,-0.30057624348890916,0.5304212069623042,inf,-inf,inf,1.335127257603199,596.2363435211402,-88.63105675989964,0.46376043296860325,0.46376043296860325
27,0.7572755955900785,0.7073477686099024,1.6686126541851598,-0.253917116965355,162.42833327221518,-0.2780280289328113,0.5356572027633769,inf,-inf,inf,1.3328056852146422,383.1636775059849,-58.30701096155454,0.4760109258311018,0.4760109258311018
28,0.7741597392014197,0.6978458977746729,1.6519224280857978,-0.25623063253645206,106.1702871579763,-0.2559770452889377,0.5402441982240214,inf,-inf,inf,1.33062753358161,251.3235072554666,-38.98293293951401,0.488100523765296,0.488100523765296
29,0.7910438828127608,0.6879367015698118,1.6330812432142217,-0.25720784007459807,70.83894517703067,-0.23440183511391627,0.5441881195391874,inf,-inf,inf,1.3285876172166986,168.16336792862555,-26.485477574564214,0.5000210890001248,0.5000210890001248
30,0.8079280264241022,0.6776560950980571,1.612250757229803,-0.2569385670336888,48.226817223394974,-0.21328230063635698,0.547497351506837,1.2472576818332844e+16,-1987709418370126.2,5242433699981359.0,1.3266808407159485,114.73920643471945,-18.285571987929504,0.5117651578284362,0.5117651578284362
31,0.8248121700354434,0.6670398292141662,1.5895921322681472,-0.2555124738398148,33.492107056001615,-0.19259959125312717,0.5501825690342079,3194962518060530.0,-513561158389918.44,1340700679835306.0,1.3249021981711195,79.81350968505558,-12.829295573052338,0.5233259407598476,0.5233259407598476
32,0.8416963136467845,0.6561232946199056,1.565264966631553,-0.2530183773917418,23.72425996737628,-0.1723360024263483,0.5522565583793577,944150337882454.9,-152617858060778.47,395766239910838.2,1.3232467725983932,56.59721776484983,-9.148697830097273,0.5346973186222382,0.5346973186222382
33,0.8585804572581259,0.644941340577648,1.539426359250047,-0.2495436780947511,17.139517156778545,-0.15247488462224437,0.5537340310978257,332741246535189.44,-53937932149397.8,139401657192895.81,1.3217097353827707,40.91073534273878,-6.631701029181693,0.5458738349017956,0.5458738349017956
34,0.8754646008694671,0.6335281094507372,1.5122301000017964,-0.2451738811003219,12.619254227755107,-0.13300056111825165,0.5546314334798778,121449855076575.61,-19690344960175.24,50879755058200.19,1.3202863457369862,30.122130017768526,-4.8836215622583135,0.5568506846358284,0.5568506846358284
35,0.8923487444808083,0.6219168878600487,1.4838259784680328,-0.2399922027479353,9.48611534546893,-0.11389825366176226,0.5549667540533261,45993854165988.38,-7438989837311.748,19277432164338.316,1.3189719501739663,22.632838340801815,-3.660607649863958,0.5676237001887272,0.5676237001887272
36,0.9092328880921494,0.6101399748761878,1.45435920335186,-0.23407925359948445,7.282143064085325,-0.09515401509730313,0.5547593314971477,17507071049703.445,-2817764768554.4062,7344653140574.52,1.3177619819917905,17.35806900298009,-2.79378287480944,0.5781893342504228,0.5781893342504228
37,0.9261170317034908,0.5982285673438679,1.4239699246006525,-0.22751278991291668,5.710004446943915,-0.07675466819271912,0.5540296650687347,6804510687558.733,-1087181115115.8334,2858664786221.4497,1.3166519607703098,13.59158529972108,-2.17157640583325,0.5885446403994382,0.5885446403994382
38,0.943001175314832,0.5862126621579544,1.3927928502243865,-0.22036752590847775,4.573811732150186,-0.05868774999226436,0.5527992293993875,2686791709101.737,-425103877773.90765,1130843915663.9146,1.3156374918781917,10.866998770310943,-1.719375306010573,0.5986872515695949,0.5986872515695949
39,0.9598853189261731,0.5741209750748646,1.3609569498422136,-0.2127149996924843,3.7426742147735106,-0.04094146110800675,0.5510902952619419,1078219857728.485,-168523726435.09113,454848065646.697,1.3147142659896676,8.872029946174772,-1.3866815166277506,0.608615356752055,0.608615356752055
40,0.9767694625375145,0.5619808754487392,1.3285852371397218,-0.20462348624224336,3.1278913533063304,-0.023504619432814625,0.5489257576684269,439812590983.954,-67738209897.71093,186037190543.12155,1.313878058609853,7.394682731972849,-1.1389000253601882,0.6183276762528424,0.6183276762528424
41,0.9936536061488557,0.5498183361238516,1.2957946236287365,-0.19615795138103354,2.668456446738786,-0.006366617820189971,0.5463289724162288,182333351153.16565,-27601701672.81931,77365824740.17317,1.3131247296078126,6.288934525989811,-0.9520216325122394,0.6278234358113769,0.6278234358113769
42,1.0105377497601968,0.5376578975918853,1.2626958363800465,-0.18738004119627594,2.321693691286123,0.010482614670144231,0.5433236019733021,76827728511.82397,-11400990261.307058,32713369125.25846,1.3124502227563541,5.452524682455355,-0.8091372998831097,0.6371023398683348,0.6371023398683348
43,1.027421893371538,0.5255226454307504,1.2293933927149925,-0.17834810185349148,2.0571086441402215,0.027052648315458113,0.539933471378081,32901751812.592224,-4773057198.942385,14064347306.82492,1.3118505652777193,4.812344048713573,-0.6981267604331296,0.6461645442521274,0.6461645442521274
44,1.0443060369828794,0.5134341999783425,1.1959856251995253,-0.16911722524284023,1.852571757143978,0.043352585376132194,0.536182434630858,14320799110.940367,-2025019162.3317595,6147889974.304303,1.3113218673942297,4.315351784684938,-0.6102082703969818,0.6550106285327675,0.6550106285327675
45,1.0611901805942205,0.5014127171559197,1.1625647506543484,-0.15973931634250893,1.6905615716416393,0.0593910901235039,0.5320942518709293,6318267336.359525,-868145799.3726416,2725060768.4934416,1.310860321883108,3.919699729893822,-0.538576586610543,0.6636415682707206,0.6636415682707206
46,1.078074324205562,0.48947689934003386,1.129216977294084,-0.15026317861401645,1.557353309328322,0.07517641649746122,0.5276924774702408,2828981830.0311766,-376448291.6652735,1226266769.1829515,1.3104622036344622,3.592794264468434,-0.4780876458117899,0.6720587073664834,0.6720587073664834
47,1.094958467816903,0.4776440151837782,1.0960226444913923,-0.14073461412383603,1.4418406809334734,0.09071643361480884,0.5230003590275434,1287752082.2006142,-165353602.2148246,561199239.9928949,1.310123869211861,3.30851007406414,-0.42482871219719376,0.6802637306950678,0.6802637306950678
48,1.1118426114282443,0.465929927307717,1.0630563900638192,-0.13119653544838528,1.3351452493243121,0.10601864932576521,0.5180407471203841,595933536.4475346,-73546818.46625923,261193358.99063766,1.3098417564144704,3.046240659317385,-0.37595016066876097,0.6882586371880014,0.6882586371880014
49,1.1287267550395854,0.45434912681253753,1.0303873403561492,-0.1216890867310742,1.230842744830893,0.1210902319951127,0.5128360155621846,280361295.4750819,-33110762.006558802,123625266.73426157,1.309612383840103,2.7913441611306067,-0.32965867146882094,0.696045713504682,0.696045713504682
50,1.1456108986509268,0.44291477360858306,0.9980793187556571,-0.11224977153849097,1.1254119395459163,0.13593803066618287,0.5074079918195006,134085629.99680147,-15080045.29389543,59502792.35145301,1.3094323504484946,2.5360418050406257,-0.2852179259487927,0.7036275084148307,0.7036275084148307
51,1.162495042262268,0.4316387416094434,0.966191068622927,-0.10291358540404028,1.0183928076230206,0.15056859374965068,0.501777897169302,65189466.12084935,-6943638.69315592,29122913.71384671,1.3092983351238854,2.2795961998367162,-0.24281058459067464,0.7110068079947135,0.7110068079947135
52,1.1793791858736091,0.42053166789392127,0.9347764869214429,-0.09371315113360035,0.9118436717247065,0.1649881863647843,0.49596629611480386,32217242.112926744,-3229840.8458900647,14493700.633518338,1.309207096236519,2.026886651236406,-0.2031993077869931,0.7181866117218341,0.7181866117218341
53,1.1962633294849505,0.40960300500431196,0.9038848651170241,-0.08467885510840023,0.8091422591477291,0.17920280644808875,0.48999305453349906,16184426.84049518,-1516209.4071144366,7334108.716690373,1.3091554712021027,1.7855617093495932,-0.1672771910541352,0.725170109536031,0.725170109536031
54,1.2131474730962917,0.39886107561317363,0.8735611341371244,-0.07583898291077718,0.7135168867583267,0.1932181997330079,0.4838773059965905,8263878.500138633,-717435.9250401065,3773221.287549263,1.309140376038865,1.5627010478883832,-0.13566727437172973,0.7319606599194503,0.7319606599194503
55,1.2300316167076328,0.3883131288584301,0.8438461103758053,-0.06721985265894503,0.6274981294208491,0.20703987369431942,0.4776374256785341,4288692.440468303,-341632.5209100313,1973529.959779136,1.3091588049214489,1.363620790614383,-0.10862453177268457,0.7385617690336361,0.7385617690336361
56,1.2469157603189742,0.3779653977129498,0.8147767398531935,-0.058845944427293906,0.5522601439963901,0.22067311054191516,0.47129101126350625,2262006.8363250215,-163369.8190850722,1049318.5086199748,1.309207829731154,1.1905024174143262,-0.08598212942154586,0.7449770709391941,0.7449770709391941
57,1.2637999039303154,0.36782315682091177,0.7863863377112141,-0.050740024069390544,0.48775116088073484,0.23412297934068968,0.4648548702536136,1212442.8217613527,-78230.47655937618,567106.1726009883,1.3092845996020097,1.0427860291192732,-0.06728370735780342,0.7512103089118529,0.7512103089118529
58,1.2806840475416565,0.35789078029755,0.7587048202341926,-0.04292325963909266,0.43319200242853145,0.24739434732613125,0.4583450130893081,660379.6276584861,-37360.57220461963,311509.52772693324,1.3093863404621615,0.9183384384928197,-0.05195443363575689,0.7572653178585255,0.7572653178585255
59,1.2975681911529977,0.34817179905046713,0.7317589265193383,-0.035415328418404,0.38745179447056266,0.2604918904788239,0.45177665150439966,365471.8494019784,-17687.936703168452,173891.956349405,1.309510354570129,0.8143143987335807,-0.03941080979245534,0.7631460078278699,0.7631460078278699
60,1.3144523347643389,0.33866895723952406,0.7055724267940762,-0.028234512315027993,0.34931999816051523,0.27342010341535355,0.44516420155569647,205494.73364637353,-8223.17223218995,98635.78070709179,1.3096540200455158,0.72776247589619,-0.02912247957515955,0.7688563486020169,0.7688563486020169
61,1.3313364783756803,0.3293842675476141,0.6801663141851204,-0.02139777908989232,0.3176672761393947,0.28618330864797153,0.4385212907891934,117378.38621163981,-3692.6803425921244,56842.85293452384,1.3098147903938213,0.6559711608500716,-0.020636608571282165,0.7744003553493137,0.7744003553493137
62,1.3482206219870214,0.32031906498644314,0.655558976505178,-0.014920846532291754,0.29152128379075604,0.2987856652607489,0.4318607690303235,68102.91005883427,-1550.0559153464767,33276.42707174389,1.3099901940248841,0.59662197889917,-0.013579411317658024,0.7797820753122376,0.7797820753122376
63,1.3651047655983626,0.3114740590089279,0.6317663443549676,-0.008818226337111823,0.2700881783766253,0.31123117704580033,0.42519472231335304,40130.79221512834,-560.1476115381241,19785.322301795106,1.3101778337648302,0.5478228962290631,-0.0076465394758124805,0.7850055754998209,0.7850055754998209
64,1.381988909209704,0.30284938374410153,0.6088020115937876,-0.003103244105584435,0.25276341688627824,0.3235237001394007,0.41853448949534194,24013.947494294116,-122.40620036453652,11945.770646964791,1.3103753863610574,0.5081168558286109,-0.0025900220560544605,0.7900749313500781,0.7900749313500781
65,1.3988730528210451,0.29444464621000016,0.5866773240579208,0.002211968362079486,0.23909060513357444,0.335666950194435,0.4118906811305955,14590.058902659011,55.009367790686646,7322.53413522485,1.310580601980192,0.4763850802949003,0.001796129972248564,0.794994216324798,0.794994216324798
66,1.4157571964323863,0.28625897239638587,0.5654014324053283,0.007116512387443541,0.22868258159251822,0.34766450912256397,0.4052732002135231,8998.844457163435,113.26534455287961,4556.054900858157,1.3107913036986294,0.4516800228693568,0.00568514031567966,0.7997674923967651,0.7997674923967651
67,1.4326413400437277,0.27829105114114233,0.5449813052390453,0.011600797043239353,0.22128126358999883,0.35951983143671123,0.3986912644290237,5633.469497880161,119.91739104797662,2876.6934444640688,1.3110053869856528,0.43333823118538023,0.009224295994617476,0.8043988013877252,0.8043988013877252
68,1.4495254836550688,0.2705391757530936,0.5254216993666463,0.015656652139540927,0.21670317080397444,0.3712362502219722,0.3921534295811467,3578.8455310659574,106.64336781026239,1842.7444494381098,1.311220819178893,0.42086528852989186,0.012541053078057042,0.8088921571143235,0.8088921571143235
69,1.4664096272664102,0.2630012833590667,0.5067250853396233,0.01927748137851007,0.21481831873073648,0.38281698276076664,0.3856676139011565,2306.7554166206046,87.75652888563181,1197.2559727531182,1.311435638952081,0.41389087346289644,0.015745763998576516,0.8132515382986472,0.8132515382986472
70,1.4832937708777514,0.25567499197513066,0.48889152844982514,0.02245845550043618,0.21552789638195952,0.3942651358359834,0.3792411229659304,1508.209588559839,69.28338078878896,788.7464846743139,1.3116479557749705,0.41212385251976846,0.0189319402441506,0.8174808821998373,0.8174808821998373
71,1.5001779144890923,0.24855763532070438,0.47191852825606473,0.025196742385344056,0.21873698418553758,0.4055837107339898,0.37288067498575467,1000.070233335602,53.395894689125875,526.7330640123639,1.311855949365488,0.41530019996698314,0.02217376840409204,0.8215840789234752,0.8215840789234752
72,1.5170620581004337,0.2416462954106338,0.4558008235102283,0.027491767311039278,0.2243183421585892,0.4167756079676598,0.3665924262480015,672.3778844867436,40.55467957043651,356.46628202859006,1.312057869134016,0.4231162944608287,0.02552038985634972,0.8255649663660432,0.8255649663660432
73,1.5339462017117749,0.23493783297364842,0.4405301739200549,0.029345492027241987,0.23206445267577533,0.42784363173801354,0.36038199652832337,458.2640216907449,30.52681516734896,244.39541842904694,1.3122520336199457,0.4351423200084949,0.028986585343055763,0.8294273257525616,0.8294273257525616
74,1.550830345323116,0.22842891575713237,0.42609513519926334,0.030762696315001364,0.24162777658820042,0.4387904941516427,0.35425449430541855,316.5515156487636,22.853999821899738,169.7027577353317,1.3124368299204514,0.4507153562060892,0.032540196970311616,0.8331748777266466,0.8331748777266466
75,1.5677144889344574,0.2221160447869385,0.41248084871570934,0.03175124085816766,0.2524321358331287,0.4496188192097836,0.34821454163729837,221.56934099400735,17.055583391545426,119.31246219277638,1.3126107131117255,0.4687793794070436,0.03608489225921372,0.8368112789534528,0.8368112789534528
76,1.5845986325457986,0.2159955786584919,0.3996688709357109,0.03232228638127285,0.26367594200508504,0.46033114658371893,0.34226629857818475,157.11852213711478,12.706593476816158,84.91255780696547,1.3127722056626934,0.4878945517709058,0.03945733223926425,0.8403401191974254,0.8403401191974254
77,1.60148277615714,0.2100637559407305,0.38763706979525236,0.03249044208620869,0.2743390755596027,0.47092993519009774,0.336413487033957,112.85501389268535,9.459129631114237,61.15707176189979,1.3129198968414102,0.5062462817729855,0.04243186934621989,0.8437649188383248,0.8437649188383248
78,1.6183669197684811,0.20431671577847077,0.3763596141819131,0.03227381737502846,0.2832656789771755,0.48141756657876095,0.33065941397161597,82.09614406738467,7.039958223424413,44.568051145404546,1.3130524421143581,0.5217867820781655,0.04474457587618544,0.8470891267905865,0.8470891267905865
79,1.6352510633798223,0.1987505167815186,0.3658070782573848,0.03169395530565236,0.2893421868347422,0.491796348144754,0.32500699391426746,60.475123132702535,5.239635763207115,32.85737944795483,1.3131685625388314,0.5325441246473356,0.04614024902214881,0.8503161187928114,0.8503161187928114
80,1.6521352069911637,0.19336115429032735,0.3559466743279493,0.03077563425270541,0.29172195707265525,0.502068516175358,0.31945877066750034,45.10646279281666,3.89996620692121,24.503214499868932,1.3132670441486665,0.5370130356821455,0.0464308784631649,0.8534491960358683,0.8534491960358683
81,1.6690193506025048,0.18814457610851815,0.34674261706038956,0.029546535156646708,0.29001525450760157,0.5122362387422079,0.3140169382360225,34.06258880802582,2.902531815313182,18.482560311669502,1.3133467373335936,0.5344860341729929,0.04554447484221012,0.8564915840998475,0.8564915840998475
82,1.685903494213846,0.18309669679228363,0.33815660944624126,0.02803678413832597,0.2843642850893381,0.5223016184478544,0.3086833609011241,26.03410486632039,2.1585045448819042,14.096304705601147,1.313406556212523,0.5251851299234768,0.043543440255199385,0.8594464321718445,0.8594464321718445
83,1.7027876378251874,0.1782134105856425,0.330148428923214,0.026278392248070992,0.27537573632400336,0.532266695035469,0.30345959243989645,20.145231543278573,1.6034736198778379,10.874352581578208,1.313445478001058,0.5101460457559268,0.040605426892079945,0.8623168125182579,0.8623168125182579
84,1.7196717814365283,0.17349060308885667,0.3226765824128603,0.02430462376485304,0.2639511945745622,0.5421334478697988,0.2983468944763118,15.783119162998844,1.1888150364804422,8.485967099739643,1.3134625423736195,0.4909249715703027,0.036977417578821614,0.865105720186996,0.865105720186996
85,1.7365559250478697,0.1689241617451762,0.3156989932521076,0.022149330238244752,0.2510632759338899,0.5519037982969175,0.2933462539623304,12.520387271120793,0.8784259636751907,6.699406617397991,1.3134568508205346,0.46920714382155865,0.03291940804622101,0.8678160729166227,0.8678160729166227
86,1.7534400686592109,0.16450998522857993,0.30917368182293936,0.01984628863422047,0.23770065002136337,0.5615796118898079,0.28845839979432697,10.056963667551091,0.6455704850207549,5.3512670762859225,1.313427566000452,0.446725376801283,0.028675923241443742,0.8704507112310911,0.8704507112310911
87,1.770324212270552,0.16024399181223475,0.3030594049400105,0.017428578684459045,0.2246422377550613,0.571162700586343,0.28368381857608327,8.18018500205023,0.4704325146744253,4.325308758362327,1.3133739110885563,0.42485176591340557,0.02443270959671709,0.8730123987002556,0.8730123987002556
88,1.7872083558818934,0.1561221267943926,0.29731622577393035,0.01492802781485486,0.2124620685522617,0.5806548247257938,0.2790227695449909,6.737963302446657,0.33830815433152994,3.5381357283890935,1.3132951691209502,0.40460901756271306,0.020315119541810377,0.8755038223478429,0.8755038223478429
89,1.8040924994932346,0.1521403690551068,0.29190599483268087,0.01237474327753274,0.20154051886454363,0.5900576949895868,0.2744752986824508,5.6205703609315245,0.23827230862355042,2.929421334777537,1.3131906823356725,0.3866882013211112,0.016392836407976077,0.8779275931899992,0.8779275931899992
90,1.820976643104576,0.14829473681376995,0.2867927317771888,0.00979674185035112,0.19209096868121517,0.5993729742516665,0.2700412520332154,4.748158742924424,0.16219548236339962,2.455177112643912,1.3130598515108052,0.37149190080154404,0.012690036560886265,0.8802862468888875,0.8802862468888875
91,1.8378607867159171,0.14458129265400324,0.28194290632962904,0.007219678978377442,0.18419342819775653,0.6086022793434649,0.26572028826149063,4.062135767134667,0.1040186347905829,2.0830772009626255,1.3129021353001775,0.35918914210548386,0.009197714290029187,0.8825822445070969,0.8825822445070969
92,1.8547449303272583,0.14099614787897008,0.27732562339054057,0.004666672367399594,0.17782609314388684,0.617747182738168,0.26151189047419215,3.519147726330105,0.0592181467059561,1.7891829365180307,1.3127170495670581,0.3497665211291089,0.005885665158664793,0.8848179733498727,0.8848179733498727
93,1.8716290739385997,0.13753546625659924,0.27291272232440134,0.002158210188797166,0.17289058918011205,0.6268092141586636,0.25741537734355235,3.0868470598600366,0.02441097182684484,1.5556290158434407,1.3125041667164707,0.3430681746436445,0.002713003716579607,0.8869957478833053,0.8869957478833053
94,1.8885132175499408,0.13419546721086564,0.268678803207666,-0.0002878687859347584,0.16923021322625662,0.635789862113285,0.2534299135630095,2.7408868444972536,-0.0029366505987453127,1.3689750969492542,1.3122631150265263,0.33882344986185364,-0.0003630234093404483,0.889117810717746,0.889117810717746
95,1.905397361161282,0.13097242851178845,0.26460119393051595,-0.002656336906939033,0.1666532535256343,0.6446905753632063,0.24955451967124637,2.462766189500061,-0.024723761163558965,1.219021214168251,1.3119935779793261,0.33668650994983107,-0.0033800028985624627,0.8911863336466915,0.8911863336466915
96,1.9222815047726232,0.12786268851350674,0.260659871808686,-0.004934494781672544,0.16491059663101776,0.6535127643251079,0.24578808128001695,2.2382695070624155,-0.04237218842293695,1.0979486593197394,1.3116952935919954,0.3361854461021617,-0.006364252840126247,0.8932034187324038,0.8932034187324038
97,1.9391656483839643,0.12486264798659524,0.25683735222551823,-0.0071120562523277475,0.16373678124968954,0.6622578024125071,0.24212935774186467,2.0563231237296664,-0.0569414285040844,0.999690847612791,1.3113680537483359,0.3367998519670499,-0.009326289467670843,0.8951710994303592,0.8951710994303592
98,1.9560497919953057,0.12196877158762497,0.25311855517194654,-0.009181011996696617,0.1628753091636115,0.6709270273189463,0.23857699029389676,1.9081479508122736,-0.0692115566793548,0.9194681970664594,1.3110117035316236,0.33801080712745607,-0.01226018880023309,0.8970913417455073,0.8970913417455073
99,1.9729339356066469,0.11917758900597666,0.2494906586881497,-0.01113548067619638,0.16209602717385535,0.6795217422460355,0.235129509713673,1.7866259723547626,-0.07974221999074783,0.8534418761820074,1.3106261405591686,0.3393376634621235,-0.015145609114412855,0.8989660454140772,0.8989660454140772
100,1.989818079217988,0.1164856958250481,0.24594294635130443,-0.012971554701208213,0.16122331326670683,0.6880432170791707,0.231785343522968,1.6858271123516744,-0.08891411170383276,0.7984565003239208,1.310211314319066,0.3404000500189041,-0.01795342348549045,0.9007970451053856,0.9007970451053856
101,2.0067022228293294,0.11388975413220592,0.24246665423510705,-0.014687145970695203,0.1601601023693941,0.6964926895135782,0.22854282277458343,1.6006652767361633,-0.09695850608328042,0.7518533853264415,1.3097672255097974,0.34097434364798435,-0.020654138909196155,0.9025861116387727,0.9025861116387727
102,2.0235863664406706,0.11138649290922145,0.23905482126059235,-0.01628183544214945,0.15889990617937846,0.7048713661331849,0.22540018845674095,1.5266695058931945,-0.10398025665587457,0.71134462461866,1.3092939253831513,0.34102688466001113,-0.023227072301254214,0.9043349532114091,0.9043349532114091
103,2.0404705100520117,0.10897270823242108,0.23570214558987815,-0.01775672912503598,0.15752214404609852,0.7131804234446646,0.2223555975487573,1.459867275127331,-0.10997977001043296,0.674943752558449,1.308791515091034,0.34071198130080993,-0.025667693208612907,0.906045216633268,0.906045216633268
104,2.0573546536633533,0.10664526330939716,0.23240484868049346,-0.019114322061699135,0.15617211716779575,0.7214210088688782,0.21940712876074192,1.396778820235334,-0.11487918763537931,0.6409498162999773,1.3082601450367235,0.3403353897978109,-0.02799115546221942,0.9077184885660959,0.9077184885660959
105,2.0742387972746945,0.10440108837688677,0.22916054779606143,-0.02035837104228788,0.1550350617020438,0.7295942416917947,0.2165527879890427,1.3345101817872111,-0.11855641689560517,0.607976882445803,1.3077000142310917,0.34030219626620317,-0.03023207286211553,0.9093562967636707,0.9093562967636707
106,2.0911229408860357,0.10223718048227352,0.22596813712947417,-0.021493776164927106,0.1543092665359532,0.7377012139768679,0.21379051351798822,1.270908415925982,-0.12088704790438391,0.575010684010799,1.3071113696543533,0.3410596549754288,-0.032441121903522385,0.9109601113110788,0.9109601113110788
107,2.108007084497377,0.10015060316919236,0.22282767720536967,-0.022526470866984935,0.1541701823009513,0.7457429914407251,0.21111818099734295,1.204714036581409,-0.12178898056316029,0.5414625280091245,1.3064945056238593,0.3430172413281773,-0.03467687672627466,0.9125313458611376,0.9125313458611376
108,2.124891228108718,0.09813848608578879,0.21974029186049546,-0.023463319688917877,0.15477096112002636,0.7537206142939246,0.20853360822356207,1.1356317609160784,-0.12125992383854224,0.5071859185387682,1.3058497631684562,0.3465451478262493,-0.03700322558619659,0.914071358866436,0.914071358866436
109,2.1417753717200596,0.09619802453241989,0.2167080718274591,-0.024312022762619317,0.15623998741321118,0.7616350980484436,0.20603455975165902,1.064259231695543,-0.11939700468061318,0.4724311135074649,1.305177529409965,0.3519663379704098,-0.03948636314398746,0.9155814548057962,0.9155814548057962
110,2.1586595153314008,0.09432647896389923,0.21373398374980768,-0.02508102582200923,0.15868726559307098,0.7694874342934596,0.2036187513631283,0.991865395285421,-0.1163923544335912,0.4377365204259149,1.3044782369522692,0.3595688275245762,-0.042194296338434266,0.9170628854042594,0.9170628854042594
111,2.175543658942742,0.0925211744598071,0.21082178331987478,-0.02577943440026058,0.16221485138317193,0.7772785914409116,0.2012838544139685,0.9200712637919195,-0.11250695452329279,0.4037821546343134,1.3037523632785688,0.3696280818876244,-0.045198379121280545,0.9185168508459183,0.9185168508459183
112,2.192427802554083,0.09077950017493726,0.20797593114627172,-0.02641693079639719,0.16692854012782277,0.7850095154422407,0.1990275000854957,0.8505213378001064,-0.10803251702103192,0.37124441038953726,1.3030004301572053,0.3824334624124374,-0.04857638215679186,0.9199445009791994,0.9199445009791994
113,2.2093119461654243,0.0890989087805152,0.20520150992253877,-0.027003692361508375,0.1729483563158471,0.7926811304776367,0.19684728355909564,0.7846263185367552,-0.10325366383759829,0.3406863273495785,1.3022230030566515,0.3983131144967975,-0.05241640186510334,0.9213469365143638,0.9213469365143638
114,2.226196089776766,0.08747691590555079,0.20250414148286364,-0.027550309671762058,0.18041563145660144,0.8002943396190474,0.19474076813466815,0.7234182407767996,-0.09841969852892474,0.31249927112393744,1.3014206905701227,0.41765204202734707,-0.05682077911414417,0.9227252102131895,0.9227252102131895
115,2.243080233388107,0.08591109958646599,0.19988990240073412,-0.028067703227802138,0.18949545020485253,0.80785002546814,0.19270548931103904,0.6675149215332973,-0.09372965063620645,0.28689263544854543,1.30059414385029,0.4409002705023961,-0.061909370092691034,0.9240803280709435,0.9240803280709435
116,2.2599643769994477,0.08439909973202564,0.19736523691954921,-0.02856703745549795,0.2003684654205753,0.8153490507703418,0.1907389588452016,0.617162625765586,-0.0893293475667428,0.2639166390994216,1.2997440560544784,0.46855677103783744,-0.06781984019668691,0.9254132504908925,0.9254132504908925
117,2.276848520610789,0.08293861760945359,0.19493686621043804,-0.029059630991530874,0.21320677035180916,0.822792259006028,0.18883866880558833,0.5723188873644668,-0.08531672843422565,0.24350107946512053,1.298871161800952,0.5011158958898884,-0.07470235518627011,0.9267248934517096,0.9267248934517096
118,2.2937326642221305,0.08152741535667392,0.19261169323988692,-0.029556862526539066,0.22817044335190328,0.8301804749598691,0.1870020956332079,0.5327445354454236,-0.08175130352192184,0.22549661596175083,1.2979762366366736,0.5390615567663539,-0.0827206700625473,0.9280161296682284,0.9280161296682284
119,2.3106168078334717,0.08016331552474588,0.19039670290412758,-0.030070071854635796,0.2453711727915477,0.8375145052692999,0.18522670422313572,0.49808973346178387,-0.07866519664888344,0.20971226840645021,1.2970600965168682,0.5827835585568834,-0.09204121297378791,0.9292877897460505,0.9292877897460505
120,2.327500951444813,0.07884420065349426,0.18829885754764109,-0.030610456240652575,0.2648438964433078,0.8447951389530243,0.18350995203691362,0.46795452586546443,-0.07607216381010683,0.1959411810276788,1.2961235972970482,0.6325107327539436,-0.10282293986732816,0.9305406633306244,0.9305406633306244
121,2.344385095056154,0.07756801288279432,0.18632498851986884,-0.031188962754280222,0.2865281797419191,0.8520231479204158,0.18184929325554672,0.4419328336801676,-0.07397519140635536,0.18397882113690614,1.2951676342376615,0.6882651471515788,-0.11520878766774068,0.9317755002513775,0.9317755002513775
122,2.361269238667495,0.076332753600967,0.18448168501579693,-0.03181617781386291,0.31027301605780444,0.8591992874626434,0.18024218298074884,0.41964685494286275,-0.07237335757610398,0.1736367486833794,1.2941931415219736,0.7498706140813458,-0.12932458196573682,0.9329930116615893,0.9329930116615893
123,2.3781533822788368,0.07513648313120465,0.18277518205812948,-0.03250221579572017,0.3358780942042706,0.8663242967262982,0.1786860814910111,0.4007644152328979,-0.07126641243340452,0.1647490013997467,1.2932010917874477,0.8170488856967463,-0.14529269728820493,0.9341938711746527,0.9341938711746527
124,2.395037525890178,0.07397732045620878,0.18121125006381905,-0.033256609151401495,0.3631763674240523,0.8733988991702669,0.17717845855742312,0.38500737283049014,-0.07065808394413808,0.15717464444317603,1.292192495671109,0.8896191850245087,-0.16326645017640407,0.9353787159974077,0.9353787159974077
125,2.411921669501519,0.0728534429806664,0.1797950889388671,-0.0340882029775343,0.3921479354193935,0.8804238030065589,0.17571679782286262,0.372154135601247,-0.0705584662416312,0.15079783467980792,1.2911684013692,0.9677823043261481,-0.1834864334873611,0.9365481480612003,0.9365481480612003
126,2.4288058131128603,0.07176308633066787,0.1785312300007531,-0.03500505733941735,0.42297237413703315,0.8873997016257547,0.17429860124684618,0.3620386331937358,-0.07098580519485329,0.14552641399944125,1.2901298942114616,1.0522649188062099,-0.20632017053214352,0.9377027351513116,0.9377027351513116
127,2.4456899567242014,0.07070454418849771,0.17742344917969005,-0.036014360802694614,0.45634703316986736,0.8943272740077192,0.17292139361657136,0.35454743173349285,-0.07196793426773497,0.14128974873287894,1.2890780962505508,1.145140889842382,-0.23244682350264725,0.9388430120353879,0.9388430120353879
128,2.4625741003355426,0.06967616816100754,0.17647469485400286,-0.03712235853198777,0.49335134894764837,0.9012071851181859,0.1715827271239211,0.349616122679255,-0.07354354722301615,0.13803628772811943,1.2880141658668214,1.249552480557765,-0.26284978266246806,0.9399694815914299,0.9399694815914299
129,2.479458243946884,0.06867636767923163,0.17568703330872942,-0.03833429795026616,0.5355386535388263,0.9080400862917918,0.17028018600659822,0.34722565390389387,-0.07576342671423829,0.13573111359482778,1.2869392973887572,1.3700083513712202,-0.29893104429356765,0.9410826159358893,0.9410826159358893
130,2.4963423875582254,0.06770360992645638,0.1750616141778022,-0.03965439432488943,0.5850013490527555,0.9148266156021136,0.16901139125012088,0.34739887544861153,-0.07869167698334392,0.13435359923263382,1.2858547207296023,1.512641358010487,-0.34263865990497605,0.9421828575523525,0.9421828575523525
131,2.5132265311695665,0.066756419791854,0.1745986573798579,-0.041085817796149934,0.6444717789485499,0.9215673982192342,0.1677740053467806,0.3501972205455536,-0.08240692919390452,0.1338951456758245,1.2847617010402206,1.685589306234128,-0.39664574833702837,0.9432706204212448,0.9432706204212448
132,2.5301106747809077,0.06583337984622833,0.1742974620539564,-0.04263070236149975,0.7175054121184735,0.9282630467553362,0.16656573710584857,0.3557171130976662,-0.08700339175715686,0.13435686067025468,1.2836615383788224,1.8996346934387691,-0.4646238692018221,0.9443462911508997,0.9443462911508997
133,2.546994818392249,0.06493313033635842,0.17415643693723376,-0.04429017626451692,0.8087861782466811,0.9349141615988034,0.16538434650869344,0.36408536834210503,-0.09259149660379776,0.13574693586915362,1.2825555673976547,2.169236541005854,-0.5516641845124918,0.9454102301103293,0.9454102301103293
134,2.5638789620035904,0.06405436919425855,0.17417315060054472,-0.04606441221202763,0.9246057815739924,0.941521331237284,0.16422764960157038,0.3754525246290816,-0.09929773791728365,0.13807739335589897,1.2814451570469796,2.5141376625196106,-0.6649260993716258,0.9464627725638692,0.9464627725638692
135,2.5807631056149316,0.06319585205728591,0.17434439906355395,-0.04795269494898213,1.073596202234463,0.9480851325701516,0.16309352341734296,0.3899827213646553,-0.1072631101051673,0.141359805629744,1.2803317102967262,2.9618318073440952,-0.8146394028751692,0.9475042298079068,0.9475042298079068
136,2.5976472492262728,0.0623563922951288,0.17466628762497302,-0.049953503034715414,1.2675283123825163,0.9546061312107786,0.16197991091711567,0.40783847043471566,-0.11663933863572551,0.14559956589949505,1.2792166638761304,3.550469432797771,-1.0154128080327383,0.9485348903097324,0.9485348903097324
137,2.614531392837614,0.061534861039566076,0.17513432331128634,-0.052064601232154194,1.5232891700813846,0.9610848817790164,0.16088482594184572,0.4291585703301612,-0.12758190060715133,0.15078833486150492,1.2781014880315087,4.335432200587537,-1.2888538604247681,0.9495550208485325,0.9495550208485325
138,2.631415536448955,0.06073018721280112,0.17574351418368972,-0.05428313975808748,1.8655427752871623,0.9675219281842629,0.15980635816321853,0.4540276889175836,-0.14023873715074486,0.1568944758834194,1.2769876863026515,5.398584431168217,-1.667498880593893,0.9505648676584508,0.9505648676584508
139,2.6482996800602967,0.059941357550265424,0.17648847183253663,-0.056605756732005776,2.330442564934531,0.973917803899477,0.15874267802274777,0.4824370926295825,-0.15473371388131524,0.16385168937413364,1.2758767953179686,6.861643843049249,-2.2007587131801873,0.9515646575735623,0.9515646575735623
140,2.665183823671638,0.05916741661374689,0.17736351368994313,-0.05902868046244937,2.9721320352027707,0.9802730322264862,0.15769204164739872,0.5142379663133377,-0.17114449281961305,0.17154673674686233,1.2747703846088607,8.909427030679725,-2.9651629602741845,0.952554599174535,0.952554599174535
141,2.6820679672829786,0.058407466790973264,0.17836276225065884,-0.06154782866871229,3.873122310986915,0.9865881265529167,0.15665279573021373,0.549091958203292,-0.18947574785464572,0.17980810517432316,1.2736700564433179,11.82761095245867,-4.081366330484839,0.953534883936688,0.953534883936688
142,2.6989521108943197,0.057660668277610766,0.17948023884374403,-0.0641589022885225,5.161438674400733,0.9928635906010621,0.1556233823634347,0.586427761508962,-0.20963066292042612,0.18839854929426794,1.2725774456794463,16.06599912437169,-5.743121775570225,0.9545056873790634,0.9545056873790634
143,2.715836254505661,0.0569262390381933,0.18070995019071956,-0.06685747211433297,7.039475782895792,0.99909991866899,0.15460234381258084,0.6254166364228325,-0.23138612613942722,0.19701525514170265,1.2714942196388515,22.346519629417077,-8.267568063625493,0.9554671702141003,0.9554671702141003
144,2.7327203981170025,0.05620345474242223,0.18204596656234712,-0.06963905707750268,9.833491274265937,1.0052975958641794,0.153588327219263,0.6649816970242411,-0.2543791506564685,0.20530127318388636,1.2704220780003979,31.85119903945958,-12.184216490927708,0.9564194794973847,0.9564194794973847
145,2.7496045417283437,0.055491648673704846,0.18348249087550647,-0.07249919352809678,14.080200638271734,1.0114570983299611,0.15258008922121247,0.7038529310996107,-0.2781124761475581,0.2128702274760263,1.2693627527145999,46.556019633296486,-18.39561835675302,0.9573627497769528,0.9573627497769528
146,2.766488685339685,0.054790211607055536,0.18501391852483606,-0.07543349531072498,20.655659055436654,1.0175788934650267,0.15157650047828622,0.7406706517994004,-0.30198471868915944,0.21934296655512048,1.2683180079389331,69.74940065877077,-28.43808254789746,0.9582971042415238,0.9582971042415238
147,2.783372828951026,0.05409859165386461,0.1866348881116898,-0.07843770480396059,31.026844657357344,1.0236634401362614,0.15057655009388352,0.7741257202831379,-0.3253445555816148,0.22439058235076154,1.267289639994392,107.03960129193128,-44.98591197721659,0.9592226558670265,0.9592226558670265
148,2.800256972562367,0.05341629407135317,0.18834032351145352,-0.08150773536874717,47.82689339675018,1.0297111888851378,0.14957934992174854,0.8031105898384882,-0.347560863271073,0.2277748632837076,1.2662794773437096,168.63267531924348,-72.9788885257431,0.9601395085607304,0.9601395085607304
149,2.8171411161737083,0.05274288103506015,0.19012546791722928,-0.084639705847109,75.70091995319177,1.035722582127908,0.14858413874932647,0.8268480926696394,-0.3680947119313277,0.2293766903691559,1.265289380591489,272.88370573268384,-121.48186582630032,0.9610477583022816,0.9610477583022816
150,2.83402525978505,0.05207797137311301,0.1919859106208964,-0.08782996787467037,123.10672424707265,1.041698054349815,0.147590286349765,0.8449695684155786,-0.38655779379331534,0.22920588731113153,1.2643212425065986,453.8340479662397,-207.6205994720944,0.9619474942809071,0.9619474942809071
151,2.850909403396391,0.051421240261508364,0.19391760735517166,-0.09107512683215495,205.81276351358963,1.0476380322935341,0.1465972973958393,0.857528981260839,-0.40274610333622524,0.22739143896230685,1.2633769880672987,776.1523926832713,-364.526865656092,0.962838800028053,0.962838800028053
152,2.8677935470077323,0.05077241888022352,0.1959168950362673,-0.09437205727582026,353.94426531267237,1.0535429351420518,0.14560481523067856,0.8649580750124862,-0.41664539947486906,0.22415633776880856,1.2624585745293775,1365.7742334384186,-657.885702813074,0.9637217545447258,0.9637217545447258
153,2.8846776906190734,0.0501312940304666,0.19798050172619738,-0.0977179136652642,626.5258494923648,1.0594131746961766,0.14461262549155213,0.8679813405634024,-0.4284125202265387,0.2197844101684318,1.2615679915177138,2474.3008219884946,-1221.249123003765,0.9645964334228162,0.9645964334228162
154,2.9015618342304146,0.04949770771396294,0.20010555258951748,-0.10111013716159159,1142.2625848305868,1.06524915554687,0.14362065958472725,0.8675143475425625,-0.43834113313991097,0.21458660720132575,1.2607072611418177,4617.85194297748,-2333.326773316306,0.9654629099596912,0.9654629099596912
155,2.918445977841756,0.048871556675898396,0.20228957256072738,-0.10454645920893058,2146.4197729016037,1.0710512752425785,0.1426289980116411,0.8645603355945044,-0.44681849249424893,0.20887092155012774,1.2598784381355042,8884.479397200972,-4591.639851397765,0.9663212562654291,0.9663212562654291
156,2.9353301214530974,0.04825279191349861,0.20453048636791626,-0.10802490254091902,4153.996503505359,1.0768199244517367,0.14163787354790092,0.8601455513280659,-0.45429481444676634,0.2029253684406498,1.2590836100214735,17607.66354733757,-9299.670540326852,0.9671715443620332,0.9671715443620332
157,2.9522142650644385,0.047641418153212586,0.20682661649123835,-0.11154378018481319,8217.873595679,1.0825554871206151,0.1406476742798141,0.8552531976953035,-0.4612470885251116,0.19700305458509598,1.2583248973010086,35676.41469195772,-19240.66750059972,0.9680138472741306,0.9680138472741306
158,2.9690984086757797,0.047037493299742564,0.2091766795610197,-0.11510169296153457,16749.533783851104,1.088258340626661,0.1396589465043633,0.8507660800896268,-0.4681430852524771,0.1913114974185748,1.257604453669508,74485.51390216773,-40986.44633446552,0.9688482401106178,0.9688482401106178
159,2.985982552287121,0.04644112786119719,0.21157978163870358,-0.1186975259163092,35187.54327696605,1.0939288559274962,0.1386723975020701,0.8474581473614246,-0.47542910116615444,0.18601452309763508,1.256924466258093,160309.90343719418,-89934.81688326206,0.9696748011369286,0.9696748011369286
160,3.0028666958984624,0.04585248435485786,0.2140354127581149,-0.12233044404839918,76229.24863776228,1.0995673977057119,0.13768889819340796,0.8459866562014001,-0.4835177598816016,0.18123444815989923,1.2562871559023194,355831.5089353679,-203373.0116598433,0.9704936128375524,0.9704936128375524
161,3.0197508395098036,0.04527177669928277,0.21654344105686785,-0.12599988765830228,170380.33466775226,1.1051743245096046,0.1367094856937595,0.8468927447654019,-0.49278052559924246,0.1770561095830797,1.2556947774378828,814961.2550540864,-474200.58571858174,0.9713047629687285,0.9713047629687285
162,3.0366349831211448,0.04469926959839767,0.21910410677142086,-0.1297055675746255,393117.32922972296,1.1107499888899885,0.13573536578245782,0.8506063697580992,-0.5035431950491257,0.17353158735448676,1.2551496200246821,1926958.1371489044,-1140723.4786894582,0.9721083456011553,0.9721083456011553
163,3.053519126732486,0.044135277924606725,0.2217180163364924,-0.13344746048727896,936911.0814870531,1.1162947375332164,0.1347679153064407,0.8574523976700569,-0.5160827561443612,0.17068482076284777,1.2546540074991814,4706667.233994499,-2832845.0710203927,0.9729044621529068,0.9729044621529068
164,3.070403270343827,0.04358016610793229,0.22438613678660146,-0.1372258045707369,2308105.5550753498,1.121808911390529,0.13380868453992253,0.8676555648945089,-0.5306242831577453,0.1685156408683818,1.2542102987563286,11884004.469289638,-7267793.3591389395,0.9736932224127216,0.9736932224127216
165,3.0872874139551683,0.04303434753923988,0.2271097906328631,-0.14104109555438335,5882402.197520295,1.1272928458038627,0.13285939952566786,0.8813429896105189,-0.5473369530545281,0.16700301827799546,1.2538208881612316,31043833.772057813,-19279029.377017222,0.9744747455541298,0.9744747455541298
166,3.10417155756651,0.04249828399585017,0.22989065135947212,-0.14489408336777176,15524894.591668595,1.1327468706282227,0.1319219644253021,0.8985439370138184,-0.5663288148055513,0.16610756110413347,1.2534882059917731,83980523.31511419,-52930734.13177699,0.9752491611409577,0.9752491611409577
167,3.1210557011778506,0.04197248509865054,0.23273073966724445,-0.14878576946994337,41578513.61123251,1.138171310350738,0.13099846390974565,0.9191876196561094,-0.5876406248410525,0.1657734974075284,1.2532147189125515,230546230.56660149,-147389203.34413648,0.9760166101250287,0.9760166101250287
168,3.1379398447891917,0.041457507810057026,0.23563242057188372,-0.15271740495176966,114729976.42024218,1.1435664842065065,0.13009116562283704,0.9431009267859177,-0.6112398531441308,0.16593053682089345,1.253002930481213,652091828.0934075,-422631875.2529232,0.9767772458370183,0.9767772458370183
169,3.154823988400533,0.04095395598275596,0.23859840145261507,-0.15669048948710312,326976266.44124025,1.1489327062913286,0.12920252275429803,0.9700090033160241,-0.6370167805448181,0.16649611138560308,1.2528553816879084,1904968948.999057,-1251016416.1165764,0.9775312349716313,0.9775312349716313
170,3.1717081320118745,0.04046247996959579,0.24163173113749917,-0.1607067711983076,962941554.6807353,1.1542702856714349,0.12833517676093453,0.9995422997734825,-0.6647852701983078,0.1673785147875874,1.2527746515288924,5750444239.12174,-3824561129.760269,0.9782787585685355,0.9782787585685355
171,3.1885922756232157,0.03998377630521269,0.24473580010155999,-0.1647682474911346,2932086643.6298795,1.1595795264902997,0.12749196027704773,1.0312537368387948,-0.6942910308467326,0.16848135299603118,1.252763357614996,17946943410.702915,-12082770123.443155,0.979020012990683,0.979020012990683
172,3.205476419234557,0.03951858747045035,0.24791434185065658,-0.16887716690975585,9237069836.9008,1.1648607280726346,0.12667590025798683,1.0646486060741855,-0.7252296862137063,0.1697094599302397,1.2528241568160428,57947468161.81477,-39473328488.01316,0.9797552109018962,0.9797552109018962
173,3.222360562845898,0.039067701750590794,0.25117143555631327,-0.17303603205513168,30131904470.41605,1.1701141850256498,0.12589022140212944,1.099227582316153,-0.7572755188035627,0.17097603175629514,1.2529597459424429,193722009812.50818,-133458200871.67607,0.9804845822458098,0.9804845822458098
174,3.239244706457239,0.038631953198904105,0.25451151000838396,-0.17724760361057573,101866691267.25601,1.1753401873376697,0.12513834989965392,1.1345400000035413,-0.7901194574435787,0.17221027127998126,1.2531728624646008,671108842995.8713,-467375460461.3593,0.9812083752285529,0.9812083752285529
175,3.2561288500685803,0.03821222171687295,0.2579393489483365,-0.18151490551459057,357241786461.6022,1.1805390204741846,0.12442391755752714,1.1702411508445585,-0.8235122434436374,0.1733644537004606,1.2534662852716592,2411446120557.7617,-1696962547634.557,0.9819268573078246,0.9819268573078246
176,3.273012993679922,0.037809433262511905,0.2614600978456654,-0.18584123132064154,1301781870757.0054,1.1857109654714204,0.1237507663518753,1.2061450034823673,-0.8573066194242561,0.17441919202905554,1.2538428354705553,9002092492068.938,-6398528750554.926,0.982640316191157,0.982640316191157
177,3.289897137291263,0.03742456019833394,0.2650792721845166,-0.19023015178784874,4803926742963.948,1.1908562990274978,0.12312295346088338,1.242263551324598,-0.8914917487946596,0.1753859012649692,1.2543053772266117,34026355898480.5,-24418502412552.61,0.983349060846617,0.983349060846617
178,3.3067812809026043,0.03705862178996562,0.2688027673226405,-0.19468552374270925,18140665773173.934,1.1959752935912613,0.12254475683110767,1.2788263826561566,-0.9262143636511521,0.17630600950250222,1.2548568186469358,131582366676804.17,-95301035130456.3,0.9840534225292037,0.9840534225292037
179,3.3236654245139454,0.036712684866705245,0.2726368699957489,-0.19921150026233841,66825892008086.65,1.201068217448844,0.12202068133254458,1.3162784064160369,-0.9617840613749244,0.17724717252055608,1.2555001127080765,496264495443690.06,-362612711427516.8,0.9847537558267617,0.9847537558267617
180,3.3405495681252866,0.03638786465453901,0.27658827153624804,-0.20381254222717,230885226618345.44,1.2061353348080412,0.12155546555672168,1.3552584954225013,-0.9986637459095218,0.1782973747564897,1.256238258229145,1754984700528647.0,-1293214247291956.0,0.9854504397291652,0.9854504397291652
181,3.357433711736628,0.03608532579210824,0.280664082885799,-0.20849343130158252,325027719581763.25,1.2111769058805553,0.12115408931342346,1.3965655358190714,-1.037449243973726,0.17955814592267272,1.2570743008918857,2527997318201533.0,-1877941879038006.2,0.9861438787250949,0.9861438787250949
182,3.3743178553479694,0.035806283539098024,0.284871851477781,-0.21325928439958491,374191154620585.94,1.216193186962178,0.12082178187963054,1.441120017575763,-1.0788437751495266,0.1811381212131182,1.2580113343092878,2977034098134725.5,-2228651788893553.0,0.9868345039306236,0.9868345039306236
183,3.3912019989593105,0.03555200518671603,0.28921958008385595,-0.2181155697104239,256179195697869.2,1.2211844305109734,0.12056403105620317,1.489928826452014,-1.123633035893839,0.18314789527908756,1.259052501144271,2084046708950248.0,-1571688317554509.5,0.9875227742545334,0.9875227742545334
184,3.4080861425706517,0.035323811678201936,0.29371574770951503,-0.22306812435311119,567433037004750.1,1.2261508852235175,0.12038659308325537,1.5440590016620566,-1.1726655723340174,0.18569671466401957,1.2602009942798398,4718177649038318.0,-3583311575028818.0,0.9882091776049665,0.9882091776049665
185,3.424970286181993,0.03512307944750245,0.29836933264569776,-0.22812317375069283,8176060308872701.0,1.2310927961092544,0.12029550346690535,1.6046238498362702,-1.22684151904907,0.18889116539360004,1.2614600580425344,6.9455346638257064e+16,-5.3103226020511656e+16,0.9888942321427832,0.9888942321427832
186,3.441854429793334,0.0349512424823592,0.30318983777761455,-0.23328735281289614,1191154007275613.5,1.2360104045630245,0.12029708876468898,1.6727826970309647,-1.287111237243398,0.19283572989378328,1.2628329894813122,1.0332845546659134e+16,-7950537532107906.0,0.9895784875866847,0.9895784875866847
187,3.4587385734046756,0.03480979461787877,0.308187318273259,-0.2385677290375015,429633409230765.1,1.2409039484358184,0.12039797937715176,1.7497540566148295,-1.3544841948708306,0.1976349308719994,1.2643231397027035,3803744597890298.5,-2944477779428768.5,0.9902625265758792,0.9902625265758792
188,3.4756227170160168,0.03470029206443748,0.3133724117682636,-0.24397182763938863,4528404990399697.0,1.2457736621038071,0.12060512338624951,1.8368410673443765,-1.430047622106846,0.20339672261876504,1.2659339152650342,4.08952521399476e+16,-3.183844215914821e+16,0.990946966095646,0.990946966095646
189,3.492506860627358,0.03462435617385343,0.3187563711951361,-0.2495076588474293,326412534233452.3,1.2506197765357,0.12092580148198831,1.9354674870744308,-1.5149939110695556,0.2102367880024376,1.267668779633212,3004996667733962.5,-2352171599267058.0,0.9916324589720524,0.9916324589720524
190,3.509391004238699,0.0345836764444218,0.32435110038826387,-0.2551837474994203,266982886324048.34,1.2554425193584786,0.12136764300755566,2.0472220531911702,-1.6106552278423631,0.21828341267440357,1.2695312546960393,2503961460060659.5,-1969995687412563.0,0.9923196954413565,0.9923196954413565
191,3.5262751478500403,0.03458001376566053,0.33016919263630873,-0.26100916510498773,920337809045649.0,1.260242114921554,0.121938643154161,2.173908457705343,-1.7185432324249652,0.22768261264018896,1.2715249223483454,8787364673261775.0,-6946689055170478.0,0.9930094048004936,0.9930094048004936
192,3.5431592914613814,0.03461520390017776,0.33622397234244,-0.2669935645420845,2359955941060452.0,1.2650187843593885,0.12264718132474509,2.3176161526952583,-1.8404059458859476,0.23860510340465535,1.2736534261395558,2.292269499104154e+16,-1.820278310892064e+16,0.99370235714454,0.99370235714454
193,3.5600434350727226,0.034691161199506465,0.34252953998804436,-0.2731472175890314,6685030002227985.0,1.2697727456526335,0.12350204068335255,2.480717993494184,-1.978227097054556,0.25124544821981426,1.2759204729918399,6.600586928470999e+16,-5.263580928025401e+16,0.9943993651976497,0.9943993651976497
194,3.5769275786840637,0.03480988254720563,0.34910082059079856,-0.2794810554963873,inf,1.2745042136878169,0.12451242889385288,2.6659454432897105,-2.1342867230316416,0.2658293601290346,1.278329834988742,inf,-inf,0.9951012862432858,0.9951012862432858
195,3.593811722295405,0.03497345152126827,0.3559536158809531,-0.2860067128384165,2820101238798251.5,1.2792134003156275,0.12568800004626396,2.8764267656644065,-2.3111926028116416,0.28261708142638253,1.2808853512381675,2.8702492588989692e+16,-2.3062290111393184e+16,0.9958090241602409,0.9958090241602409
196,3.610695865906746,0.035184042764836165,0.363104660431719,-0.2927365749020467,inf,1.2839005144078326,0.1270388777568801,3.1156838276980183,-2.5118780109117607,0.3019029083931291,1.2835909298106207,inf,-inf,0.996523531570411,0.996523531570411
197,3.6275800095180877,0.03544392655062767,0.37057168198757284,-0.2996838288863175,2512582425566434.5,1.2885657619128676,0.12857567941388431,3.3876126352166627,-2.7395852803977685,0.32401367740944703,1.286450549756045,2.626943417921287e+16,-2.1244269328080004e+16,0.997245812104048,0.997245812104048
198,3.644464153129429,0.035755473523379336,0.37837346628414253,-0.3068625192373839,5645626970428603.0,1.2932093459101361,0.13030954153412438,3.6964309844230727,-2.997821531215348,0.34930472660386247,1.2894682632022265,5.974345283811024e+16,-4.845219889725304e+16,0.9979769227888338,0.9979769227888338
199,3.66134829674077,0.0361211595984995,0.3865299266380714,-0.3142876074410724,inf,1.2978314666630537,0.13225214617226766,4.046590478106559,-3.290284016866781,0.3781532306198891,1.292648197535224,inf,-inf,0.9987179765675371,0.9987179765675371
